0 0 0
0 2 3
1 3 6
1 5 9
1 7 12
2 8 15
2 10 18
2 11 21
2 13 24
3 15 27
3 16 30
3 18 33
4 20 37
4 21 40
4 23 43
5 25 46
5 26 49
5 28 52
5 29 55
6 31 58
6 33 61
6 34 64
7 36 67
7 38 70
7 39 73
8 41 76
8 43 79
8 44 82
8 46 85
9 47 88
9 49 91
9 51 94
10 52 97
10 54 100
10 56 103
11 57 106
11 59 110
11 61 113
12 62 116
12 64 119
12 65 122
12 67 125
13 69 128
13 70 131
13 72 134
14 74 137
14 75 140
14 77 143
15 79 146
15 80 149
15 82 152
15 83 155
16 85 158
16 87 161
16 88 164
17 90 167
17 92 170
17 93 173
18 95 176
18 97 180
18 98 183
18 100 186
19 101 189
19 103 192
19 105 194
20 105 194
20 106 194
20 107 194
20 108 194
21 108 194
21 109 194
21 110 194
22 111 194
22 111 194
22 112 194
22 113 194
23 114 194
23 114 194
23 115 194
23 116 194
24 117 194
24 117 194
24 118 194
24 119 194
25 120 194
25 120 194
25 121 194
26 122 194
26 123 194
26 123 194
26 124 194
27 125 194
27 126 194
27 126 194
27 127 194
28 128 194
28 129 194
28 129 194
28 130 194
29 131 194
29 132 194
29 132 194
30 133 194
30 134 194
30 135 194
30 135 194
31 136 194
31 137 194
31 138 194
31 138 194
32 139 194
32 140 194
32 141 194
32 141 194
33 142 194
33 143 194
33 144 194
34 144 194
34 145 194
34 146 194
34 147 194
35 147 194
35 148 194
35 149 194
35 150 194
36 150 194
36 151 194
36 152 194
36 153 194
37 154 194
37 155 194
37 156 194
38 157 194
38 158 194
38 159 194
38 160 194
39 161 194
39 162 194
39 164 194
39 165 194
40 166 194
40 167 194
40 168 194
40 169 194
41 170 194
41 171 194
41 172 194
42 173 194
42 174 194
42 175 194
42 177 194
43 178 194
43 179 194
43 180 194
43 181 194
44 182 194
44 183 194
44 184 194
44 185 194
45 186 194
45 187 194
45 188 194
46 189 194
46 191 194
46 192 194
46 193 194
47 194 194
47 195 194
47 196 194
47 197 194
48 198 194
48 199 194
48 200 194
48 201 195
49 202 195
49 203 195
49 205 195
50 206 195
50 207 195
50 208 195
50 209 195
51 210 195
51 211 195
51 212 195
51 213 195
52 214 195
52 215 195
52 216 195
52 217 195
53 219 195
53 220 195
53 221 195
56 221 195
59 222 196
62 222 197
65 223 198
68 224 199
72 224 200
75 225 201
78 225 202
81 226 203
84 226 204
87 227 205
90 227 206
94 228 207
97 228 208
100 229 209
103 229 210
106 230 211
109 230 212
113 231 213
116 232 214
119 232 215
122 233 216
125 233 217
128 234 217
132 234 218
135 235 219
138 235 220
141 236 221
144 236 222
147 237 223
151 237 224
154 238 225
157 238 226
160 239 227
163 240 228
166 240 229
170 241 230
173 241 231
176 242 232
179 242 233
182 243 234
185 243 235
189 244 236
192 244 237
195 245 238
198 245 239
201 246 239
204 246 240
208 247 241
211 248 242
214 248 243
217 249 244
220 249 245
223 250 246
227 250 247
230 251 248
233 251 249
236 252 250
239 252 251
242 253 252
246 253 253
249 254 254
252 254 255
255 255 255