1 3.8184081204236E-03 1.1645253835013E-05 3.8067628629506E-03
2 4.125852137804E-03 4.680709389504E-05 4.0790447965264E-03
3 4.2656045407057E-03 1.0626165021677E-04 4.1593429632485E-03
4 4.4091576710343E-03 1.9172286556568E-04 4.2174346745014E-03
5 4.5834574848413E-03 3.0627523665316E-04 4.277182277292E-03
6 4.7935196198523E-03 4.4864334631711E-04 4.3448763899505E-03
7 5.0380560569465E-03 6.1505456687883E-04 4.423001781106E-03
8 5.3293081000447E-03 8.1621477147564E-04 4.5130932703614E-03
9 5.6790453381836E-03 1.0595512576401E-03 4.6194940805435E-03
10 6.0933972708881E-03 1.3537470949814E-03 4.7396500594914E-03
11 6.6013936884701E-03 1.7120790435001E-03 4.8893145285547E-03
12 7.1642468683422E-03 2.1564851049334E-03 5.0077619962394E-03
13 7.8870030120015E-03 2.7183510828763E-03 5.1686521619558E-03
14 8.7934257462621E-03 3.4453682601452E-03 5.3480579517782E-03
15 9.9846785888076E-03 4.4258367270231E-03 5.5588418617845E-03
16 0.011601912789047 5.8312276378274E-03 5.7706851512194E-03
17 0.013979341834784 7.9784328117967E-03 6.0009090229869E-03
18 0.017787447199225 0.011521411128342 6.2660351395607E-03
19 0.024472121149302 0.017918625846505 6.5534953027964E-03
20 0.037452597171068 0.030584270134568 6.8683256395161E-03
21 0.063759982585907 0.056546211242676 7.2137699462473E-03
22 0.1032972112298 0.095704272389412 7.5929365120828E-03
23 0.09395544975996 0.085944034159184 8.0114156007767E-03
24 0.064221300184727 0.055746600031853 8.4747020155191E-03
25 0.046439971774817 0.03746448084712 8.9754918590188E-03
26 0.037248209118843 0.027727296575904 9.5209116116166E-03
27 0.032499250024557 0.022373827174306 0.010125421918929
28 0.030090684071183 0.019290855154395 0.010799827985466
29 0.029126781970263 0.017466124147177 0.011660658754408
30 0.029003776609898 0.016389498487115 0.012614278122783
31 0.029088610783219 0.015786653384566 0.01330195646733
32 0.029810244217515 0.015500800684094 0.014309443533421
33 0.030895747244358 0.015437435358763 0.015458310954273
34 0.032215192914009 0.015536936931312 0.016678255051374
35 0.033900640904903 0.015760201960802 0.018140440806746
36 0.035475555807352 0.016081988811493 0.019393566995859
37 0.037465158849955 0.016481306403875 0.020983852446079
38 0.039764285087585 0.016947316005826 0.022816970944405
39 0.042686797678471 0.017468065023422 0.025218730792403
40 0.046358797699213 0.018037574365735 0.028321223333478
41 0.050354994833469 0.018650041893125 0.03170495480299
42 0.056507885456085 0.019301407039165 0.03720647841692
43 0.062265496701002 0.01998838596046 0.042277112603188
44 0.069463506340981 0.020707866176963 0.048755642026663
45 0.077802076935768 0.021458813920617 0.056343261152506
46 0.088132739067078 0.022239048033953 0.065893694758415
47 0.10119297355413 0.023047216236591 0.078145757317543
48 0.11824852228165 0.023882223293185 0.094366297125816
49 0.14142848551273 0.024743167683482 0.11668532341719
50 0.17523227632046 0.025629315525293 0.14960296452045
51 0.23303976655006 0.026540061458945 0.20649971067905
52 0.36077895760536 0.027474921196699 0.33330404758453
53 0.70141017436981 0.028433505445719 0.67297667264938
54 1.6382594108582 0.029415514320135 1.6088439226151
55 3.8504462242126 0.030420744791627 3.8200254440308
56 8.8904733657837 0.03144908323884 8.8590240478516
57 18.437204360962 0.03250053524971 18.404703140259
58 18.54746055603 0.033575419336557 18.513885498047
59 22.741250991821 0.03467383235693 22.706577301025
60 23.64672088623 0.035796653479338 23.61092376709
61 24.311977386475 0.036945294588804 24.275032043457
62 21.644260406494 0.038122657686472 21.60613822937
63 24.123657226562 0.039333373308182 24.084323883057
64 7.0169739723206 0.040588468313217 6.9763851165771
65 2.907283782959 0.041911412030458 2.8653721809387
66 1.2042212486267 0.043351795524359 1.1608694791794
67 0.56553870439529 0.044957909733057 0.52058082818985
68 0.335543602705 0.046441692858934 0.2891018986702
69 0.24236282706261 0.04744116216898 0.19492165744305
70 0.19505609571934 0.048491291701794 0.14656479656696
71 0.16618041694164 0.04968748614192 0.11649292707443
72 0.14640107750893 0.050976037979126 0.0954250395298
73 0.13222953677177 0.052321523427963 0.079908013343811
74 0.12181324511766 0.053707558661699 0.068105690181255
75 0.11406944692135 0.055125165730715 0.058944281190634
76 0.10831622034311 0.056570261716843 0.051745962351561
77 0.10381576418877 0.058041535317898 0.045774225145578
78 0.10012266039848 0.059537250548601 0.040585409849882
79 0.097766153514385 0.061056707054377 0.036709446460009
80 0.095537841320038 0.062599495053291 0.032938342541456
81 0.094196788966656 0.064165398478508 0.030031390488148
82 0.093271069228649 0.065754294395447 0.027516776695848
83 0.092742726206779 0.067366145551205 0.025376580655575
84 0.092534728348255 0.069000989198685 0.023533741012216
85 0.092602021992207 0.07065887004137 0.021943150088191
86 0.092660672962666 0.07233989238739 0.020320780575275
87 0.093198597431183 0.074044197797775 0.019154399633408
88 0.093916423618793 0.075771950185299 0.01814447529614
89 0.094801656901836 0.077523343265057 0.017278309911489
90 0.095841094851494 0.079298689961433 0.01654240489006
91 0.097030840814114 0.081098392605782 0.015932446345687
92 0.098359875380993 0.082923151552677 0.015436724759638
93 0.099899686872959 0.084774293005466 0.015125392004848
94 0.10170768201351 0.08665493875742 0.015052745118737
95 0.10320193320513 0.088573537766933 0.014628400094807
96 0.10599601268768 0.090548925101757 0.015447084791958
97 0.1070678755641 0.092528015375137 0.014539855532348
98 0.10900621861219 0.094426482915878 0.014579731039703
99 0.11126290261745 0.096386171877384 0.014876725152135
100 0.1138046681881 0.098415315151215 0.015389352105558
101 0.11480317264795 0.10045704245567 0.014346129260957
102 0.11794675886631 0.10252887755632 0.015417884103954
103 0.12078184634447 0.10462943464518 0.016152411699295
104 0.12438914179802 0.10675839334726 0.017630748450756
105 0.12816788256168 0.1089158654213 0.019252024590969
106 0.13256567716599 0.11110217124224 0.021463505923748
107 0.13762466609478 0.11331783980131 0.024306822568178
108 0.14357472956181 0.11556347459555 0.028011258691549
109 0.1508757174015 0.117839820683 0.033035904169083
110 0.16006542742252 0.12014780938625 0.039917625486851
111 0.17550265789032 0.12248863279819 0.053014028817415
112 0.18689186871052 0.12486389279366 0.062027972191572
113 0.20998248457909 0.12727589905262 0.082706578075886
114 0.24709765613079 0.1297282576561 0.11736939102411
115 0.31675651669502 0.13222712278366 0.18452939391136
116 0.45378834009171 0.13478407263756 0.31900426745415
117 0.83071780204773 0.13742281496525 0.69329500198364
118 2.3517541885376 0.14019231498241 2.2115619182587
119 5.5057272911072 0.14316137135029 5.3625659942627
120 1.3118760585785 0.14616639912128 1.1657096147537
121 0.60615545511246 0.14858266711235 0.45757278800011
122 0.38922914862633 0.15093405544758 0.23829509317875
123 0.30019780993462 0.15348413586617 0.14671367406845
124 0.26734885573387 0.15618075430393 0.1111681163311
125 0.23419766128063 0.15897504985332 0.075222611427307
126 0.21882823109627 0.16184335947037 0.056984875351191
127 0.21005807816982 0.16477669775486 0.045281376689672
128 0.2058709859848 0.16777083277702 0.03810016065836
129 0.20266875624657 0.17082497477531 0.031843792647123
130 0.20145681500435 0.17393964529037 0.027517164126039
131 0.20191203057766 0.17711745202541 0.024794572964311
132 0.20223794877529 0.1803605556488 0.021877398714423
133 0.2036305218935 0.1836720854044 0.019958447664976
134 0.2053088247776 0.18705570697784 0.018253123387694
135 0.20747874677181 0.19051557779312 0.016963163390756
136 0.21006764471531 0.19405642151833 0.016011223196983
137 0.21404029428959 0.19768349826336 0.016356790438294
138 0.2155669927597 0.20140273869038 0.014164258725941
139 0.21877832710743 0.20522074401379 0.013557576574385
140 0.2222686111927 0.20914497971535 0.013123625889421
141 0.22627456486225 0.21318379044533 0.013090784661472
142 0.23744720220566 0.21734656393528 0.020100645720959
143 0.23447370529175 0.22164392471313 0.012829774059355
144 0.23802924156189 0.22608774900436 0.011941488832235
145 0.24802249670029 0.23069190979004 0.017330585047603
146 0.24663518369198 0.23547179996967 0.011163395829499
147 0.2513564825058 0.24044509232044 0.010911403223872
148 0.25655052065849 0.24563208222389 0.010918435640633
149 0.26274281740189 0.25105607509613 0.01168674044311
150 0.26760405302048 0.25673723220825 0.010866807773709
151 0.27384951710701 0.26272064447403 0.011128883808851
152 0.27939161658287 0.26903548836708 0.010356138460338
153 0.28607684373856 0.27572423219681 0.010352618992329
154 0.29827526211739 0.28283679485321 0.015438458882272
155 0.30052345991135 0.29043215513229 0.010091315954924
156 0.30880239605904 0.29858034849167 0.010222049430013
157 0.31717053055763 0.3073650598526 9.8054828122258E-03
158 0.32660725712776 0.31688696146011 9.7202872857451E-03
159 0.33696147799492 0.32726788520813 9.6935983747244E-03
160 0.34831821918488 0.33865642547607 9.6618020907044E-03
161 0.36088326573372 0.35123524069786 9.6480315551162E-03
162 0.37493601441383 0.36523085832596 9.7051383927464E-03
163 0.39070755243301 0.38092669844627 9.780865162611E-03
164 0.40901300311089 0.39869400858879 0.010318982414901
165 0.44038620591164 0.41896498203278 0.021421240642667
166 0.45469671487808 0.44234496355057 0.012351743876934
167 0.47996601462364 0.46961107850075 0.010354932397604
168 0.51163297891617 0.50179773569107 9.8352506756783E-03
169 0.55003088712692 0.5403043627739 9.7265467047691E-03
170 0.59679478406906 0.58706068992615 9.7341034561396E-03
171 0.65461587905884 0.64478313922882 9.8327305167913E-03
172 0.72723460197449 0.71738761663437 9.8469741642475E-03
173 0.82077252864838 0.81067401170731 0.010098541155457
174 0.94376522302628 0.9335041642189 0.010261075571179
175 1.1118621826172 1.0999151468277 0.011947102844715
176 1.3445799350739 1.3330918550491 0.011488155461848
177 1.683651804924 1.6732414960861 0.010410289280117
178 2.2041771411896 2.1941223144531 0.010054729878902
179 3.0497751235962 3.0397481918335 0.010027043521404
180 4.5199961662292 4.508749961853 0.0112459436059
181 7.244592666626 7.2345089912415 0.010083744302392
182 12.349061965942 12.338850021362 0.010211781598628
183 19.514795303345 19.504179000854 0.010616292245686
184 17.134889602661 17.120626449585 0.014263335615396
185 10.435470581055 10.421728134155 0.013741562142968
186 6.363009929657 6.3524074554443 0.010602723807096
187 4.1827592849731 4.1722111701965 0.010548246093094
188 2.9670512676239 2.9567227363586 0.010328580625355
189 2.2427558898926 2.2323698997498 0.010385979898274
190 1.7836565971375 1.7732148170471 0.010441796854138
191 1.4775087833405 1.4669622182846 0.010546530596912
192 1.2652422189713 1.2545028924942 0.010739343240857
193 1.1149986982346 1.1031730175018 0.011825693771243
194 1.0037838220596 0.99222803115845 0.01155580766499
195 0.91781848669052 0.90244048833847 0.015377985313535
196 0.8456272482872 0.83282428979874 0.01280299667269
197 0.79057431221008 0.77925229072571 0.011322037316859
198 0.74862211942673 0.73755472898483 0.011067349463701
199 0.71674340963364 0.70511430501938 0.011629150249064
200 0.69248455762863 0.68061876296997 0.01186584122479
201 0.67838662862778 0.6642599105835 0.014126709662378
202 0.67017900943756 0.65861225128174 0.011566764675081
203 0.67686343193054 0.66543978452682 0.011423652991652
204 0.66050088405609 0.6493017077446 0.011199150234461
205 0.62986099720001 0.61853039264679 0.011330598965287
206 0.61223721504211 0.59894251823425 0.013294656760991
207 0.59845560789108 0.58666509389877 0.01179052144289
208 0.5912829041481 0.57834470272064 0.01293823774904
209 0.58744090795517 0.5724356174469 0.01500532310456
210 0.58039742708206 0.56798583269119 0.012411558069289
211 0.57934039831161 0.56478762626648 0.014552774839103
212 0.57442992925644 0.56257438659668 0.01185552123934
213 0.57308238744736 0.5611577630043 0.011924612335861
214 0.57283467054367 0.56040805578232 0.012426603585482
215 0.59342139959335 0.56023061275482 0.033190775662661
216 0.57282626628876 0.56055200099945 0.01227427367121
217 0.57342433929443 0.56131327152252 0.012111066840589
218 0.57474792003632 0.56246584653854 0.012282054871321
219 0.57612442970276 0.56396931409836 0.012155130505562
220 0.5780001282692 0.56578934192657 0.012210794724524
221 0.5802241563797 0.5678967833519 0.012327367439866
222 0.58274286985397 0.57027769088745 0.012465158477426
223 0.585569024086 0.57288807630539 0.012680954299867
224 0.58838683366776 0.575335085392 0.013051744550467
225 0.59248769283295 0.57840436697006 0.014083312824368
226 0.60616236925125 0.5816610455513 0.024501368403435
227 0.59961426258087 0.58509349822998 0.014520742930472
228 0.60241758823395 0.58869242668152 0.013725148513913
229 0.60675460100174 0.5924511551857 0.014303421601653
230 0.61145448684692 0.59636902809143 0.015085503458977
231 0.62377381324768 0.60046237707138 0.023311417549849
232 0.62165451049805 0.60480523109436 0.016849279403687
233 0.62932825088501 0.60935115814209 0.019977128133178
234 0.66158121824265 0.61351311206818 0.048068109899759
235 0.64045494794846 0.61787062883377 0.022584307938814
236 0.64411908388138 0.62244290113449 0.021676195785403
237 0.66923105716705 0.6271556019783 0.042075507342815
238 0.64983528852463 0.63198435306549 0.017850963398814
239 0.69079500436783 0.63691926002502 0.053875736892223
240 0.65802872180939 0.64195466041565 0.016074046492577
241 0.6632599234581 0.64708757400513 0.016172321513295
242 0.67790478467941 0.65231502056122 0.025589779019356
243 0.68182015419006 0.65763491392136 0.024185284972191
244 0.68411022424698 0.66304558515549 0.021064665168524
245 0.68428689241409 0.66854548454285 0.01574144884944
246 0.6893892288208 0.67413341999054 0.015255785547197
247 0.69665741920471 0.67980861663818 0.016848793253303
248 0.72183626890182 0.68557018041611 0.036266051232815
249 0.71330654621124 0.69141763448715 0.021888894960284
250 0.72332370281219 0.69735062122345 0.025973094627261
251 0.72389334440231 0.70336884260178 0.02052447758615
252 0.7255499958992 0.70947229862213 0.016077686101198
253 0.7311600446701 0.7156611084938 0.015498954802752
254 0.73719042539597 0.72193545103073 0.015254960395396
255 0.74351352453232 0.72829580307007 0.015217679552734
256 0.75004714727402 0.73474270105362 0.015304429456592
257 0.75715839862823 0.74127674102783 0.015881605446339
258 0.7681400179863 0.74789887666702 0.020241102203727
259 0.78029102087021 0.75461006164551 0.025680981576443
260 0.77771919965744 0.76141136884689 0.016307853162289
261 0.7844957113266 0.76830416917801 0.016191525384784
262 0.79227322340012 0.77528887987137 0.016984347254038
263 0.80725681781769 0.78236925601959 0.024887569248676
264 0.81037873029709 0.78957039117813 0.020808320492506
265 0.8210175037384 0.79684561491013 0.024171881377697
266 0.82127380371094 0.80422139167786 0.0170524045825
267 0.83647680282593 0.81170016527176 0.024776626378298
268 0.83671033382416 0.81928610801697 0.017424257472157
269 0.84365272521973 0.82697904109955 0.016673700883985
270 0.85145479440689 0.83478391170502 0.016670886427164
271 0.86040759086609 0.84270459413528 0.017703022807837
272 0.86911988258362 0.85074764490128 0.018372258171439
273 0.92664039134979 0.85892236232758 0.067717991769314
274 0.8884015083313 0.86720055341721 0.021200919523835
275 0.89669477939606 0.87561243772507 0.021082310006022
276 0.90565234422684 0.88416785001755 0.021484479308128
277 0.92306607961655 0.89286786317825 0.03019817173481
278 0.92007350921631 0.90171802043915 0.018355494365096
279 0.92973834276199 0.91072505712509 0.01901326328516
280 0.93824535608292 0.9198967218399 0.018348665907979
281 0.95000773668289 0.9292414188385 0.02076630666852
282 0.9567883014679 0.93876641988754 0.01802191324532
283 0.96987223625183 0.94848680496216 0.021385379135609
284 0.9769794344902 0.95841205120087 0.018567366525531
285 0.98864442110062 0.96855509281158 0.020089339464903
286 1.0465092658997 0.97893446683884 0.067574813961983
287 1.0132454633713 0.98955911397934 0.023686395958066
288 1.0218439102173 1.0004512071609 0.021392690017819
289 1.1116725206375 1.0116317272186 0.10004077106714
290 1.0430949926376 1.0231246948242 0.019970221444964
291 1.0611211061478 1.0349577665329 0.026163298636675
292 1.0668984651566 1.04716360569 0.019734801724553
293 1.092112660408 1.0597838163376 0.032328758388758
294 1.0932509899139 1.072900056839 0.020350906997919
295 1.1062029600143 1.0865248441696 0.019678192213178
296 1.1203882694244 1.1005299091339 0.019858364015818
297 1.1367709636688 1.1152051687241 0.021565737202764
298 1.156920671463 1.1306140422821 0.026306657120585
299 1.1733411550522 1.1468064785004 0.026534711942077
300 1.1886014938354 1.1638469696045 0.024754570797086
301 1.2138676643372 1.1819344758987 0.031933270394802
302 1.2331329584122 1.2013145685196 0.031818423420191
303 1.2628605365753 1.2219817638397 0.040878817439079
304 1.2660578489304 1.2442758083344 0.021782102063298
305 1.2891972064972 1.2685006856918 0.020696440711617
306 1.3150736093521 1.2950415611267 0.020032031461596
307 1.3445146083832 1.3243907690048 0.020123852416873
308 1.3774600028992 1.3571866750717 0.020273312926292
309 1.4149948358536 1.394268989563 0.020725760608912
310 1.4676688909531 1.4367606639862 0.030908217653632
311 1.5071679353714 1.4861903190613 0.020977675914764
312 1.5655372142792 1.544683098793 0.020854050293565
313 1.6364812850952 1.6152648925781 0.02121633477509
314 1.7242398262024 1.7023643255234 0.02187548391521
315 1.8370634317398 1.8126759529114 0.024387529119849
316 1.993758559227 1.9567353725433 0.037023164331913
317 2.1813943386078 2.151932477951 0.029461767524481
318 2.4515926837921 2.4288463592529 0.02274621091783
319 2.8690893650055 2.8454496860504 0.023639583960176
320 3.5446696281433 3.517058134079 0.027611287310719
321 4.6326332092285 4.6095943450928 0.023038925603032
322 6.216212272644 6.1939144134521 0.02229799516499
323 9.2830810546875 9.2603416442871 0.022738721221685
324 15.439393043518 15.415837287903 0.023555664345622
325 23.48836517334 23.463262557983 0.025102201849222
326 18.212869644165 18.181785583496 0.031084954738617
327 10.983263969421 10.892119407654 0.091143898665905
328 6.9795308113098 6.9520044326782 0.027526373043656
329 4.9667563438416 4.9421911239624 0.024565240368247
330 3.8720278739929 3.8485858440399 0.023441933095455
331 3.232435464859 3.2082023620605 0.024233277887106
332 2.838223695755 2.8097825050354 0.028441295027733
333 2.6026277542114 2.5503535270691 0.052274122834206
334 2.4012699127197 2.3760392665863 0.025230698287487
335 2.2841949462891 2.2569139003754 0.027281180024147
336 2.1993248462677 2.1750304698944 0.024294355884194
337 2.1413314342499 2.1172337532043 0.024097871035337
338 2.101461648941 2.0773487091064 0.024112965911627
339 2.0765037536621 2.0521941184998 0.02430964820087
340 2.0630865097046 2.0385072231293 0.024579228833318
341 2.0587480068207 2.03382563591 0.024922359734774
342 2.0620126724243 2.0362322330475 0.025780415162444
343 2.0787947177887 2.0453147888184 0.033479861915112
344 2.0874199867249 2.0599558353424 0.027464088052511
345 2.1129813194275 2.0796473026276 0.033334154635668
346 2.1323194503784 2.1040880680084 0.028231348842382
347 2.1603717803955 2.1331315040588 0.027240078896284
348 2.1940271854401 2.1667604446411 0.027266712859273
349 2.2330975532532 2.2050771713257 0.028020590543747
350 2.2780067920685 2.2482967376709 0.029710037633777
351 2.3308682441711 2.2967495918274 0.034118808805943
352 2.4021430015564 2.3508870601654 0.051255870610476
353 2.4650194644928 2.4112963676453 0.053723067045212
354 2.5111372470856 2.4786922931671 0.032444998621941
355 2.6493518352509 2.5540616512299 0.09529036283493
356 2.6712877750397 2.6385266780853 0.032760966569185
357 2.77064037323 2.7335183620453 0.037122152745724
358 2.8959994316101 2.8408155441284 0.055183943361044
359 3.061427116394 2.962641954422 0.098785206675529
360 3.1433162689209 3.1017963886261 0.04152000695467
361 3.3022639751434 3.261830329895 0.040433533489704
362 3.4909219741821 3.447297334671 0.043624710291624
363 3.7166574001312 3.6641023159027 0.052555043250322
364 3.9941303730011 3.9200038909912 0.074126459658146
365 4.3121404647827 4.2253484725952 0.086791798472404
366 4.711811542511 4.594153881073 0.11765799671412
367 5.290225982666 5.0458292961121 0.24439708888531
368 6.3445653915405 5.6077260971069 0.73683929443359
369 7.0656061172485 6.3194260597229 0.74617993831635
370 7.4705829620361 7.2398076057434 0.2307750582695
371 8.6669607162476 8.4593315124512 0.20762848854065
372 10.200590133667 10.122318267822 0.0782720297575
373 12.529915809631 12.469400405884 0.060515116900206
374 15.976188659668 15.923206329346 0.052981667220592
375 21.348609924316 21.272588729858 0.076022297143936
376 30.151390075684 30.095722198486 0.055669035762548
377 45.833526611328 45.781055450439 0.052468772977591
378 75.934219360352 75.876602172852 0.057614803314209
379 134.54512023926 134.49938964844 0.045724637806416
380 214.58401489258 214.54747009277 0.036555528640747
381 168.71197509766 168.67645263672 0.035519581288099
382 96.64037322998 96.605247497559 0.035122763365507
383 57.089782714844 57.055061340332 0.034718845039606
384 36.788078308105 36.753345489502 0.034733142703772
385 25.69243812561 25.657360076904 0.035077445209026
386 19.142293930054 19.106098175049 0.036195889115334
387 15.009317398071 14.952823638916 0.056493826210499
388 12.247255325317 12.210242271423 0.037013173103333
389 10.396349906921 10.360177993774 0.036171555519104
390 9.1412887573242 9.1051626205444 0.036126296967268
391 8.1235427856445 8.0862293243408 0.037313718348742
392 7.1997652053833 7.1570048332214 0.04276018217206
393 6.5018482208252 6.4492602348328 0.052587818354368
394 5.9554224014282 5.9160795211792 0.039342608302832
395 5.5541486740112 5.5044012069702 0.049747213721275
396 5.2221355438232 5.1784558296204 0.043679729104042
397 4.993992805481 4.9181804656982 0.07581203430891
398 4.7503042221069 4.7073493003845 0.042954843491316
399 4.5814127922058 4.5355005264282 0.04591216519475
400 4.4883513450623 4.3949990272522 0.093352548778057
401 4.3693294525146 4.280125617981 0.089203648269176
402 4.295015335083 4.1865191459656 0.10849602520466
403 4.180513381958 4.110800743103 0.069712519645691
404 4.1041693687439 4.0503225326538 0.053846515715122
405 4.0542483329773 4.002993106842 0.051255352795124
406 4.0185298919678 3.9671499729156 0.05137998983264
407 3.9964044094086 3.9414684772491 0.054935969412327
408 4.0022993087769 3.9249303340912 0.077368699014187
409 3.9818058013916 3.9166300296783 0.065175548195839
410 3.9749341011047 3.9122936725616 0.062640279531479
411 3.9858388900757 3.919065952301 0.066772915422916
412 4.0059585571289 3.9325518608093 0.073406487703323
413 4.0827684402466 3.9525158405304 0.13025268912315
414 4.1107044219971 3.9788312911987 0.13187336921692
415 4.1219358444214 4.0114769935608 0.11045905947685
416 4.1685566902161 4.0502443313599 0.11831237375736
417 4.2367043495178 4.0959296226501 0.14077493548393
418 4.3224020004272 4.1485333442688 0.17386867105961
419 4.4351506233215 4.2085003852844 0.22665022313595
420 4.5917906761169 4.2763681411743 0.3154225051403
421 4.831741809845 4.3530435562134 0.47869816422462
422 5.2551894187927 4.4394717216492 0.81571763753891
423 6.2614707946777 4.5369558334351 1.7245154380798
424 9.8489675521851 4.6472091674805 5.2017579078674
425 17.760696411133 4.7721695899963 12.988526344299
426 7.8581256866455 4.9144549369812 2.9436709880829
427 6.2891068458557 5.0780372619629 1.2110694646835
428 5.9120416641235 5.2677278518677 0.64431363344193
429 5.9188737869263 5.4902372360229 0.4286367893219
430 6.0505685806274 5.7551321983337 0.29543653130531
431 6.293315410614 6.0765581130981 0.21675750613213
432 6.6441617012024 6.4766249656677 0.16753666102886
433 7.1305751800537 6.9921541213989 0.13842134177685
434 7.8092198371887 7.6906976699829 0.11852208524942
435 8.8165235519409 8.7122316360474 0.10429130494595
436 10.488691329956 10.393808364868 0.094882674515247
437 13.644260406494 13.545880317688 0.098380111157894
438 19.013986587524 18.926498413086 0.087487772107124
439 27.654825210571 27.577257156372 0.077569045126438
440 23.77991104126 23.705812454224 0.074099361896515
441 20.723777770996 20.621335983276 0.10244213789701
442 22.762311935425 22.649517059326 0.11279497295618
443 28.763803482056 28.698053359985 0.065750479698181
444 36.244022369385 36.18383026123 0.060194790363312
445 52.319923400879 52.254493713379 0.065430887043476
446 86.60090637207 86.524780273438 0.076130695641041
447 156.58963012695 156.5290222168 0.060608699917793
448 236.06454467773 236.00468444824 0.059859413653612
449 158.10534667969 157.97729492188 0.12805433571339
450 87.79963684082 87.743827819824 0.055810160934925
451 52.780174255371 52.723648071289 0.056522868573666
452 35.286575317383 35.221717834473 0.06485553830862
453 25.759218215942 25.702545166016 0.056672129780054
454 20.139623641968 20.086223602295 0.053400047123432
455 16.603168487549 16.548957824707 0.054211642593145
456 14.258766174316 14.206791877747 0.051973976194859
457 12.664675712585 12.597082138062 0.067593574523926
458 11.516795158386 11.461375236511 0.055419269949198
459 10.698938369751 10.647473335266 0.051465138792992
460 10.116532325745 10.063985824585 0.052546571940184
461 9.7064266204834 9.6494131088257 0.057013064622879
462 9.4378671646118 9.3691320419312 0.068735219538212
463 9.3089609146118 9.1983041763306 0.11065702885389
464 9.2068758010864 9.1219615936279 0.08491413295269
465 9.2087926864624 9.1504468917847 0.058345280587673
466 9.3709096908569 9.3064441680908 0.064466297626495
467 9.7273693084717 9.6459283828735 0.081441126763821
468 10.404056549072 10.308149337769 0.095906510949135
469 11.769612312317 11.652966499329 0.11664628982544
470 14.560976028442 14.482915878296 0.078060030937195
471 18.175371170044 17.810476303101 0.36489561200142
472 17.42470741272 17.354417800903 0.070289708673954
473 20.795846939087 20.63595199585 0.15989477932453
474 30.484685897827 30.416244506836 0.068440973758698
475 34.971210479736 34.899509429932 0.071699902415276
476 23.336807250977 22.996242523193 0.34056550264359
477 16.34362411499 16.252250671387 0.091372668743134
478 13.346175193787 13.261673927307 0.084502004086971
479 11.959482192993 11.864783287048 0.094698905944824
480 11.342004776001 11.182983398438 0.15902145206928
481 11.06845664978 10.865447998047 0.20300869643688
482 10.926704406738 10.761714935303 0.16498890519142
483 11.007029533386 10.807632446289 0.19939659535885
484 11.283954620361 10.991187095642 0.29276740550995
485 11.864292144775 11.340657234192 0.52363431453705
486 13.224422454834 11.974168777466 1.250254034996
487 18.592880249023 13.171307563782 5.421573638916
488 17.454179763794 15.149593353271 2.3045871257782
489 16.135221481323 15.350989341736 0.78423154354095
490 14.206929206848 13.817240715027 0.38968858122826
491 13.292205810547 13.050469398499 0.24173630774021
492 12.999710083008 12.826863288879 0.17284701764584
493 12.997192382812 12.863810539246 0.1333821117878
494 13.145470619202 13.034301757813 0.11116939038038
495 13.382959365845 13.2837266922 0.099233016371727
496 13.710859298706 13.587320327759 0.12353830784559
497 14.071837425232 13.933532714844 0.13830465078354
498 14.401956558228 14.317535400391 0.084421463310719
499 14.833111763 14.73748588562 0.095625475049019
500 15.270646095276 15.197603225708 0.073042392730713
501 15.782881736755 15.711838722229 0.071043536067009
502 16.400703430176 16.326620101929 0.074082471430302
503 17.253921508789 17.185869216919 0.068052895367146
504 17.924175262451 17.862373352051 0.061802729964256
505 18.228231430054 18.164894104004 0.063338108360767
506 18.689680099487 18.629453659058 0.060226384550333
507 19.326461791992 19.258846282959 0.067615129053593
508 20.086002349854 19.972414016724 0.11358850449324
509 20.822498321533 20.738189697266 0.08431002497673
510 21.62441444397 21.56665802002 0.057756081223488
511 22.513624191284 22.45825958252 0.05536375194788
512 23.472417831421 23.417776107788 0.054640650749207
513 24.499359130859 24.445161819458 0.054198250174522
514 25.604320526123 25.549243927002 0.055075611919165
515 26.865768432617 26.737047195435 0.12872087955475
516 28.073787689209 28.017055511475 0.056732445955276
517 29.465221405029 29.394973754883 0.070248208940029
518 30.94762802124 30.886419296265 0.061209205538034
519 32.569896697998 32.508007049561 0.061889089643955
520 34.454654693604 34.27946472168 0.17518930137157
521 36.223754882813 36.154014587402 0.069739557802677
522 38.401405334473 38.199211120605 0.20219387114048
523 40.556289672852 40.443778991699 0.11250987648964
524 42.969657897949 42.904113769531 0.065546117722988
525 45.663833618164 45.605812072754 0.058023247867823
526 48.631404876709 48.573825836182 0.057578448206186
527 51.914710998535 51.849140167236 0.065567225217819
528 55.534202575684 55.475143432617 0.059057638049126
529 59.560657501221 59.502262115479 0.05839654058218
530 64.049713134766 63.991477966309 0.058235958218575
531 69.083053588867 69.017730712891 0.065325208008289
532 74.714851379395 74.660743713379 0.054113291203976
533 81.07763671875 81.022354125977 0.055282492190599
534 88.752342224121 88.6826171875 0.069731146097183
535 97.054321289062 96.994636535645 0.059683982282877
536 106.60501098633 106.54484558105 0.060165099799633
537 117.65027618408 117.59417724609 0.056093793362379
538 130.45678710938 130.40013122559 0.056654620915651
539 145.47761535645 145.40641784668 0.071195259690285
540 163.25547790527 163.19239807129 0.063076436519623
541 184.52996826172 184.47193908691 0.058015525341034
542 210.28202819824 210.22608947754 0.055949445813894
543 241.88711547852 241.8299407959 0.057183127850294
544 281.32901000977 281.26892089844 0.060065478086472
545 331.61514282227 331.50695800781 0.10817494988441
546 397.0224609375 396.9651184082 0.057336002588272
547 482.90759277344 482.85104370117 0.056529670953751
548 592.93292236328 592.87536621094 0.057556115090847
549 730.04571533203 729.96362304688 0.082105547189713
550 929.92095947266 929.85638427734 0.064558580517769
551 1.2314837646484E+03 1.2310682373047E+03 0.41557046771049
552 1.7013161621094E+03 1.7012440185547E+03 0.072171181440353
553 2.4729443359375E+03 2.4728762207031E+03 0.068031348288059
554 3.8245969238281E+03 3.8245373535156E+03 0.059426415711641
555 6.2961850585937E+03 6.296126953125E+03 0.058257628232241
556 1.0510782226563E+04 1.0510724609375E+04 0.05786132439971
557 1.4110741210937E+04 1.41106796875E+04 0.061223905533552
558 9.957744140625E+03 9.9576826171875E+03 0.061547104269266
559 5.9774506835937E+03 5.97738671875E+03 0.063939772546291
560 3.68046875E+03 3.6804018554687E+03 0.067079678177834
561 2.4134216308594E+03 2.4133620605469E+03 0.05959291011095
562 1.6800872802734E+03 1.6800283203125E+03 0.059007745236158
563 1.2286242675781E+03 1.2285632324219E+03 0.060991823673248
564 934.59802246094 934.53460693359 0.063390582799911
565 733.78558349609 733.71368408203 0.071891032159328
566 591.16564941406 591.02795410156 0.13768655061722
567 486.42276000977 486.26235961914 0.16040572524071
568 407.26754760742 407.19189453125 0.075662240386009
569 346.17922973633 346.10794067383 0.071294844150543
570 298.12738037109 297.97021484375 0.15717667341232
571 260.34600830078 259.37786865234 0.96815037727356
572 228.04454040527 227.97245788574 0.072082571685314
573 202.18707275391 202.07856750488 0.10849894583225
574 180.41465759277 180.34339904785 0.071270801126957
575 162.22268676758 162.15158081055 0.071101762354374
576 146.76037597656 146.67985534668 0.080535173416138
577 133.49870300293 133.41271972656 0.085976995527744
578 122.02526092529 121.95018005371 0.07508085668087
579 112.04397583008 111.97703552246 0.066942781209946
580 103.31242370605 103.24829101563 0.06412835419178
581 95.633255004883 95.565620422363 0.067636519670486
582 88.893089294434 88.74836730957 0.14472453296185
583 82.785957336426 82.706977844238 0.078974388539791
584 77.379241943359 77.31275177002 0.066485092043877
585 72.539779663086 72.476852416992 0.06293011456728
586 68.187057495117 68.125282287598 0.061777133494616
587 64.258110046387 64.195983886719 0.06212617084384
588 60.699264526367 60.636669158936 0.062596797943115
589 57.470447540283 57.403018951416 0.067429333925247
590 54.528312683105 54.457324981689 0.070985905826092
591 51.915988922119 51.767417907715 0.14856907725334
592 49.378341674805 49.305919647217 0.072423011064529
593 47.12931060791 47.049938201904 0.079372987151146
594 45.049911499023 44.980918884277 0.068992041051388
595 43.253719329834 43.074680328369 0.17903673648834
596 41.366653442383 41.29944229126 0.067210473120213
597 39.734970092773 39.669830322266 0.065138570964336
598 38.232482910156 38.167728424072 0.064757831394672
599 36.847534179688 36.78141784668 0.066114492714405
600 35.571784973145 35.50178527832 0.069997861981392
