1 3.8089065346867E-03 2.1436255792651E-06 3.8067628629506E-03
2 4.0876609273255E-03 8.6161180661293E-06 4.0790447965264E-03
3 4.1789035312831E-03 1.9560346117942E-05 4.1593429632485E-03
4 4.2527266778052E-03 3.5291806852911E-05 4.2174346745014E-03
5 4.3335603550076E-03 5.6378285080427E-05 4.277182277292E-03
6 4.4274614192545E-03 8.2585000200197E-05 4.3448763899505E-03
7 4.5362189412117E-03 1.1321751662763E-04 4.423001781106E-03
8 4.6633398160338E-03 1.5024651656859E-04 4.5130932703614E-03
9 4.8145330511034E-03 1.9503921794239E-04 4.6194940805435E-03
10 4.9888440407813E-03 2.4919395218603E-04 4.7396500594914E-03
11 5.2044689655304E-03 3.1515469891019E-04 4.8893145285547E-03
12 5.4047214798629E-03 3.9695971645415E-04 5.0077619962394E-03
13 5.6690382771194E-03 5.0038640620187E-04 5.1686521619558E-03
14 5.9822713956237E-03 6.3421367667615E-04 5.3480579517782E-03
15 6.3735377043486E-03 8.146955515258E-04 5.5588418617845E-03
16 6.8440809845924E-03 1.0733959497884E-03 5.7706851512194E-03
17 7.4695562943816E-03 1.4686475042254E-03 6.0009090229869E-03
18 8.3868643268943E-03 2.1208289545029E-03 6.2660351395607E-03
19 9.8519055172801E-03 3.2984102144837E-03 6.5534953027964E-03
20 0.012498192489147 5.6298663839698E-03 6.8683256395161E-03
21 0.017622638493776 0.010408868081868 7.2137699462473E-03
22 0.025209909304976 0.017616974189878 7.5929365120828E-03
23 0.023831751197577 0.0158203355968 8.0114156007767E-03
24 0.018736379221082 0.010261677205563 8.4747020155191E-03
25 0.015871848911047 6.8963561207056E-03 8.9754918590188E-03
26 0.01462487410754 5.1039629615843E-03 9.5209116116166E-03
27 0.0142439333722 4.1185109876096E-03 0.010125421918929
28 0.014350834302604 3.5510063171387E-03 0.010799827985466
29 0.014875774271786 3.2151150517166E-03 0.011660658754408
30 0.015631210058928 3.0169328674674E-03 0.012614278122783
31 0.016207918524742 2.9059627559036E-03 0.01330195646733
32 0.017162786796689 2.8533437289298E-03 0.014309443533421
33 0.018299991264939 2.8416796121746E-03 0.015458310954273
34 0.019538251683116 2.8599957004189E-03 0.016678255051374
35 0.021041534841061 2.9010938014835E-03 0.018140440806746
36 0.022353895008564 2.9603273142129E-03 0.019393566995859
37 0.024017684161663 3.0338324140757E-03 0.020983852446079
38 0.025936584919691 3.1196139752865E-03 0.022816970944405
39 0.02843420393765 3.2154722139239E-03 0.025218730792403
40 0.031641528010368 3.3203058410436E-03 0.028321223333478
41 0.035137999802828 3.4330470953137E-03 0.03170495480299
42 0.040759425610304 3.5529488231987E-03 0.03720647841692
43 0.045956518501043 3.6794058978558E-03 0.042277112603188
44 0.05256748944521 3.8118455559015E-03 0.048755642026663
45 0.060293339192867 3.9500780403614E-03 0.056343261152506
46 0.069987393915653 4.0937014855444E-03 0.065893694758415
47 0.08238822221756 4.2424667626619E-03 0.078145757317543
48 0.098762467503548 4.3961722403765E-03 0.094366297125816
49 0.1212399750948 4.5546526089311E-03 0.11668532341719
50 0.15432073175907 4.7177723608911E-03 0.14960296452045
51 0.21138513088226 4.8854197375476E-03 0.20649971067905
52 0.33836153149605 5.0575062632561E-03 0.33330404758453
53 0.67821061611176 5.2339597605169E-03 0.67297667264938
54 1.614258646965 5.4147252812982E-03 1.6088439226151
55 3.8256251811981 5.5997651070356E-03 3.8200254440308
56 8.8648128509521 5.7890587486327E-03 8.8590240478516
57 18.41068649292 5.9826066717505E-03 18.404703140259
58 18.520067214966 6.180468481034E-03 18.513885498047
59 22.712959289551 6.3826614059508E-03 22.706577301025
60 23.617513656616 6.5893474966288E-03 23.61092376709
61 24.281833648682 6.8007856607437E-03 24.275032043457
62 21.61315536499 7.017511408776E-03 21.60613822937
63 24.091564178467 7.2403764352202E-03 24.084323883057
64 6.983856678009 7.471411023289E-03 6.9763851165771
65 2.8730871677399 7.7149351127446E-03 2.8653721809387
66 1.1688495874405 7.9800765961409E-03 1.1608694791794
67 0.5288565158844 8.2757258787751E-03 0.52058082818985
68 0.29765075445175 8.5488557815552E-03 0.2891018986702
69 0.20365449786186 8.7328357622027E-03 0.19492165744305
70 0.15549093484879 8.9261410757899E-03 0.14656479656696
71 0.12563925981522 9.1463327407837E-03 0.11649292707443
72 0.10480856895447 9.3835256993771E-03 0.0954250395298
73 0.089539207518101 9.6311988309026E-03 0.079908013343811
74 0.077992029488087 9.8863365128636E-03 0.068105690181255
75 0.069091565907001 0.01014728564769 0.058944281190634
76 0.06215925514698 0.010413294658065 0.051745962351561
77 0.056458350270987 0.01068412233144 0.045774225145578
78 0.051544860005379 0.010959450155497 0.040585409849882
79 0.047948591411114 0.01123914681375 0.036709446460009
80 0.044461484998465 0.011523139663041 0.032938342541456
81 0.041842777282 0.011811385862529 0.030031390488148
82 0.039620641618967 0.01210386492312 0.027516776695848
83 0.037777151912451 0.012400571256876 0.025376580655575
84 0.036235246807337 0.012701507657766 0.023533741012216
85 0.034949835389853 0.013006686232984 0.021943150088191
86 0.033636905252934 0.013316124677658 0.020320780575275
87 0.03278424590826 0.013629847206175 0.019154399633408
88 0.032092362642288 0.013947887346148 0.01814447529614
89 0.031548589468002 0.014270279556513 0.017278309911489
90 0.031139485538006 0.014597079716623 0.01654240489006
91 0.030860811471939 0.01492836419493 0.015932446345687
92 0.030700985342264 0.015264259651303 0.015436724759638
93 0.030730405822396 0.015605013817549 0.015125392004848
94 0.031003942713141 0.015951197594404 0.015052745118737
95 0.030932767316699 0.016304368153214 0.014628400094807
96 0.032115075737238 0.016667991876602 0.015447084791958
97 0.03157215192914 0.017032297328115 0.014539855532348
98 0.031961493194103 0.017381761223078 0.014579731039703
99 0.032619219273329 0.017742495983839 0.014876725152135
100 0.033505365252495 0.018116014078259 0.015389352105558
101 0.032837979495525 0.018491849303246 0.014346129260957
102 0.034291110932827 0.018873227760196 0.015417884103954
103 0.035412304103374 0.019259892404079 0.016152411699295
104 0.037282533943653 0.019651783630252 0.017630748450756
105 0.039300948381424 0.0200489256531 0.019252024590969
106 0.041914880275726 0.020451374351978 0.021463505923748
107 0.045166052877903 0.020859230309725 0.024306822568178
108 0.049283858388662 0.021272599697113 0.028011258691549
109 0.054727528244257 0.021691622212529 0.033035904169083
110 0.062034096568823 0.022116471081972 0.039917625486851
111 0.075561389327049 0.022547362372279 0.053014028817415
112 0.085012570023537 0.022984594106674 0.062027972191572
113 0.10613516718149 0.023428590968251 0.082706578075886
114 0.14124940335751 0.023880012333393 0.11736939102411
115 0.20886939764023 0.024339996278286 0.18452939391136
116 0.34381493926048 0.024810673668981 0.31900426745415
117 0.71859139204025 0.025296404957771 0.69329500198364
118 2.237368106842 0.025806207209826 2.2115619182587
119 5.3889188766479 0.026352742686868 5.3625659942627
120 1.1926156282425 0.026905899867415 1.1657096147537
121 0.4849234521389 0.027350679039955 0.45757278800011
122 0.26607859134674 0.027783514931798 0.23829509317875
123 0.17496660351753 0.028252929449081 0.14671367406845
124 0.13991743326187 0.028749313205481 0.1111681163311
125 0.10448629409075 0.029263680800796 0.075222611427307
126 0.086776547133923 0.029791669920087 0.056984875351191
127 0.075613006949425 0.030331632122397 0.045281376689672
128 0.068982943892479 0.030882781371474 0.03810016065836
129 0.063288770616055 0.031444977968931 0.031843792647123
130 0.059535484761 0.032018318772316 0.027517164126039
131 0.057397857308388 0.032603282481432 0.024794572964311
132 0.055077660828829 0.033200263977051 0.021877398714423
133 0.053768288344145 0.033809840679169 0.019958447664976
134 0.052685812115669 0.03443268686533 0.018253123387694
135 0.052032735198736 0.035069573670626 0.016963163390756
136 0.051732584834099 0.035721361637115 0.016011223196983
137 0.052745815366507 0.036389023065567 0.016356790438294
138 0.051237907260656 0.037073649466038 0.014164258725941
139 0.051334034651518 0.037776459008455 0.013557576574385
140 0.051622446626425 0.038498818874359 0.013123625889421
141 0.052333056926727 0.039242271333933 0.013090784661472
142 0.060109190642834 0.040008544921875 0.020100645720959
143 0.053629364818335 0.040799591690302 0.012829774059355
144 0.053559083491564 0.041617594659328 0.011941488832235
145 0.059795703738928 0.04246511682868 0.017330585047603
146 0.054508380591869 0.043344985693693 0.011163395829499
147 0.055171858519316 0.044260457158089 0.010911403223872
148 0.056133698672056 0.045215263962746 0.010918435640633
149 0.057900439947844 0.046213697642088 0.01168674044311
150 0.058126274496317 0.047259468585253 0.010866807773709
151 0.059489760547876 0.048360876739025 0.011128883808851
152 0.059879433363676 0.049523293972015 0.010356138460338
153 0.061107158660889 0.05075453966856 0.010352618992329
154 0.06750226020813 0.052063800394535 0.015438458882272
155 0.063553251326084 0.05346193164587 0.010091315954924
156 0.065183877944946 0.054961826652288 0.010222049430013
157 0.066384375095367 0.056578896939754 9.8054828122258E-03
158 0.06805194914341 0.058331660926342 9.7202872857451E-03
159 0.069936148822308 0.060242548584938 9.6935983747244E-03
160 0.072000719606876 0.062338918447495 9.6618020907044E-03
161 0.074302427470684 0.064654394984245 9.6480315551162E-03
162 0.076935812830925 0.067230671644211 9.7051383927464E-03
163 0.079900778830051 0.070119917392731 9.780865162611E-03
164 0.083709456026554 0.07339046895504 0.010318982414901
165 0.098543137311935 0.077121891081333 0.021421240642667
166 0.093777358531952 0.081425614655018 0.012351743876934
167 0.096799619495869 0.086444683372974 0.010354932397604
168 0.1022047623992 0.092369511723518 9.8352506756783E-03
169 0.10918425023556 0.099457703530788 9.7265467047691E-03
170 0.1177985817194 0.1080644801259 9.7341034561396E-03
171 0.1285226047039 0.11868987232447 9.8327305167913E-03
172 0.14190167188644 0.13205470144749 9.8469741642475E-03
173 0.15932513773441 0.14922659099102 0.010098541155457
174 0.18209789693356 0.17183682322502 0.010261075571179
175 0.21441638469696 0.20246927440166 0.011947102844715
176 0.25687995553017 0.24539178609848 0.011488155461848
177 0.31841588020325 0.30800560116768 0.010410289280117
178 0.41394260525703 0.40388786792755 0.010054729878902
179 0.56957530975342 0.55954825878143 0.010027043521404
180 0.84120398759842 0.82995802164078 0.0112459436059
181 1.3417917490005 1.331708073616 0.010083744302392
182 2.2815124988556 2.2713007926941 0.010211781598628
183 3.6008906364441 3.5902743339539 0.010616292245686
184 3.1657800674438 3.1515166759491 0.014263335615396
185 1.9321440458298 1.9184024333954 0.013741562142968
186 1.1799359321594 1.1693332195282 0.010602723807096
187 0.77855718135834 0.76800888776779 0.010548246093094
188 0.55459380149841 0.54426521062851 0.010328580625355
189 0.42131432890892 0.41092836856842 0.010385979898274
190 0.33685019612312 0.32640838623047 0.010441796854138
191 0.28058081865311 0.27003428339958 0.010546530596912
192 0.24166470766068 0.23092536628246 0.010739343240857
193 0.2148946672678 0.20306897163391 0.011825693771243
194 0.1942023485899 0.18264654278755 0.01155580766499
195 0.18149669468403 0.16611871123314 0.015377985313535
196 0.1661069393158 0.15330395102501 0.01280299667269
197 0.15476460754871 0.14344257116318 0.011322037316859
198 0.14683435857296 0.13576699793339 0.011067349463701
199 0.14142459630966 0.12979544699192 0.011629150249064
200 0.13715222477913 0.12528638541698 0.01186584122479
201 0.13640180230141 0.12227509170771 0.014126709662378
202 0.1328022480011 0.12123548984528 0.011566764675081
203 0.1339159309864 0.12249228358269 0.011423652991652
204 0.13072077929974 0.11952163279057 0.011199150234461
205 0.12518793344498 0.11385733634233 0.011330598965287
206 0.12354631721973 0.11025165766478 0.013294656760991
207 0.11978217959404 0.10799165815115 0.01179052144289
208 0.11939830332994 0.10646006464958 0.01293823774904
209 0.12037765979767 0.10537233948708 0.01500532310456
210 0.11696479469538 0.10455323755741 0.012411558069289
211 0.1185172945261 0.10396451503038 0.014552774839103
212 0.11541263759136 0.10355711728334 0.01185552123934
213 0.11522095650434 0.10329633951187 0.011924612335861
214 0.11558493971825 0.10315833985806 0.012426603585482
215 0.13631644845009 0.10312567651272 0.033190775662661
216 0.11545910686255 0.10318483412266 0.01227427367121
217 0.11543603241444 0.10332496464252 0.012111066840589
218 0.11581918597221 0.1035371273756 0.012282054871321
219 0.11596900969744 0.10381387919188 0.012155130505562
220 0.11635970324278 0.10414890944958 0.012210794724524
221 0.11686420440674 0.10453683882952 0.012327367439866
222 0.11744027584791 0.10497511923313 0.012465158477426
223 0.11813657730818 0.10545562207699 0.012680954299867
224 0.11895781010389 0.10590606927872 0.013051744550467
225 0.12055436521769 0.10647105425596 0.014083312824368
226 0.13157188892365 0.10707052797079 0.024501368403435
227 0.12222310900688 0.10770236700773 0.014520742930472
228 0.12208999693394 0.10836484283209 0.013725148513913
229 0.12336016446352 0.10905674099922 0.014303421601653
230 0.12486343085766 0.10977792739868 0.015085503458977
231 0.13384284079075 0.11053142696619 0.023311417549849
232 0.12818011641502 0.11133084446192 0.016849279403687
233 0.1321447789669 0.1121676415205 0.019977128133178
234 0.16100187599659 0.11293376982212 0.048068109899759
235 0.13632020354271 0.1137358918786 0.022584307938814
236 0.13625372946262 0.11457753926516 0.021676195785403
237 0.15752054750919 0.1154450327158 0.042075507342815
238 0.13418486714363 0.11633390188217 0.017850963398814
239 0.17111803591251 0.11724230647087 0.053875736892223
240 0.13424326479435 0.11816921085119 0.016074046492577
241 0.13528637588024 0.11911406368017 0.016172321513295
242 0.1456660926342 0.12007631361485 0.025589779019356
243 0.14524085819721 0.1210555806756 0.024185284972191
244 0.14311623573303 0.12205156683922 0.021064665168524
245 0.13880541920662 0.12306396663189 0.01574144884944
246 0.13934837281704 0.12409258633852 0.015255785547197
247 0.14198604226112 0.12513725459576 0.016848793253303
248 0.16246388852596 0.12619782984257 0.036266051232815
249 0.14916311204433 0.12727421522141 0.021888894960284
250 0.15433943271637 0.12836633622646 0.025973094627261
251 0.14999863505363 0.12947416305542 0.02052447758615
252 0.14667534828186 0.13059766590595 0.016077686101198
253 0.14723584055901 0.13173688948154 0.015498954802752
254 0.14814680814743 0.13289184868336 0.015254960395396
255 0.14928032457829 0.13406264781952 0.015217679552734
256 0.15055379271507 0.13524936139584 0.015304429456592
257 0.15233375132084 0.13645213842392 0.015881605446339
258 0.15791222453117 0.13767112791538 0.020241102203727
259 0.16458746790886 0.138906493783 0.025680981576443
260 0.15646632015705 0.14015845954418 0.016307853162289
261 0.15761879086494 0.14142726361752 0.016191525384784
262 0.15969733893871 0.14271299540997 0.016984347254038
263 0.16890390217304 0.14401632547379 0.024887569248676
264 0.1661502122879 0.14534190297127 0.020808320492506
265 0.17085298895836 0.14668110013008 0.024171881377697
266 0.16509121656418 0.14803881943226 0.0170524045825
267 0.17419210076332 0.14941547811031 0.024776626378298
268 0.16823613643646 0.15081188082695 0.017424257472157
269 0.16890168190002 0.15222798287868 0.016673700883985
270 0.17033556103706 0.15366466343403 0.016670886427164
271 0.17282570898533 0.1551226824522 0.017703022807837
272 0.1749754846096 0.1566032320261 0.018372258171439
273 0.22582601010799 0.1581080108881 0.067717991769314
274 0.18083275854588 0.15963184833527 0.021200919523835
275 0.18226258456707 0.1611802726984 0.021082310006022
276 0.18423961102962 0.1627551317215 0.021484479308128
277 0.19455477595329 0.16435660421848 0.03019817173481
278 0.18434120714664 0.16598571836948 0.018355494365096
279 0.18665696680546 0.16764371097088 0.01901326328516
280 0.18768066167831 0.16933199763298 0.018348665907979
281 0.19181846082211 0.17105214297771 0.02076630666852
282 0.19082739949226 0.17280547320843 0.01802191324532
283 0.19598016142845 0.17459478974342 0.021385379135609
284 0.19498915970325 0.17642179131508 0.018567366525531
285 0.1983782351017 0.17828889191151 0.020089339464903
286 0.2477743178606 0.18019950389862 0.067574813961983
287 0.20584164559841 0.18215525150299 0.023686395958066
288 0.20555293560028 0.18416023254395 0.021392690017819
289 0.28625908493996 0.18621832132339 0.10004077106714
290 0.2083041369915 0.18833391368389 0.019970221444964
291 0.21667541563511 0.19051212072372 0.026163298636675
292 0.2124937325716 0.19275893270969 0.019734801724553
293 0.22741079330444 0.19508203864098 0.032328758388758
294 0.21784733235836 0.19749642908573 0.020350906997919
295 0.21968261897564 0.20000442862511 0.019678192213178
296 0.22244082391262 0.20258244872093 0.019858364015818
297 0.2268495708704 0.20528383553028 0.021565737202764
298 0.23442690074444 0.20812024176121 0.026306657120585
299 0.23763561248779 0.21110090613365 0.026534711942077
300 0.2389922440052 0.21423767507076 0.024754570797086
301 0.24950043857098 0.21756716072559 0.031933270394802
302 0.25295302271843 0.22113460302353 0.031818423420191
303 0.26581779122353 0.22493895888329 0.040878817439079
304 0.25082486867905 0.22904278337955 0.021782102063298
305 0.25419849157333 0.23350204527378 0.020696440711617
306 0.25841963291168 0.2383876144886 0.020032031461596
307 0.26391395926476 0.2437901198864 0.020123852416873
308 0.27010041475296 0.24982710182667 0.020273312926292
309 0.2773788869381 0.25665313005447 0.020725760608912
310 0.29538306593895 0.26447486877441 0.030908217653632
311 0.2945514023304 0.27357372641563 0.020977675914764
312 0.30519497394562 0.28434091806412 0.020854050293565
313 0.31854975223541 0.29733341932297 0.02121633477509
314 0.33524191379547 0.31336644291878 0.02187548391521
315 0.35805982351303 0.33367228507996 0.024387529119849
316 0.39721351861954 0.36019033193588 0.037023164331913
317 0.42558345198631 0.39612168073654 0.029461767524481
318 0.46984142065048 0.44709521532059 0.02274621091783
319 0.5474219918251 0.52378237247467 0.023639583960176
320 0.67502146959305 0.6474102139473 0.027611287310719
321 0.87156003713608 0.84852111339569 0.023038925603032
322 1.1624562740326 1.1401582956314 0.02229799516499
323 1.7273564338684 1.7046177387238 0.022738721221685
324 2.8612596988678 2.8377039432526 0.023555664345622
325 4.3441534042358 4.3190512657166 0.025102201849222
326 3.3779368400574 3.3468518257141 0.031084954738617
327 2.0961346626282 2.0049908161163 0.091143898665905
328 1.3072317838669 1.2797054052353 0.027526373043656
329 0.93430984020233 0.90974462032318 0.024565240368247
330 0.73187881708145 0.70843684673309 0.023441933095455
331 0.61479014158249 0.59055685997009 0.024233277887106
332 0.54565817117691 0.51721686124802 0.028441295027733
333 0.52173602581024 0.4694619178772 0.052274122834206
334 0.46260532736778 0.43737462162971 0.025230698287487
335 0.44272753596306 0.41544634103775 0.027281180024147
336 0.42466786503792 0.40037348866463 0.024294355884194
337 0.41383227705956 0.38973441720009 0.024097871035337
338 0.40650543570518 0.38239249587059 0.024112965911627
339 0.40207177400589 0.37776213884354 0.02430964820087
340 0.39982190728188 0.3752426803112 0.024579228833318
341 0.39930325746536 0.37438088655472 0.024922359734774
342 0.40060430765152 0.37482389807701 0.025780415162444
343 0.40997564792633 0.37649580836296 0.033479861915112
344 0.40665498375893 0.37919089198112 0.027464088052511
345 0.41614976525307 0.38281562924385 0.033334154635668
346 0.41554597020149 0.38731461763382 0.028231348842382
347 0.41990095376968 0.39266085624695 0.027240078896284
348 0.42611789703369 0.39885118603706 0.027266712859273
349 0.43392497301102 0.40590438246727 0.028020590543747
350 0.44357019662857 0.41386014223099 0.029710037633777
351 0.4568980038166 0.42277920246124 0.034118808805943
352 0.4840005338192 0.43274468183517 0.051255870610476
353 0.49758771061897 0.44386464357376 0.053723067045212
354 0.48871570825577 0.45627072453499 0.032444998621941
355 0.56543481349945 0.47014448046684 0.09529036283493
356 0.51845353841782 0.48569259047508 0.032760966569185
357 0.54030048847198 0.503178358078 0.037122152745724
358 0.57811325788498 0.52292931079865 0.055183943361044
359 0.64414000511169 0.545354783535 0.098785206675529
360 0.61248993873596 0.57096993923187 0.04152000695467
361 0.64086210727692 0.60042858123779 0.040433533489704
362 0.6781935095787 0.63456881046295 0.043624710291624
363 0.72703266143799 0.67447763681412 0.052555043250322
364 0.79570972919464 0.72158324718475 0.074126459658146
365 0.86458206176758 0.77779024839401 0.086791798472404
366 0.96333688497543 0.84567886590958 0.11765799671412
367 1.1732190847397 0.92882204055786 0.24439708888531
368 1.7690937519073 1.0322544574738 0.73683929443359
369 1.9094420671463 1.16326212883 0.74617993831635
370 1.5634585618973 1.3326834440231 0.2307750582695
371 1.7647985219955 1.5571700334549 0.20762848854065
372 1.9415597915649 1.8632878065109 0.0782720297575
373 2.3558473587036 2.2953321933746 0.060515116900206
374 2.9840807914734 2.9310991764069 0.052981667220592
375 3.9918205738068 3.9157981872559 0.076022297143936
376 5.5956048965454 5.5399355888367 0.055669035762548
377 8.4797163009644 8.4272480010986 0.052468772977591
378 14.024765968323 13.967151641846 0.057614803314209
379 24.803995132446 24.758270263672 0.045724637806416
380 39.529850006104 39.493293762207 0.036555528640747
381 31.085006713867 31.049488067627 0.035519581288099
382 17.817945480347 17.782821655273 0.035122763365507
383 10.537254333496 10.502534866333 0.034718845039606
384 6.8001856803894 6.7654528617859 0.034733142703772
385 4.7580122947693 4.7229347229004 0.035077445209026
386 3.5531928539276 3.5169968605042 0.036195889115334
387 2.808967590332 2.7524738311768 0.056493826210499
388 2.2846403121948 2.2476270198822 0.037013173103333
389 1.9432439804077 1.9070724248886 0.036171555519104
390 1.7121789455414 1.6760526895523 0.036126296967268
391 1.5258040428162 1.4884903430939 0.037313718348742
392 1.3602015972137 1.3174413442612 0.04276018217206
393 1.2397495508194 1.1871616840363 0.052587818354368
394 1.1283578872681 1.0890152454376 0.039342608302832
395 1.0629819631577 1.0132347345352 0.049747213721275
396 0.99691528081894 0.95323556661606 0.043679729104042
397 0.98113685846329 0.9053248167038 0.07581203430891
398 0.90947049856186 0.86651563644409 0.042954843491316
399 0.88079434633255 0.83488214015961 0.04591216519475
400 0.90237158536911 0.80901902914047 0.093352548778057
401 0.87707710266113 0.78787344694138 0.089203648269176
402 0.87913870811462 0.77064269781113 0.10849602520466
403 0.82641714811325 0.75670462846756 0.069712519645691
404 0.7994185090065 0.74557203054428 0.053846515715122
405 0.7881150841713 0.73685973882675 0.051255352795124
406 0.78164178133011 0.73026180267334 0.05137998983264
407 0.78047037124634 0.72553443908691 0.054935969412327
408 0.7998588681221 0.72249013185501 0.077368699014187
409 0.78613781929016 0.72096222639084 0.065175548195839
410 0.78280431032181 0.72016406059265 0.062640279531479
411 0.7881835103035 0.72141063213348 0.066772915422916
412 0.79729956388474 0.72389310598373 0.073406487703323
413 0.85782068967819 0.72756797075272 0.13025268912315
414 0.86428540945053 0.73241204023361 0.13187336921692
415 0.8488804101944 0.73842138051987 0.11045905947685
416 0.86386996507645 0.7455575466156 0.11831237375736
417 0.89474213123322 0.75396716594696 0.14077493548393
418 0.93751901388168 0.76365035772324 0.17386867105961
419 1.0013391971588 0.7746889591217 0.22665022313595
420 1.1026042699814 0.7871817946434 0.3154225051403
421 1.2799941301346 0.80129599571228 0.47869816422462
422 1.6329231262207 0.81720542907715 0.81571763753891
423 2.5596654415131 0.83515000343323 1.7245154380798
424 6.0572032928467 0.85544520616531 5.2017579078674
425 13.866973876953 0.87844753265381 12.988526344299
426 3.8483099937439 0.90463900566101 2.9436709880829
427 2.1458203792572 0.93475085496902 1.2110694646835
428 1.6139822006226 0.96966850757599 0.64431363344193
429 1.4392641782761 1.0106273889542 0.4286367893219
430 1.3548250198364 1.0593885183334 0.29543653130531
431 1.3353132009506 1.1185556650162 0.21675750613213
432 1.3597354888916 1.1921988725662 0.16753666102886
433 1.4255173206329 1.2870960235596 0.13842134177685
434 1.5342040061951 1.4156819581985 0.11852208524942
435 1.7080143690109 1.6037231683731 0.10429130494595
436 2.0081458091736 1.9132630825043 0.094882674515247
437 2.591867685318 2.4934875965118 0.098380111157894
438 3.5714242458344 3.483936548233 0.087487772107124
439 5.1539130210876 5.0763440132141 0.077569045126438
440 4.437798500061 4.3636994361877 0.074099361896515
441 3.8983595371246 3.7959175109863 0.10244213789701
442 4.2820544242859 4.1692595481873 0.11279497295618
443 5.3484072685242 5.2826571464539 0.065750479698181
444 6.7208123207092 6.660617351532 0.060194790363312
445 9.6842908859253 9.618860244751 0.065430887043476
446 16.003368377686 15.927237510681 0.076130695641041
447 28.874031066895 28.813423156738 0.060608699917793
448 43.502937316895 43.443077087402 0.059859413653612
449 29.208070755005 29.080015182495 0.12805433571339
450 16.207447052002 16.151636123657 0.055810160934925
451 9.7617435455322 9.7052211761475 0.056522868573666
452 6.5483703613281 6.4835147857666 0.06485553830862
453 4.7879242897034 4.7312521934509 0.056672129780054
454 3.7508153915405 3.6974153518677 0.053400047123432
455 3.1004972457886 3.0462853908539 0.054211642593145
456 2.667120218277 2.6151461601257 0.051973976194859
457 2.3864288330078 2.3188352584839 0.067593574523926
458 2.1651971340179 2.1097776889801 0.055419269949198
459 2.0114221572876 1.9599568843842 0.051465138792992
460 1.9050967693329 1.8525501489639 0.052546571940184
461 1.8332499265671 1.7762368917465 0.057013064622879
462 1.7933785915375 1.7246434688568 0.068735219538212
463 1.8038549423218 1.6931978464127 0.11065702885389
464 1.7640591859818 1.6791450977325 0.08491413295269
465 1.742733836174 1.6843886375427 0.058345280587673
466 1.7775702476501 1.7131040096283 0.064466297626495
467 1.8570364713669 1.7755954265594 0.081441126763821
468 1.9934017658234 1.8974951505661 0.095906510949135
469 2.261691570282 2.1450452804565 0.11664628982544
470 2.7440345287323 2.6659743785858 0.078060030937195
471 3.643397808075 3.2785022258759 0.36489561200142
472 3.2648422718048 3.1945524215698 0.070289708673954
473 3.9585030078888 3.7986080646515 0.15989477932453
474 5.6673774719238 5.5989365577698 0.068440973758698
475 6.4959034919739 6.4242038726807 0.071699902415276
476 4.5736489295959 4.2330837249756 0.34056550264359
477 3.0830411911011 2.9916684627533 0.091372668743134
478 2.5256736278534 2.4411716461182 0.084502004086971
479 2.2787349224091 2.1840360164642 0.094698905944824
480 2.2175536155701 2.058531999588 0.15902145206928
481 2.2030899524689 2.0000810623169 0.20300869643688
482 2.145975112915 1.9809862375259 0.16498890519142
483 2.188835144043 1.9894386529922 0.19939659535885
484 2.3159942626953 2.0232269763947 0.29276740550995
485 2.6111905574799 2.0875563621521 0.52363431453705
486 3.4544253349304 2.2041714191437 1.250254034996
487 7.8461108207703 2.4245371818542 5.421573638916
488 5.0932817459106 2.7886946201324 2.3045871257782
489 3.6099984645844 2.8257670402527 0.78423154354095
490 2.9331274032593 2.543438911438 0.38968858122826
491 2.6440298557281 2.4022936820984 0.24173630774021
492 2.5339798927307 2.3611328601837 0.17284701764584
493 2.5013160705566 2.3679339885712 0.1333821117878
494 2.5104870796204 2.3993175029755 0.11116939038038
495 2.5444638729095 2.4452309608459 0.099233016371727
496 2.6246540546417 2.5011157989502 0.12353830784559
497 2.7031502723694 2.5648455619812 0.13830465078354
498 2.7199530601501 2.6355316638947 0.084421463310719
499 2.8084604740143 2.7128350734711 0.095625475049019
500 2.8705744743347 2.797532081604 0.073042392730713
501 2.9632346630096 2.8921909332275 0.071043536067009
502 3.0794408321381 3.0053584575653 0.074082471430302
503 3.2315793037415 3.1635262966156 0.068052895367146
504 3.349858045578 3.2880554199219 0.061802729964256
505 3.4070806503296 3.343742609024 0.063338108360767
506 3.489483833313 3.4292576313019 0.060226384550333
507 3.612729549408 3.5451142787933 0.067615129053593
508 3.7900543212891 3.6764657497406 0.11358850449324
509 3.9017374515533 3.8174276351929 0.08431002497673
510 4.0276856422424 3.9699296951294 0.057756081223488
511 4.189416885376 4.1340532302856 0.05536375194788
512 4.3653192520142 4.3106784820557 0.054640650749207
513 4.5539946556091 4.4997963905334 0.054198250174522
514 4.7581086158752 4.7030329704285 0.055075611919165
515 5.0504012107849 4.9216804504395 0.12872087955475
516 5.2140331268311 5.1573009490967 0.056732445955276
517 5.481192111969 5.4109439849854 0.070248208940029
518 5.7466945648193 5.6854853630066 0.061209205538034
519 6.0458717346191 5.9839825630188 0.061889089643955
520 6.4852566719055 6.3100671768188 0.17518930137157
521 6.7248687744141 6.6551294326782 0.069739557802677
522 7.2337975502014 7.0316033363342 0.20219387114048
523 7.5572872161865 7.4447774887085 0.11250987648964
524 7.9632143974304 7.8976683616638 0.065546117722988
525 8.4530124664307 8.3949899673462 0.058023247867823
526 8.998911857605 8.941333770752 0.057578448206186
527 9.6098117828369 9.544243812561 0.065567225217819
528 10.27076625824 10.211709022522 0.059057638049126
529 11.01140499115 10.953008651733 0.05839654058218
530 11.837607383728 11.779371261597 0.058235958218575
531 12.769914627075 12.70458984375 0.065325208008289
532 13.797452926636 13.743339538574 0.054113291203976
533 14.96964931488 14.914366722107 0.055282492190599
534 16.394176483154 16.324445724487 0.069731146097183
535 17.914182662964 17.854499816895 0.059683982282877
536 19.67264175415 19.612476348877 0.060165099799633
537 21.702499389648 21.646406173706 0.056093793362379
538 24.060344696045 24.003690719604 0.056654620915651
539 26.837200164795 26.766006469727 0.071195259690285
540 30.103075027466 30.039999008179 0.063076436519623
541 34.015090942383 33.957077026367 0.058015525341034
542 38.753776550293 38.697826385498 0.055949445813894
543 44.572559356689 44.51537322998 0.057183127850294
544 51.835258483887 51.775192260742 0.060065478086472
545 61.131042480469 61.022869110107 0.10817494988441
546 73.12956237793 73.072227478027 0.057336002588272
547 88.93839263916 88.881866455078 0.056529670953751
548 109.19239044189 109.13483428955 0.057556115090847
549 134.45175170898 134.36964416504 0.082105547189713
550 171.2299041748 171.16535949707 0.064558580517769
551 227.02714538574 226.61157226563 0.41557046771049
552 313.23236083984 313.16021728516 0.072171181440353
553 455.26812744141 455.20010375977 0.068031348288059
554 704.06951904297 704.01007080078 0.059426415711641
555 1.1590316162109E+03 1.1589732666016E+03 0.058257628232241
556 1.9348425292969E+03 1.9347846679687E+03 0.05786132439971
557 2.5975153808594E+03 2.5974541015625E+03 0.061223905533552
558 1.8330437011719E+03 1.8329821777344E+03 0.061547104269266
559 1.1003645019531E+03 1.1003005371094E+03 0.063939772546291
560 677.54510498047 677.47802734375 0.067079678177834
561 444.30450439453 444.24490356445 0.05959291011095
562 309.31390380859 309.2548828125 0.059007745236158
563 226.21145629883 226.15046691895 0.060991823673248
564 172.08988952637 172.0265045166 0.063390582799911
565 135.1318359375 135.05995178223 0.071891032159328
566 108.93244934082 108.79476928711 0.13768655061722
567 89.670211791992 89.509803771973 0.16040572524071
568 75.030403137207 74.954742431641 0.075662240386009
569 63.781871795654 63.71057510376 0.071294844150543
570 55.006694793701 54.849517822266 0.15717667341232
571 48.713695526123 47.745548248291 0.96815037727356
572 42.036609649658 41.964527130127 0.072082571685314
573 37.306552886963 37.198055267334 0.10849894583225
574 33.268375396729 33.197105407715 0.071270801126957
575 29.919509887695 29.848407745361 0.071101762354374
576 27.080949783325 27.000413894653 0.080535173416138
577 24.644214630127 24.558237075806 0.085976995527744
578 22.523326873779 22.448246002197 0.07508085668087
579 20.679359436035 20.612417221069 0.066942781209946
580 19.069784164429 19.005655288696 0.06412835419178
581 17.659086227417 17.591449737549 0.067636519670486
582 16.481273651123 16.336549758911 0.14472453296185
583 15.303442955017 15.224468231201 0.078974388539791
584 14.297999382019 14.231513977051 0.066485092043877
585 13.404265403748 13.341335296631 0.06293011456728
586 12.602087020874 12.540309906006 0.061777133494616
587 11.879141807556 11.817015647888 0.06212617084384
588 11.224424362183 11.161827087402 0.062596797943115
589 10.634016036987 10.566586494446 0.067429333925247
590 10.095336914063 10.024351119995 0.070985905826092
591 9.6777696609497 9.529200553894 0.14856907725334
592 9.1485176086426 9.0760946273804 0.072423011064529
593 8.7401933670044 8.6608209609985 0.079372987151146
594 8.3489532470703 8.2799615859985 0.068992041051388
595 8.1081027984619 7.9290661811829 0.17903673648834
596 7.6694960594177 7.6022853851318 0.067210473120213
597 7.3674492835999 7.3023109436035 0.065138570964336
598 7.0905656814575 7.0258078575134 0.064757831394672
599 6.8367347717285 6.7706203460693 0.066114492714405
600 6.6050667762756 6.5350689888 0.069997861981392
