1 3.8256493862718E-03 1.8886388716055E-05 3.8067628629506E-03
2 4.1549568995833E-03 7.5912219472229E-05 4.0790447965264E-03
3 4.3316790834069E-03 1.7233620746993E-04 4.1593429632485E-03
4 4.5283730141819E-03 3.1093807774596E-04 4.2174346745014E-03
5 4.7739022411406E-03 4.967202548869E-04 4.277182277292E-03
6 5.0724907778203E-03 7.2761427145451E-04 4.3448763899505E-03
7 5.4205032065511E-03 9.9750165827572E-04 4.423001781106E-03
8 5.8368383906782E-03 1.3237452367321E-03 4.5130932703614E-03
9 6.3378848135471E-03 1.7183909658343E-03 4.6194940805435E-03
10 6.9351708516479E-03 2.1955207921565E-03 4.7396500594914E-03
11 7.6659815385938E-03 2.7766670100391E-03 4.8893145285547E-03
12 8.5051711648703E-03 3.4974094014615E-03 5.0077619962394E-03
13 9.5773013308644E-03 4.4086491689086E-03 5.1686521619558E-03
14 0.010935790836811 5.5877328850329E-03 5.3480579517782E-03
15 0.012736707925797 7.1778665296733E-03 5.5588418617845E-03
16 0.015227828174829 9.4571430236101E-03 5.7706851512194E-03
17 0.018940411508083 0.012939502485096 6.0009090229869E-03
18 0.024951577186584 0.018685540184379 6.2660351395607E-03
19 0.035614103078842 0.029060607776046 6.5534953027964E-03
20 0.056470200419426 0.049601875245571 6.8683256395161E-03
21 0.098920986056328 0.091707214713097 7.2137699462473E-03
22 0.16280709207058 0.15521416068077 7.5929365120828E-03
23 0.1473963111639 0.13938489556313 8.0114156007767E-03
24 0.098885096609592 0.090410396456718 8.4747020155191E-03
25 0.069735758006573 0.060760270804167 8.9754918590188E-03
26 0.054489318281412 0.044968407601118 9.5209116116166E-03
27 0.046411518007517 0.036286097019911 0.010125421918929
28 0.04208593070507 0.031286101788282 0.010799827985466
29 0.03998739272356 0.028326734900475 0.011660658754408
30 0.03919493034482 0.026580654084682 0.012614278122783
31 0.038904909044504 0.025602953508496 0.01330195646733
32 0.039448797702789 0.025139354169369 0.014309443533421
33 0.040494900196791 0.02503658644855 0.015458310954273
34 0.041876215487719 0.025197960436344 0.016678255051374
35 0.043700493872166 0.025560054928064 0.018140440806746
36 0.045475497841835 0.026081932708621 0.019393566995859
37 0.047713398933411 0.026729546487331 0.020983852446079
38 0.050302296876907 0.027485325932503 0.022816970944405
39 0.053548615425825 0.028329882770777 0.025218730792403
40 0.057574741542339 0.029253520071507 0.028321223333478
41 0.061951778829098 0.030246824026108 0.03170495480299
42 0.068509697914124 0.031303215771914 0.03720647841692
43 0.074694477021694 0.032417364418507 0.042277112603188
44 0.082339867949486 0.033584225922823 0.048755642026663
45 0.091145381331444 0.034802120178938 0.056343261152506
46 0.10196120291948 0.036067511886358 0.065893694758415
47 0.11552396416664 0.037378206849098 0.078145757317543
48 0.13309872150421 0.038732428103685 0.094366297125816
49 0.15681403875351 0.040128719061613 0.11668532341719
50 0.19116884469986 0.041565880179405 0.14960296452045
51 0.24954263865948 0.043042939156294 0.20649971067905
52 0.37786313891411 0.044559102505445 0.33330404758453
53 0.71909040212631 0.04611374437809 0.67297667264938
54 1.6565502882004 0.047706376761198 1.6088439226151
55 3.86936211586 0.049336668103933 3.8200254440308
56 8.9100284576416 0.051004439592361 8.8590240478516
57 18.457412719727 0.052709691226482 18.404703140259
58 18.568338394165 0.054452951997519 18.513885498047
59 22.762811660767 0.056234367191792 22.706577301025
60 23.668979644775 0.058055374771357 23.61092376709
61 24.334951400757 0.059918247163296 24.275032043457
62 21.667966842651 0.061827708035707 21.60613822937
63 24.148115158081 0.063791260123253 24.084323883057
64 7.0422120094299 0.065826788544655 6.9763851165771
65 2.9333446025848 0.067972354590893 2.8653721809387
66 1.2311778068542 0.070308372378349 1.1608694791794
67 0.59349399805069 0.072913192212582 0.52058082818985
68 0.36442151665688 0.075319603085518 0.2891018986702
69 0.27186220884323 0.076940551400185 0.19492165744305
70 0.22520846128464 0.078643664717674 0.14656479656696
71 0.19707658886909 0.080583669245243 0.11649292707443
72 0.17809848487377 0.082673452794552 0.0954250395298
73 0.16476358473301 0.084855571389198 0.079908013343811
74 0.15520915389061 0.087103456258774 0.068105690181255
75 0.14834682643414 0.089402548968792 0.058944281190634
76 0.14349217712879 0.091746218502522 0.051745962351561
77 0.13990657031536 0.094132348895073 0.045774225145578
78 0.13714352250099 0.0965581163764 0.040585409849882
79 0.13573183119297 0.099022381007671 0.036709446460009
80 0.13446283340454 0.10152449458838 0.032938342541456
81 0.13409547507763 0.10406408458948 0.030031390488148
82 0.13415774703026 0.10664097219706 0.027516776695848
83 0.13463167846203 0.10925509780645 0.025376580655575
84 0.13544023036957 0.11190649122 0.023533741012216
85 0.13653841614723 0.1145952641964 0.021943150088191
86 0.13764235377312 0.11732156574726 0.020320780575275
87 0.13924001157284 0.12008561939001 0.019154399633408
88 0.14103218913078 0.12288770824671 0.01814447529614
89 0.14300645887852 0.12572814524174 0.017278309911489
90 0.14514981210232 0.12860740721226 0.01654240489006
91 0.14745864272118 0.13152618706226 0.015932446345687
92 0.14992232620716 0.13448560237885 0.015436724759638
93 0.15261319279671 0.13748779892921 0.015125392004848
94 0.15559059381485 0.14053785800934 0.015052745118737
95 0.15827785432339 0.14364944398403 0.014628400094807
96 0.16230024397373 0.14685316383839 0.015447084791958
97 0.16460272669792 0.15006287395954 0.014539855532348
98 0.16772155463696 0.15314182639122 0.014579731039703
99 0.17119678854942 0.15632006525993 0.014876725152135
100 0.17500029504299 0.15961094200611 0.015389352105558
101 0.17726837098598 0.16292223334312 0.014346129260957
102 0.18170024454594 0.16628235578537 0.015417884103954
103 0.18584148585796 0.16968907415867 0.016152411699295
104 0.19077257812023 0.17314183712006 0.017630748450756
105 0.19589285552502 0.17664083838463 0.019252024590969
106 0.20165011286736 0.18018661439419 0.021463505923748
107 0.20808683335781 0.18378001451492 0.024306822568178
108 0.21543326973915 0.18742200732231 0.028011258691549
109 0.22414970397949 0.19111379981041 0.033035904169083
110 0.23477454483509 0.19485692679882 0.039917625486851
111 0.2516673207283 0.19865329563618 0.053014028817415
112 0.26453348994255 0.20250551402569 0.062027972191572
113 0.28912392258644 0.20641733705997 0.082706578075886
114 0.3277639746666 0.21039459109306 0.11736939102411
115 0.39897665381432 0.21444727480412 0.18452939391136
116 0.53759843111038 0.21859416365623 0.31900426745415
117 0.91616868972778 0.2228737026453 0.69329500198364
118 2.4389271736145 0.22736530005932 2.2115619182587
119 5.5947465896606 0.23218055069447 5.3625659942627
120 1.4027638435364 0.23705412447453 1.1657096147537
121 0.69854563474655 0.24097284674644 0.45757278800011
122 0.48308145999908 0.24478635191917 0.23829509317875
123 0.39563578367233 0.24892212450504 0.14671367406845
124 0.36446362733841 0.25329551100731 0.1111681163311
125 0.33304995298386 0.25782734155655 0.075222611427307
126 0.31946405768394 0.26247918605804 0.056984875351191
127 0.31251788139343 0.26723650097847 0.045281376689672
128 0.31019258499146 0.27209240198135 0.03810016065836
129 0.30888944864273 0.27704563736916 0.031843792647123
130 0.30961421132088 0.28209707140923 0.027517164126039
131 0.31204542517662 0.28725084662437 0.024794572964311
132 0.31438794732094 0.29251053929329 0.021877398714423
133 0.3178396821022 0.29788121581078 0.019958447664976
134 0.32162195444107 0.30336880683899 0.018253123387694
135 0.32594326138496 0.30898007750511 0.016963163390756
136 0.33073389530182 0.31472265720367 0.016011223196983
137 0.33696189522743 0.3206050992012 0.016356790438294
138 0.34080123901367 0.32663697004318 0.014164258725941
139 0.34638664126396 0.33282905817032 0.013557576574385
140 0.35231706500053 0.33919343352318 0.013123625889421
141 0.35883438587189 0.3457435965538 0.013090784661472
142 0.37259548902512 0.35249483585358 0.020100645720959
143 0.37229412794113 0.35946434736252 0.012829774059355
144 0.37861287593842 0.36667138338089 0.011941488832235
145 0.39146906137466 0.37413847446442 0.017330585047603
146 0.39305391907692 0.38189053535461 0.011163395829499
147 0.40086767077446 0.38995626568794 0.010911403223872
148 0.40928700566292 0.39836856722832 0.010918435640633
149 0.41885203123093 0.40716528892517 0.01168674044311
150 0.4272458255291 0.4163790345192 0.010866807773709
151 0.43721187114716 0.42608296871185 0.011128883808851
152 0.44668057560921 0.43632444739342 0.010356138460338
153 0.45752492547035 0.4471723139286 0.010352618992329
154 0.47414600849152 0.45870754122734 0.015438458882272
155 0.48111709952354 0.47102576494217 0.010091315954924
156 0.4944626390934 0.48424059152603 0.010222049430013
157 0.50829321146011 0.49848774075508 9.8054828122258E-03
158 0.52365070581436 0.51393043994904 9.7202872857451E-03
159 0.54045993089676 0.53076630830765 9.6935983747244E-03
160 0.55889815092087 0.54923635721207 9.6618020907044E-03
161 0.57928490638733 0.56963688135147 9.6480315551162E-03
162 0.60204023122787 0.59233510494232 9.7051383927464E-03
163 0.62757158279419 0.61779075860977 9.780865162611E-03
164 0.65692490339279 0.64660596847534 0.010318982414901
165 0.70090281963348 0.6794815659523 0.021421240642667
166 0.72975122928619 0.71739953756332 0.012351743876934
167 0.7719749212265 0.76161998510361 0.010354932397604
168 0.82365584373474 0.81382060050964 9.8352506756783E-03
169 0.88599759340286 0.87627100944519 9.7265467047691E-03
170 0.96183502674103 0.95210093259811 9.7341034561396E-03
171 1.0555485486984 1.0457158088684 9.8327305167913E-03
172 1.173313498497 1.1634664535522 9.8469741642475E-03
173 1.3248578310013 1.3147592544556 0.010098541155457
174 1.5242274999619 1.5139664411545 0.010261075571179
175 1.795800447464 1.7838534116745 0.011947102844715
176 2.1735098361969 2.1620216369629 0.011488155461848
177 2.7240900993347 2.7136797904968 0.010410289280117
178 3.5685043334961 3.5584497451782 0.010054729878902
179 4.9399209022522 4.9298939704895 0.010027043521404
180 7.3235821723938 7.3123364448547 0.0112459436059
181 11.743083000183 11.732998847961 0.010083744302392
182 20.021482467651 20.011270523071 0.010211781598628
183 31.642688751221 31.63207244873 0.010616292245686
184 27.780666351318 27.766403198242 0.014263335615396
185 16.91580581665 16.902063369751 0.013741562142968
186 10.313000679016 10.302397727966 0.010602723807096
187 6.7770824432373 6.7665343284607 0.010548246093094
188 4.8055710792542 4.7952427864075 0.010328580625355
189 3.6308658123016 3.6204798221588 0.010385979898274
190 2.8862593173981 2.8758175373077 0.010441796854138
191 2.3896806240082 2.3791341781616 0.010546530596912
192 2.045304775238 2.034565448761 0.010739343240857
193 1.8009626865387 1.789137005806 0.011825693771243
194 1.6207611560822 1.609205365181 0.01155580766499
195 1.4789650440216 1.4635870456696 0.015377985313535
196 1.3634856939316 1.3506827354431 0.01280299667269
197 1.2751212120056 1.2637991905212 0.011322037316859
198 1.2072410583496 1.1961736679077 0.011067349463701
199 1.1551905870438 1.1435613632202 0.011629150249064
200 1.1157001256943 1.103834271431 0.01186584122479
201 1.0914300680161 1.0773034095764 0.014126709662378
202 1.0797107219696 1.0681439638138 0.011566764675081
203 1.0906405448914 1.0792169570923 0.011423652991652
204 1.0642431974411 1.0530440807343 0.011199150234461
205 1.0144693851471 1.0031387805939 0.011330598965287
206 0.98466569185257 0.97137099504471 0.013294656760991
207 0.96324980258942 0.95145928859711 0.01179052144289
208 0.95090347528458 0.93796521425247 0.01293823774904
209 0.94338715076447 0.92838180065155 0.01500532310456
210 0.93357670307159 0.92116516828537 0.012411558069289
211 0.93053102493286 0.91597825288773 0.014552774839103
212 0.92424434423447 0.91238880157471 0.01185552123934
213 0.92201590538025 0.91009128093719 0.011924612335861
214 0.92130202054977 0.90887540578842 0.012426603585482
215 0.94177842140198 0.90858763456345 0.033190775662661
216 0.92138314247131 0.90910887718201 0.01227427367121
217 0.92245453596115 0.91034346818924 0.012111066840589
218 0.92449480295181 0.91221272945404 0.012282054871321
219 0.92680621147156 0.91465109586716 0.012155130505562
220 0.92981362342834 0.91760283708572 0.012210794724524
221 0.93334805965424 0.92102068662643 0.012327367439866
222 0.93734729290009 0.92488211393356 0.012465158477426
223 0.94179654121399 0.92911559343338 0.012680954299867
224 0.94613599777222 0.93308424949646 0.013051744550467
225 0.95214533805847 0.93806207180023 0.014083312824368
226 0.96784508228302 0.94334369897842 0.024501368403435
227 0.96343129873276 0.94891053438187 0.014520742930472
228 0.96847242116928 0.9547473192215 0.013725148513913
229 0.97514665126801 0.96084326505661 0.014303421601653
230 0.98228275775909 0.96719723939896 0.015085503458977
231 0.99714738130569 0.97383594512939 0.023311417549849
232 0.99772846698761 0.98087918758392 0.016849279403687
233 1.0082288980484 0.98825180530548 0.019977128133178
234 1.0430698394775 0.99500173330307 0.048068109899759
235 1.0246530771255 1.0020687580109 0.022584307938814
236 1.0311603546143 1.0094841718674 0.021676195785403
237 1.059202671051 1.0171271562576 0.042075507342815
238 1.0428094863892 1.0249586105347 0.017850963398814
239 1.0868377685547 1.0329620838165 0.053875736892223
240 1.0572025775909 1.0411285161972 0.016074046492577
241 1.0656254291534 1.0494531393051 0.016172321513295
242 1.0835207700729 1.0579310655594 0.025589779019356
243 1.090744137764 1.0665588378906 0.024185284972191
244 1.0963987112045 1.0753339529037 0.021064665168524
245 1.099995136261 1.0842537879944 0.01574144884944
246 1.1085721254349 1.0933164358139 0.015255785547197
247 1.1193692684174 1.1025204658508 0.016848793253303
248 1.1481306552887 1.111864566803 0.036266051232815
249 1.1432369947433 1.1213481426239 0.021888894960284
250 1.156943321228 1.1309702396393 0.025973094627261
251 1.1612551212311 1.1407306194305 0.02052447758615
252 1.1667070388794 1.1506292819977 0.016077686101198
253 1.1761653423309 1.16066634655 0.015498954802752
254 1.1860971450806 1.1708421707153 0.015254960395396
255 1.1963751316071 1.1811574697495 0.015217679552734
256 1.2069175243378 1.1916130781174 0.015304429456592
257 1.2180917263031 1.2022100687027 0.015881605446339
258 1.2331910133362 1.2129498720169 0.020241102203727
259 1.2495151758194 1.2238341569901 0.025680981576443
260 1.2511724233627 1.2348645925522 0.016307853162289
261 1.2622349262238 1.2460434436798 0.016191525384784
262 1.2743556499481 1.2573713064194 0.016984347254038
263 1.2937418222427 1.2688542604446 0.024887569248676
264 1.3013415336609 1.2805331945419 0.020808320492506
265 1.3165041208267 1.2923322916031 0.024171881377697
266 1.3213467597961 1.3042943477631 0.0170524045825
267 1.3412001132965 1.3164234161377 0.024776626378298
268 1.346150636673 1.3287264108658 0.017424257472157
269 1.3578766584396 1.3412029743195 0.016673700883985
270 1.3705317974091 1.3538608551025 0.016670886427164
271 1.3844097852707 1.3667067289352 0.017703022807837
272 1.398123383522 1.379751086235 0.018372258171439
273 1.4607269763947 1.3930089473724 0.067717991769314
274 1.427635550499 1.4064345359802 0.021200919523835
275 1.4411593675613 1.420077085495 0.021082310006022
276 1.4554368257523 1.433952331543 0.021484479308128
277 1.4782602787018 1.4480620622635 0.03019817173481
278 1.4807708263397 1.4624153375626 0.018355494365096
279 1.4960362911224 1.4770231246948 0.01901326328516
280 1.5102463960648 1.4918977022171 0.018348665907979
281 1.5278193950653 1.5070531368256 0.02076630666852
282 1.5405226945877 1.5225007534027 0.01802191324532
283 1.5596508979797 1.5382654666901 0.021385379135609
284 1.5729296207428 1.5543622970581 0.018567366525531
285 1.5909017324448 1.5708123445511 0.020089339464903
286 1.6552205085754 1.58764564991 0.067574813961983
287 1.628563284874 1.6048768758774 0.023686395958066
288 1.6439344882965 1.6225417852402 0.021392690017819
289 1.740715265274 1.6406744718552 0.10004077106714
290 1.6792842149734 1.65931391716 0.019970221444964
291 1.7046681642532 1.6785049438477 0.026163298636675
292 1.7180353403091 1.6983004808426 0.019734801724553
293 1.7510968446732 1.718768119812 0.032328758388758
294 1.760390996933 1.7400401830673 0.020350906997919
295 1.7818150520325 1.7621368169785 0.019678192213178
296 1.8047088384628 1.7848504781723 0.019858364015818
297 1.8302167654037 1.8086510896683 0.021565737202764
298 1.8599478006363 1.8336411714554 0.026306657120585
299 1.8864368200302 1.8599021434784 0.026534711942077
300 1.9122931957245 1.8875386714935 0.024754570797086
301 1.9488064050674 1.9168730974197 0.031933270394802
302 1.9801224470139 1.948303937912 0.031818423420191
303 2.0227010250092 1.9818222522736 0.040878817439079
304 2.0397610664368 2.0179789066315 0.021782102063298
305 2.0779635906219 2.0572671890259 0.020696440711617
306 2.1203434467316 2.1003115177155 0.020032031461596
307 2.1680340766907 2.147910118103 0.020123852416873
308 2.221372127533 2.2010989189148 0.020273312926292
309 2.2819652557373 2.261239528656 0.020725760608912
310 2.3610610961914 2.3301529884338 0.030908217653632
311 2.4312961101532 2.4103183746338 0.020977675914764
312 2.5260367393494 2.5051827430725 0.020854050293565
313 2.640869140625 2.6196527481079 0.02121633477509
314 2.7827870845795 2.7609114646912 0.02187548391521
315 2.9642035961151 2.9398159980774 0.024387529119849
316 3.2104761600494 3.1734530925751 0.037023164331913
317 3.5194876194 3.4900257587433 0.029461767524481
318 3.9618735313416 3.9391274452209 0.02274621091783
319 4.638418674469 4.6147789955139 0.023639583960176
320 5.7316117286682 5.7040004730225 0.027611287310719
321 7.4989252090454 7.4758858680725 0.023038925603032
322 10.067649841309 10.045351982117 0.02229799516499
323 15.041254997253 15.018515586853 0.022738721221685
324 25.025115966797 25.001560211182 0.023555664345622
325 38.078056335449 38.052955627441 0.025102201849222
326 29.518486022949 29.48740196228 0.031084954738617
327 17.756092071533 17.664949417114 0.091143898665905
328 11.302356719971 11.274829864502 0.027526373043656
329 8.0398607254028 8.0152950286865 0.024565240368247
330 6.2651171684265 6.2416753768921 0.023441933095455
331 5.2273278236389 5.2030944824219 0.024233277887106
332 4.5853748321533 4.5569334030151 0.028441295027733
333 4.1884632110596 4.1361889839172 0.052274122834206
334 3.8787150382996 3.8534843921661 0.025230698287487
335 3.6875667572021 3.6602854728699 0.027281180024147
336 3.5517807006836 3.5274863243103 0.024294355884194
337 3.4578485488892 3.4337508678436 0.024097871035337
338 3.3931777477264 3.3690648078918 0.024112965911627
339 3.3525788784027 3.3282692432404 0.02430964820087
340 3.330650806427 3.3060715198517 0.024579228833318
341 3.3234009742737 3.298478603363 0.024922359734774
342 3.3281621932983 3.3023817539215 0.025780415162444
343 3.3505918979645 3.3171122074127 0.033479861915112
344 3.3683214187622 3.3408572673798 0.027464088052511
345 3.4061269760132 3.3727927207947 0.033334154635668
346 3.4406626224518 3.4124312400818 0.028231348842382
347 3.4867744445801 3.4595341682434 0.027240078896284
348 3.5413405895233 3.5140738487244 0.027266712859273
349 3.6042366027832 3.5762162208557 0.028020590543747
350 3.6760203838348 3.6463103294373 0.029710037633777
351 3.7590103149414 3.7248914241791 0.034118808805943
352 3.8639481067657 3.8126921653748 0.051255870610476
353 3.9643876552582 3.9106645584106 0.053723067045212
354 4.0524129867554 4.0199680328369 0.032444998621941
355 4.2374930381775 4.1422028541565 0.09529036283493
356 4.3119502067566 4.2791891098022 0.032760966569185
357 4.4703698158264 4.4332475662231 0.037122152745724
358 4.662446975708 4.6072630882263 0.055183943361044
359 4.903627872467 4.8048424720764 0.098785206675529
360 5.0720443725586 5.0305242538452 0.04152000695467
361 5.3305025100708 5.290069103241 0.040433533489704
362 5.6344861984253 5.5908613204956 0.043624710291624
363 5.995032787323 5.9424777030945 0.052555043250322
364 6.4316282272339 6.3575015068054 0.074126459658146
365 6.9395041465759 6.8527126312256 0.086791798472404
366 7.5685024261475 7.4508447647095 0.11765799671412
367 8.427773475647 8.1833763122559 0.24439708888531
368 9.8315057754517 9.0946664810181 0.73683929443359
369 10.995088577271 10.248908996582 0.74617993831635
370 11.972368240356 11.741593360901 0.2307750582695
371 13.92705821991 13.719429969788 0.20762848854065
372 16.494749069214 16.416477203369 0.0782720297575
373 20.283514022827 20.222999572754 0.060515116900206
374 25.877397537231 25.824417114258 0.052981667220592
375 34.576118469238 34.500095367432 0.076022297143936
376 48.865211486816 48.809543609619 0.055669035762548
377 74.300643920898 74.248176574707 0.052468772977591
378 123.11505126953 123.05743408203 0.057614803314209
379 218.17819213867 218.13247680664 0.045724637806416
380 347.99179077148 347.95523071289 0.036555528640747
381 273.5966796875 273.56118774414 0.035519581288099
382 156.71047973633 156.6753692627 0.035122763365507
383 92.567192077637 92.532470703125 0.034718845039606
384 59.641681671143 59.606948852539 0.034733142703772
385 41.64644241333 41.611366271973 0.035077445209026
386 31.022659301758 30.986463546753 0.036195889115334
387 24.307132720947 24.250638961792 0.056493826210499
388 19.839706420898 19.802694320679 0.037013173103333
389 16.838413238525 16.802240371704 0.036171555519104
390 14.802969932556 14.766843795776 0.036126296967268
391 13.151641845703 13.114327430725 0.037313718348742
392 11.650062561035 11.60730266571 0.04276018217206
393 10.512063026428 10.459475517273 0.052587818354368
394 9.6340999603271 9.5947570800781 0.039342608302832
395 8.9768409729004 8.9270935058594 0.049747213721275
396 8.4421510696411 8.3984708786011 0.043679729104042
397 8.0521669387817 7.976354598999 0.07581203430891
398 7.6773815155029 7.6344265937805 0.042954843491316
399 7.40163230896 7.3557200431824 0.04591216519475
400 7.2212057113647 7.1278533935547 0.093352548778057
401 7.0307540893555 6.9415507316589 0.089203648269176
402 6.8982348442078 6.7897391319275 0.10849602520466
403 6.7366504669189 6.666937828064 0.069712519645691
404 6.6227006912231 6.5688538551331 0.053846515715122
405 6.5433497428894 6.4920945167542 0.051255352795124
406 6.4853434562683 6.4339637756348 0.05137998983264
407 6.4472489356995 6.39231300354 0.054935969412327
408 6.4428601264954 6.3654913902283 0.077368699014187
409 6.4172058105469 6.3520302772522 0.065175548195839
410 6.4076375961304 6.3449974060059 0.062640279531479
411 6.4227533340454 6.3559803962708 0.066772915422916
412 6.4512586593628 6.3778519630432 0.073406487703323
413 6.5404825210571 6.4102296829224 0.13025268912315
414 6.5847816467285 6.4529085159302 0.13187336921692
415 6.6163125038147 6.5058536529541 0.11045905947685
416 6.6870393753052 6.568727016449 0.11831237375736
417 6.7835946083069 6.6428198814392 0.14077493548393
418 6.9020018577576 6.7281332015991 0.17386867105961
419 7.0520386695862 6.8253884315491 0.22665022313595
420 7.2508792877197 6.9354567527771 0.3154225051403
421 7.538507938385 7.0598096847534 0.47869816422462
422 8.015697479248 7.1999797821045 0.81571763753891
423 9.0825958251953 7.3580799102783 1.7245154380798
424 12.738648414612 7.5368905067444 5.2017579078674
425 20.728078842163 7.7395524978638 12.988526344299
426 10.913983345032 7.9703121185303 2.9436709880829
427 9.446681022644 8.2356119155884 1.2110694646835
428 9.1875677108765 8.5432538986206 0.64431363344193
429 9.3327589035034 8.9041213989258 0.4286367893219
430 9.6291675567627 9.3337306976318 0.29543653130531
431 10.071780204773 9.8550233840942 0.21675750613213
432 10.671391487122 10.503854751587 0.16753666102886
433 11.478366851807 11.339945793152 0.13842134177685
434 12.591372489929 12.472850799561 0.11852208524942
435 14.233876228333 14.129585266113 0.10429130494595
436 16.951665878296 16.856782913208 0.094882674515247
437 22.067224502563 21.968843460083 0.098380111157894
438 30.78267288208 30.695184707642 0.087487772107124
439 44.802639007568 44.725070953369 0.077569045126438
440 38.52042388916 38.446323394775 0.074099361896515
441 33.546329498291 33.44388961792 0.10244213789701
442 36.846008300781 36.733215332031 0.11279497295618
443 46.608543395996 46.542793273926 0.065750479698181
444 58.743492126465 58.683296203613 0.060194790363312
445 84.812294006348 84.746864318848 0.065430887043476
446 140.40287780762 140.32675170898 0.076130695641041
447 253.92095947266 253.8603515625 0.060608699917793
448 382.81463623047 382.75476074219 0.059859413653612
449 256.33721923828 256.20916748047 0.12805433571339
450 142.35963439941 142.30381774902 0.055810160934925
451 85.564270019531 85.507743835449 0.056522868573666
452 57.187793731689 57.122936248779 0.06485553830862
453 41.741317749023 41.684646606445 0.056672129780054
454 32.62943649292 32.576038360596 0.053400047123432
455 26.893476486206 26.839265823364 0.054211642593145
456 23.092691421509 23.040718078613 0.051973976194859
457 20.497667312622 20.430072784424 0.067593574523926
458 18.643592834473 18.588174819946 0.055419269949198
459 17.319644927979 17.268178939819 0.051465138792992
460 16.374420166016 16.321872711182 0.052546571940184
461 15.706528663635 15.649515151978 0.057013064622879
462 15.263687133789 15.194952011108 0.068735219538212
463 15.028558731079 14.917901039124 0.11065702885389
464 14.87900352478 14.794089317322 0.08491413295269
465 14.898632049561 14.840287208557 0.058345280587673
466 15.1577501297 15.093283653259 0.064466297626495
467 15.725304603577 15.643863677979 0.081441126763821
468 16.813766479492 16.717861175537 0.095906510949135
469 19.015542984009 18.898897171021 0.11664628982544
470 23.566598892212 23.488538742065 0.078060030937195
471 29.250102996826 28.885208129883 0.36489561200142
472 28.215860366821 28.145570755005 0.070289708673954
473 33.627490997314 33.467594146729 0.15989477932453
474 49.397811889648 49.329372406006 0.068440973758698
475 56.672077178955 56.60037612915 0.071699902415276
476 37.636100769043 37.29553604126 0.34056550264359
477 26.449436187744 26.358062744141 0.091372668743134
478 21.592416763306 21.507915496826 0.084502004086971
479 19.33712387085 19.24242401123 0.094698905944824
480 18.295696258545 18.136674880981 0.15902145206928
481 17.824701309204 17.621692657471 0.20300869643688
482 17.618446350098 17.453458786011 0.16498890519142
483 17.727323532104 17.527927398682 0.19939659535885
484 18.118385314941 17.825618743896 0.29276740550995
485 18.916027069092 18.392393112183 0.52363431453705
486 20.670082092285 19.419826507568 1.250254034996
487 26.782932281494 21.361358642578 5.421573638916
488 26.874349594116 24.569763183594 2.3045871257782
489 25.680620193481 24.896389007568 0.78423154354095
490 22.798627853394 22.408939361572 0.38968858122826
491 21.407117843628 21.165382385254 0.24173630774021
492 20.975582122803 20.802736282349 0.17284701764584
493 20.99603843689 20.862657546997 0.1333821117878
494 21.250329971313 21.139162063599 0.11116939038038
495 21.642913818359 21.54368019104 0.099233016371727
496 22.159591674805 22.036052703857 0.12353830784559
497 22.735847473145 22.597543716431 0.13830465078354
498 23.304744720459 23.220323562622 0.084421463310719
499 23.99702835083 23.901403427124 0.095625475049019
500 24.720668792725 24.647624969482 0.073042392730713
501 25.552661895752 25.481616973877 0.071043536067009
502 26.552759170532 26.478677749634 0.074082471430302
503 27.940267562866 27.872213363647 0.068052895367146
504 29.031177520752 28.969375610352 0.061802729964256
505 29.523344039917 29.460006713867 0.063338108360767
506 30.273662567139 30.213436126709 0.060226384550333
507 31.301805496216 31.234191894531 0.067615129053593
508 32.50505065918 32.391460418701 0.11358850449324
509 33.717712402344 33.633403778076 0.08431002497673
510 35.034778594971 34.977024078369 0.057756081223488
511 36.478397369385 36.423030853271 0.05536375194788
512 38.033824920654 37.979187011719 0.054640650749207
513 39.699607849121 39.645408630371 0.054198250174522
514 41.491096496582 41.436019897461 0.055075611919165
515 43.491130828857 43.362411499023 0.12872087955475
516 45.49507522583 45.438343048096 0.056732445955276
517 47.743312835693 47.67306137085 0.070248208940029
518 50.153114318848 50.091903686523 0.061209205538034
519 52.783702850342 52.721813201904 0.061889089643955
520 55.769966125488 55.594779968262 0.17518930137157
521 58.704681396484 58.634944915771 0.069739557802677
522 62.15406036377 61.951866149902 0.20219387114048
523 65.704635620117 65.592132568359 0.11250987648964
524 69.64786529541 69.582321166992 0.065546117722988
525 74.021987915039 73.963966369629 0.058023247867823
526 78.835098266602 78.777519226074 0.057578448206186
527 84.155029296875 84.089462280273 0.065567225217819
528 90.029205322266 89.970146179199 0.059057638049126
529 96.559761047363 96.501365661621 0.05839654058218
530 103.8402557373 103.78202056885 0.058235958218575
531 111.99897766113 111.93364715576 0.065325208008289
532 121.13965606689 121.08554077148 0.054113291203976
533 131.4581451416 131.40286254883 0.055282492190599
534 143.89608764648 143.82635498047 0.069731146097183
535 157.36656188965 157.30686950684 0.059683982282877
536 172.85566711426 172.79550170898 0.060165099799633
537 190.77151489258 190.71542358398 0.056093793362379
538 211.54090881348 211.48425292969 0.056654620915651
539 235.89279174805 235.82159423828 0.071195259690285
540 264.73016357422 264.66708374023 0.063076436519623
541 299.23648071289 299.17846679687 0.058015525341034
542 341.00271606445 340.94677734375 0.055949445813894
543 392.25939941406 392.20220947266 0.057183127850294
544 456.22485351563 456.1647644043 0.060065478086472
545 537.74951171875 537.64129638672 0.10817494988441
546 643.859375 643.80206298828 0.057336002588272
547 783.14923095703 783.09271240234 0.056529670953751
548 961.58880615234 961.53125 0.057556115090847
549 1.1839444580078E+03 1.1838623046875E+03 0.082105547189713
550 1.5081149902344E+03 1.5080504150391E+03 0.064558580517769
551 1.9969743652344E+03 1.9965588378906E+03 0.41557046771049
552 2.7591667480469E+03 2.7590944824219E+03 0.072171181440353
553 4.010603515625E+03 4.0105354003906E+03 0.068031348288059
554 6.202732421875E+03 6.2026733398438E+03 0.059426415711641
555 1.02111796875E+04 1.0211122070312E+04 0.058257628232241
556 1.704645703125E+04 1.70463984375E+04 0.05786132439971
557 2.288490234375E+04 2.2884841796875E+04 0.061223905533552
558 1.614953125E+04 1.6149469726562E+04 0.061547104269266
559 9.69425E+03 9.694185546875E+03 0.063939772546291
560 5.9689794921875E+03 5.9689125976563E+03 0.067079678177834
561 3.9140744628906E+03 3.9140148925781E+03 0.05959291011095
562 2.7247458496094E+03 2.7246867675781E+03 0.059007745236158
563 1.9925572509766E+03 1.9924962158203E+03 0.060991823673248
564 1.5157010498047E+03 1.5156375732422E+03 0.063390582799911
565 1.1900161132812E+03 1.1899442138672E+03 0.071891032159328
566 958.67279052734 958.53509521484 0.13768655061722
567 788.78558349609 788.62518310547 0.16040572524071
568 660.46356201172 660.38793945313 0.075662240386009
569 561.39263916016 561.32135009766 0.071294844150543
570 483.40823364258 483.25106811523 0.15717667341232
571 421.62976074219 420.66162109375 0.96815037727356
572 369.80010986328 369.72802734375 0.072082571685314
573 327.84155273437 327.73306274414 0.10849894583225
574 292.5539855957 292.48272705078 0.071270801126957
575 263.05017089844 262.97906494141 0.071101762354374
576 237.96739196777 237.8868560791 0.080535173416138
577 216.45606994629 216.37008666992 0.085976995527744
578 197.85510253906 197.78002929687 0.07508085668087
579 181.67242431641 181.60546875 0.066942781209946
580 167.51324462891 167.44911193848 0.06412835419178
581 155.0569152832 154.98927307129 0.067636519670486
582 144.0777130127 143.93298339844 0.14472453296185
583 134.21398925781 134.13500976563 0.078974388539791
584 125.45308685303 125.38660430908 0.066485092043877
585 117.60661315918 117.54368591309 0.06293011456728
586 110.54804229736 110.48626708984 0.061777133494616
587 104.17581939697 104.1136932373 0.06212617084384
588 98.403755187988 98.341156005859 0.062596797943115
589 93.164222717285 93.096794128418 0.067429333925247
590 88.390426635742 88.319435119629 0.070985905826092
591 84.105484008789 83.956916809082 0.14856907725334
592 80.037254333496 79.964836120605 0.072423011064529
593 76.385437011719 76.306060791016 0.079372987151146
594 73.019500732422 72.950508117676 0.068992041051388
595 70.037986755371 69.858947753906 0.17903673648834
596 67.047065734863 66.979850769043 0.067210473120213
597 64.402069091797 64.336929321289 0.065138570964336
598 61.965560913086 61.900802612305 0.064757831394672
599 59.718589782715 59.652473449707 0.066114492714405
600 57.647151947021 57.577156066895 0.069997861981392
