1 3.8110155146569E-03 4.2525448407105E-06 3.8067628629506E-03
2 4.0961373597383E-03 1.709273965389E-05 4.0790447965264E-03
3 4.1981469839811E-03 3.8804002542747E-05 4.1593429632485E-03
4 4.2874468490481E-03 7.0012225478422E-05 4.2174346745014E-03
5 4.3890262022614E-03 1.1184378672624E-04 4.277182277292E-03
6 4.5087095350027E-03 1.6383292677347E-04 4.3448763899505E-03
7 4.6476037241518E-03 2.2460200125352E-04 4.423001781106E-03
8 4.8111537471414E-03 2.9806047677994E-04 4.5130932703614E-03
9 5.006414372474E-03 3.8692067028023E-04 4.6194940805435E-03
10 5.2340035326779E-03 4.9435341497883E-04 4.7396500594914E-03
11 5.5145211517811E-03 6.2520691426471E-04 4.8893145285547E-03
12 5.7952543720603E-03 7.8749255044386E-04 5.0077619962394E-03
13 6.1613232828677E-03 9.9267135374248E-04 5.1686521619558E-03
14 6.6062170080841E-03 1.2581591727212E-03 5.3480579517782E-03
15 7.1750427596271E-03 1.6162008978426E-03 5.5588418617845E-03
16 7.9000983387232E-03 2.1294131875038E-03 5.7706851512194E-03
17 8.9144259691238E-03 2.913516946137E-03 6.0009090229869E-03
18 0.010473356582224 4.2073209770024E-03 6.2660351395607E-03
19 0.013096912764013 6.5434179268777E-03 6.5534953027964E-03
20 0.018036909401417 0.011168583296239 6.8683256395161E-03
21 0.027862982824445 0.020649211481214 7.2137699462473E-03
22 0.042541660368443 0.034948721528053 7.5929365120828E-03
23 0.039395950734615 0.031384535133839 8.0114156007767E-03
24 0.028831915929914 0.020357213914394 8.4747020155191E-03
25 0.022656550630927 0.013681057840586 8.9754918590188E-03
26 0.01964620128274 0.010125290602446 9.5209116116166E-03
27 0.018295764923096 8.1703420728445E-03 0.010125421918929
28 0.017844349145889 7.0445206947625E-03 0.010799827985466
29 0.018038835376501 6.3781761564314E-03 0.011660658754408
30 0.018599297851324 5.9850201942027E-03 0.012614278122783
31 0.019066832959652 5.7648769579828E-03 0.01330195646733
32 0.019969934597611 5.6604910641909E-03 0.014309443533421
33 0.021095663309097 5.637351423502E-03 0.015458310954273
34 0.022351942956448 5.6736869737506E-03 0.016678255051374
35 0.023895658552647 5.7552177459002E-03 0.018140440806746
36 0.025266293436289 5.8727259747684E-03 0.019393566995859
37 0.027002397924662 6.0185459442437E-03 0.020983852446079
38 0.029005691409111 6.1887204647064E-03 0.022816970944405
39 0.03159761801362 6.3788848929107E-03 0.025218730792403
40 0.034908078610897 6.5868548117578E-03 0.028321223333478
41 0.038515467196703 6.8105119280517E-03 0.03170495480299
42 0.044254850596189 7.0483740419149E-03 0.03720647841692
43 0.049576353281736 7.2992406785488E-03 0.042277112603188
44 0.056317619979382 7.5619760900736E-03 0.048755642026663
45 0.064179465174675 7.8362030908465E-03 0.056343261152506
46 0.074014820158482 8.1211244687438E-03 0.065893694758415
47 0.086562000215054 8.4162466228008E-03 0.078145757317543
48 0.10308746993542 8.7211690843105E-03 0.094366297125816
49 0.12572088837624 9.0355640277267E-03 0.11668532341719
50 0.15896211564541 9.3591623008251E-03 0.14960296452045
51 0.21619144082069 9.6917431801558E-03 0.20649971067905
52 0.34333717823029 0.010033129714429 0.33330404758453
53 0.6833598613739 0.010383179411292 0.67297667264938
54 1.6195856332779 0.010741784237325 1.6088439226151
55 3.8311343193054 0.011108867824078 3.8200254440308
56 8.8705081939697 0.011484390124679 8.8590240478516
57 18.416572570801 0.011868353001773 18.404703140259
58 18.526145935059 0.012260872870684 18.513885498047
59 22.719240188599 0.012661985121667 22.706577301025
60 23.623996734619 0.013072011061013 23.61092376709
61 24.288524627686 0.013491463847458 24.275032043457
62 21.620059967041 0.013921406120062 21.60613822937
63 24.098686218262 0.014363529160619 24.084323883057
64 6.9912071228027 0.014821857213974 6.9763851165771
65 2.8806772232056 0.015304963104427 2.8653721809387
66 1.1767004728317 0.01583095267415 1.1608694791794
67 0.53699827194214 0.016417464241385 0.52058082818985
68 0.30606120824814 0.016959302127361 0.2891018986702
69 0.21224594116211 0.017324283719063 0.19492165744305
70 0.16427256166935 0.017707765102386 0.14656479656696
71 0.13463750481606 0.018144583329558 0.11649292707443
72 0.1140401661396 0.018615128472447 0.0954250395298
73 0.099014475941658 0.019106466323137 0.079908013343811
74 0.087718300521374 0.019612610340118 0.068105690181255
75 0.079074561595917 0.020130282267928 0.058944281190634
76 0.072403952479362 0.020657995715737 0.051745962351561
77 0.066969491541386 0.021195266395807 0.045774225145578
78 0.062326870858669 0.021741462871432 0.040585409849882
79 0.05900577455759 0.022296328097582 0.036709446460009
80 0.055798061192036 0.022859714925289 0.032938342541456
81 0.05346293374896 0.023431541398168 0.030031390488148
82 0.051528539508581 0.024011764675379 0.027516776695848
83 0.049976952373981 0.024600371718407 0.025376580655575
84 0.048731114715338 0.025197373703122 0.023533741012216
85 0.047745939344168 0.025802789255977 0.021943150088191
86 0.046737436205149 0.026416655629873 0.020320780575275
87 0.046193420886993 0.027039021253586 0.019154399633408
88 0.045814428478479 0.02766995318234 0.01814447529614
89 0.045587826520205 0.02830951847136 0.017278309911489
90 0.045500233769417 0.028957827016711 0.01654240489006
91 0.045547481626272 0.02961503341794 0.015932446345687
92 0.045718111097813 0.030281387269497 0.015436724759638
93 0.046082768589258 0.030957376584411 0.015125392004848
94 0.04669688269496 0.031644139438868 0.015052745118737
95 0.046973161399364 0.03234476223588 0.014628400094807
96 0.04851320758462 0.033066123723984 0.015447084791958
97 0.048328690230846 0.033788833767176 0.014539855532348
98 0.049061838537455 0.034482106566429 0.014579731039703
99 0.050074458122253 0.035197734832764 0.014876725152135
100 0.051328077912331 0.03593872487545 0.015389352105558
101 0.051030438393354 0.036684308201075 0.014346129260957
102 0.052858773618937 0.03744088858366 0.015417884103954
103 0.054360371083021 0.038207959383726 0.016152411699295
104 0.056616149842739 0.038985397666693 0.017630748450756
105 0.059025276452303 0.039773251861334 0.019252024590969
106 0.062035139650106 0.040571633726358 0.021463505923748
107 0.06568755954504 0.041380740702152 0.024306822568178
108 0.070212043821812 0.042200788855553 0.028011258691549
109 0.076067954301834 0.043032050132751 0.033035904169083
110 0.083792492747307 0.043874867260456 0.039917625486851
111 0.097743704915047 0.044729676097631 0.053014028817415
112 0.10762503743172 0.045597061514854 0.062027972191572
113 0.12918443977833 0.046477865427732 0.082706578075886
114 0.16474279761314 0.047373399138451 0.11736939102411
115 0.232815310359 0.04828592017293 0.18452939391136
116 0.36822390556335 0.049219653010368 0.31900426745415
117 0.74347823858261 0.05018325150013 0.69329500198364
118 2.2627563476563 0.051194600760937 2.2115619182587
119 5.4148449897766 0.052278827875853 5.3625659942627
120 1.2190858125687 0.05337618291378 1.1657096147537
121 0.51183134317398 0.054258540272713 0.45757278800011
122 0.2934122979641 0.055117204785347 0.23829509317875
123 0.20276211202145 0.056048430502415 0.14671367406845
124 0.16820128262043 0.057033162564039 0.1111681163311
125 0.13327617943287 0.058053571730852 0.075222611427307
126 0.11608587950468 0.0591010004282 0.056984875351191
127 0.10545355826616 0.060172185301781 0.045281376689672
128 0.099365718662739 0.06126556172967 0.03810016065836
129 0.094224646687508 0.062380854040384 0.031843792647123
130 0.091035418212414 0.06351825594902 0.027517164126039
131 0.089473277330399 0.064678706228733 0.024794572964311
132 0.087740398943424 0.065862998366356 0.021877398714423
133 0.087030731141567 0.067072287201881 0.019958447664976
134 0.086561024188995 0.068307898938656 0.018253123387694
135 0.086534522473812 0.069571353495121 0.016963163390756
136 0.086875602602959 0.070864379405975 0.016011223196983
137 0.088545687496662 0.072188891470432 0.016356790438294
138 0.087711319327354 0.073547065258026 0.014164258725941
139 0.088498882949352 0.074941299855709 0.013557576574385
140 0.089497953653336 0.07637432962656 0.013123625889421
141 0.090939983725548 0.077849194407463 0.013090784661472
142 0.099469982087612 0.079369336366653 0.020100645720959
143 0.093768395483494 0.080938622355461 0.012829774059355
144 0.094502881169319 0.082561388611794 0.011941488832235
145 0.10157329589128 0.084242708981037 0.017330585047603
146 0.097151599824429 0.085988201200962 0.011163395829499
147 0.098715722560883 0.087804317474365 0.010911403223872
148 0.10061690956354 0.089698471128941 0.010918435640633
149 0.10336592048407 0.09167917817831 0.01168674044311
150 0.10462059825659 0.093753792345524 0.010866807773709
151 0.10706765949726 0.09593877196312 0.011128883808851
152 0.10860092937946 0.098244793713093 0.010356138460338
153 0.11103996634483 0.1006873473525 0.010352618992329
154 0.11872313171625 0.10328467190266 0.015438458882272
155 0.11614961177111 0.10605829954147 0.010091315954924
156 0.11925585567951 0.10903380811214 0.010222049430013
157 0.12204723805189 0.11224175989628 9.8054828122258E-03
158 0.12543919682503 0.11571890860796 9.7202872857451E-03
159 0.12920334935188 0.11950974911451 9.6935983747244E-03
160 0.13333034515381 0.12366855144501 9.6618020907044E-03
161 0.13791005313396 0.12826201319695 9.6480315551162E-03
162 0.14307799935341 0.13337285816669 9.7051383927464E-03
163 0.14888542890549 0.13910456001759 9.780865162611E-03
164 0.15591171383858 0.14559271931648 0.010318982414901
165 0.17441639304161 0.15299515426159 0.021421240642667
166 0.17388467490673 0.16153292357922 0.012351743876934
167 0.18184474110603 0.17148980498314 0.010354932397604
168 0.19307878613472 0.18324352800846 9.8352506756783E-03
169 0.20703169703484 0.19730515778065 9.7265467047691E-03
170 0.22411346435547 0.21437935531139 9.7341034561396E-03
171 0.24529083073139 0.23545810580254 9.8327305167913E-03
172 0.271818369627 0.26197138428688 9.8469741642475E-03
173 0.30613568425179 0.29603713750839 0.010098541155457
174 0.3511526286602 0.34089154005051 0.010261075571179
175 0.41360759735107 0.40166050195694 0.011947102844715
176 0.49829876422882 0.48681059479713 0.011488155461848
177 0.62143474817276 0.61102443933487 0.010410289280117
178 0.81129139661789 0.80123662948608 0.010054729878902
179 1.1200642585754 1.1100373268127 0.010027043521404
180 1.657724738121 1.6464787721634 0.0112459436059
181 2.6519389152527 2.6418552398682 0.010083744302392
182 4.5160403251648 4.5058283805847 0.010211781598628
183 7.1330370903015 7.1224207878113 0.010616292245686
184 6.2662725448608 6.2520093917847 0.014263335615396
185 3.8194868564606 3.8057453632355 0.013741562142968
186 2.3303372859955 2.3197345733643 0.010602723807096
187 1.5341317653656 1.5235835313797 0.010548246093094
188 1.090047121048 1.0797185897827 0.010328580625355
189 0.82558959722519 0.81520360708237 0.010385979898274
190 0.65797394514084 0.64753210544586 0.010441796854138
191 0.54624313116074 0.53569662570953 0.010546530596912
192 0.4688512980938 0.45811197161674 0.010739343240857
193 0.41467589139938 0.40285018086433 0.011825693771243
194 0.37389180064201 0.36233597993851 0.01155580766499
195 0.34492588043213 0.32954788208008 0.015377985313535
196 0.31692883372307 0.30412584543228 0.01280299667269
197 0.29588478803635 0.28456276655197 0.011322037316859
198 0.280403226614 0.26933589577675 0.011067349463701
199 0.26911860704422 0.25748947262764 0.011629150249064
200 0.2604101896286 0.2485443353653 0.01186584122479
201 0.25669723749161 0.24257051944733 0.014126709662378
202 0.25207489728928 0.24050813913345 0.011566764675081
203 0.2544250190258 0.24300137162209 0.011423652991652
204 0.24830731749535 0.23710817098618 0.011199150234461
205 0.23720188438892 0.2258712798357 0.011330598965287
206 0.23201295733452 0.21871830523014 0.013294656760991
207 0.22602541744709 0.21423488855362 0.01179052144289
208 0.22413474321365 0.21119649708271 0.01293823774904
209 0.22404398024082 0.20903865993023 0.01500532310456
210 0.21982528269291 0.20741371810436 0.012411558069289
211 0.22079859673977 0.20624580979347 0.014552774839103
212 0.21729312837124 0.20543760061264 0.01185552123934
213 0.21684490144253 0.20492027699947 0.011924612335861
214 0.21707311272621 0.20464651286602 0.012426603585482
215 0.23777247965336 0.20458170771599 0.033190775662661
216 0.21697334945202 0.20469906926155 0.01227427367121
217 0.21708813309669 0.20497706532478 0.012111066840589
218 0.21768000721931 0.20539796352386 0.012282054871321
219 0.21810211241245 0.20594698190689 0.012155130505562
220 0.21882240474224 0.20661161839962 0.012210794724524
221 0.21970856189728 0.20738118886948 0.012327367439866
222 0.22071580588818 0.20825064182281 0.012465158477426
223 0.22188483178616 0.20920388400555 0.012680954299867
224 0.22314922511578 0.21009747684002 0.013051744550467
225 0.22530160844326 0.21121829748154 0.014083312824368
226 0.23690891265869 0.21240754425526 0.024501368403435
227 0.22818174958229 0.21366100013256 0.014520742930472
228 0.22870036959648 0.21497522294521 0.013725148513913
229 0.23065124452114 0.21634782850742 0.014303421601653
230 0.23286402225494 0.21777851879597 0.015085503458977
231 0.24258473515511 0.21927331387997 0.023311417549849
232 0.23770847916603 0.22085919976234 0.016849279403687
233 0.24249638617039 0.22251924872398 0.019977128133178
234 0.27210721373558 0.22403910756111 0.048068109899759
235 0.24821466207504 0.22563035786152 0.022584307938814
236 0.24897621572018 0.22730001807213 0.021676195785403
237 0.2710964679718 0.22902096807957 0.042075507342815
238 0.24863527715206 0.2307843118906 0.017850963398814
239 0.28646215796471 0.2325864136219 0.053875736892223
240 0.25049927830696 0.23442521691322 0.016074046492577
241 0.25247195363045 0.23629961907864 0.016172321513295
242 0.26379832625389 0.23820854723454 0.025589779019356
243 0.26433652639389 0.24015122652054 0.024185284972191
244 0.26319172978401 0.24212707579136 0.021064665168524
245 0.25987693667412 0.24413548409939 0.01574144884944
246 0.2614318728447 0.2461760789156 0.015255785547197
247 0.26509729027748 0.24824850261211 0.016848793253303
248 0.28661853075027 0.25035247206688 0.036266051232815
249 0.27437672019005 0.25248780846596 0.021888894960284
250 0.28062748908997 0.2546543776989 0.025973094627261
251 0.27737656235695 0.25685209035873 0.02052447758615
252 0.27515861392021 0.25908091664314 0.016077686101198
253 0.27683985233307 0.26134088635445 0.015498954802752
254 0.27888709306717 0.26363214850426 0.015254960395396
255 0.28117245435715 0.26595476269722 0.015217679552734
256 0.28361344337463 0.26830899715424 0.015304429456592
257 0.28657668828964 0.27069506049156 0.015881605446339
258 0.2933543920517 0.27311331033707 0.020241102203727
259 0.301245033741 0.27556404471397 0.025680981576443
260 0.29435557126999 0.27804771065712 0.016307853162289
261 0.29675629734993 0.28056478500366 0.016191525384784
262 0.30009976029396 0.28311541676521 0.016984347254038
263 0.3105885386467 0.2857009768486 0.024887569248676
264 0.30913898348808 0.28833064436913 0.020808320492506
265 0.31515926122665 0.29098737239838 0.024171881377697
266 0.31073322892189 0.29368081688881 0.0170524045825
267 0.32118850946426 0.2964118719101 0.024776626378298
268 0.31660631299019 0.29918205738068 0.017424257472157
269 0.31866502761841 0.30199134349823 0.016673700883985
270 0.32151234149933 0.30484145879745 0.016670886427164
271 0.3254369199276 0.30773389339447 0.017703022807837
272 0.32904326915741 0.31067100167274 0.018372258171439
273 0.38137421011925 0.31365621089935 0.067717991769314
274 0.3378801047802 0.31667917966843 0.021200919523835
275 0.34083330631256 0.31975099444389 0.021082310006022
276 0.34435966610909 0.32287520170212 0.021484479308128
277 0.35625040531158 0.32605221867561 0.03019817173481
278 0.34763956069946 0.3292840719223 0.018355494365096
279 0.3515864610672 0.33257320523262 0.01901326328516
280 0.35427111387253 0.33592244982719 0.018348665907979
281 0.36010122299194 0.33933490514755 0.02076630666852
282 0.36083510518074 0.34281319379807 0.01802191324532
283 0.3677482008934 0.34636282920837 0.021385379135609
284 0.36855462193489 0.34998723864555 0.018567366525531
285 0.37378057837486 0.35369122028351 0.020089339464903
286 0.42505630850792 0.3574815094471 0.067574813961983
287 0.38504773378372 0.36136135458946 0.023686395958066
288 0.3867315351963 0.36533886194229 0.021392690017819
289 0.46946248412132 0.36942169070244 0.10004077106714
290 0.39358887076378 0.37361863255501 0.019970221444964
291 0.40410307049751 0.37793976068497 0.026163298636675
292 0.4021318256855 0.38239702582359 0.019734801724553
293 0.41933438181877 0.3870056271553 0.032328758388758
294 0.41214624047279 0.39179533720016 0.020350906997919
295 0.41644892096519 0.3967707157135 0.019678192213178
296 0.42174339294434 0.40188503265381 0.019858364015818
297 0.42880979180336 0.40724405646324 0.021565737202764
298 0.43917760252953 0.4128709435463 0.026306657120585
299 0.44531869888306 0.41878399252892 0.026534711942077
300 0.44976133108139 0.42500677704811 0.024754570797086
301 0.46354511380196 0.43161183595657 0.031933270394802
302 0.47050738334656 0.43868896365166 0.031818423420191
303 0.48711490631104 0.44623607397079 0.040878817439079
304 0.47615936398506 0.45437726378441 0.021782102063298
305 0.48392006754875 0.46322360634804 0.020696440711617
306 0.49294766783714 0.47291564941406 0.020032031461596
307 0.50375705957413 0.48363319039345 0.020123852416873
308 0.51588273048401 0.49560940265656 0.020273312926292
309 0.52987670898438 0.50915092229843 0.020725760608912
310 0.55557602643967 0.52466779947281 0.030908217653632
311 0.56369584798813 0.54271817207336 0.020977675914764
312 0.58493232727051 0.56407827138901 0.020854050293565
313 0.61106926202774 0.5898529291153 0.02121633477509
314 0.64353483915329 0.62165933847427 0.02187548391521
315 0.68632984161377 0.66194230318069 0.024387529119849
316 0.75157225131989 0.71454906463623 0.037023164331913
317 0.81529176235199 0.78583002090454 0.029461767524481
318 0.90969800949097 0.88695180416107 0.02274621091783
319 1.0627241134644 1.0390845537186 0.023639583960176
320 1.3119498491287 1.284338593483 0.027611287310719
321 1.70634329319 1.6833044290543 0.023038925603032
322 2.2841551303864 2.2618570327759 0.02229799516499
323 3.4043757915497 3.381637096405 0.022738721221685
324 5.6530203819275 5.6294646263123 0.023555664345622
325 8.5932779312134 8.5681753158569 0.025102201849222
326 6.6706018447876 6.6395168304443 0.031084954738617
327 4.0686640739441 3.9775199890137 0.091143898665905
328 2.5662183761597 2.5386919975281 0.027526373043656
329 1.8293254375458 1.8047600984573 0.024565240368247
330 1.4288458824158 1.4054038524628 0.023441933095455
331 1.1957856416702 1.1715524196625 0.024233277887106
332 1.0545010566711 1.0260597467422 0.028441295027733
333 0.98359721899033 0.93132305145264 0.052274122834206
334 0.89289873838425 0.86766803264618 0.025230698287487
335 0.85144764184952 0.82416647672653 0.027281180024147
336 0.81855916976929 0.794264793396 0.024294355884194
337 0.79725676774979 0.77315890789032 0.024097871035337
338 0.7827068567276 0.75859391689301 0.024112965911627
339 0.77371782064438 0.74940818548203 0.02430964820087
340 0.7689893245697 0.74441009759903 0.024579228833318
341 0.76762276887894 0.74270039796829 0.024922359734774
342 0.76935970783234 0.74357926845551 0.025780415162444
343 0.78037583827972 0.74689596891403 0.033479861915112
344 0.77970665693283 0.75224256515503 0.027464088052511
345 0.79276746511459 0.75943332910538 0.033334154635668
346 0.79658979177475 0.7683584690094 0.028231348842382
347 0.80620449781418 0.77896440029144 0.027240078896284
348 0.81851154565811 0.79124480485916 0.027266712859273
349 0.83325761556625 0.80523705482483 0.028020590543747
350 0.85072976350784 0.8210197687149 0.029710037633777
351 0.87283223867416 0.83871346712112 0.034118808805943
352 0.90973889827728 0.85848307609558 0.051255870610476
353 0.93426603078842 0.88054299354553 0.053723067045212
354 0.93759924173355 0.90515422821045 0.032444998621941
355 1.0279674530029 0.93267714977264 0.09529036283493
356 0.99628257751465 0.96352165937424 0.032760966569185
357 1.0353322029114 0.9982100725174 0.037122152745724
358 1.0925761461258 1.0373922586441 0.055183943361044
359 1.1806653738022 1.0818800926208 0.098785206675529
360 1.1742156744003 1.1326956748962 0.04152000695467
361 1.2315695285797 1.1911360025406 0.040433533489704
362 1.3024884462357 1.2588636875153 0.043624710291624
363 1.3905903100967 1.3380352258682 0.052555043250322
364 1.5056103467941 1.4314838647842 0.074126459658146
365 1.6297795772552 1.5429878234863 0.086791798472404
366 1.7953239679337 1.6776659488678 0.11765799671412
367 2.0870032310486 1.8426060676575 0.24439708888531
368 2.7846355438232 2.0477962493896 0.73683929443359
369 3.053870677948 2.3076908588409 0.74617993831635
370 2.8745653629303 2.6437902450562 0.2307750582695
371 3.2967574596405 3.0891289710999 0.20762848854065
372 3.7746803760529 3.6964082717896 0.0782720297575
373 4.6140170097351 4.5535020828247 0.060515116900206
374 5.8677244186401 5.814742565155 0.052981667220592
375 7.8442206382751 7.7681980133057 0.076022297143936
376 11.045846939087 10.990178108215 0.055669035762548
377 16.770524978638 16.718055725098 0.052468772977591
378 27.765783309937 27.708169937134 0.057614803314209
379 49.161418914795 49.115695953369 0.045724637806416
380 78.383735656738 78.347175598145 0.036555528640747
381 61.63179397583 61.59627532959 0.035519581288099
382 35.312858581543 35.277732849121 0.035122763365507
383 20.869749069214 20.835031509399 0.034718845039606
384 13.45610332489 13.421370506287 0.034733142703772
385 9.4044809341431 9.3694038391113 0.035077445209026
386 7.0132484436035 6.9770526885986 0.036195889115334
387 5.5168776512146 5.4603838920593 0.056493826210499
388 4.4958772659302 4.4588642120361 0.037013173103333
389 3.8194403648376 3.7832686901093 0.036171555519104
390 3.3610956668854 3.3249695301056 0.036126296967268
391 2.990195274353 2.9528815746307 0.037313718348742
392 2.6563129425049 2.6135528087616 0.04276018217206
393 2.4076907634735 2.3551027774811 0.052587818354368
394 2.199741601944 2.1603989601135 0.039342608302832
395 2.0598120689392 2.0100648403168 0.049747213721275
396 1.9347175359726 1.8910378217697 0.043679729104042
397 1.8718042373657 1.7959921360016 0.07581203430891
398 1.7619569301605 1.7190021276474 0.042954843491316
399 1.7021594047546 1.6562472581863 0.04591216519475
400 1.6982922554016 1.604939699173 0.093352548778057
401 1.6521946191788 1.5629910230637 0.089203648269176
402 1.6373044252396 1.5288083553314 0.10849602520466
403 1.5708705186844 1.5011579990387 0.069712519645691
404 1.5329194068909 1.4790729284286 0.053846515715122
405 1.5130447149277 1.4617893695831 0.051255352795124
406 1.5000803470612 1.448700428009 0.05137998983264
407 1.4942581653595 1.4393221139908 0.054935969412327
408 1.5106515884399 1.4332829713821 0.077368699014187
409 1.4954273700714 1.4302518367767 0.065175548195839
410 1.4913086891174 1.4286683797836 0.062640279531479
411 1.49791431427 1.4311413764954 0.066772915422916
412 1.5094726085663 1.4360661506653 0.073406487703323
413 1.5736091136932 1.4433563947678 0.13025268912315
414 1.5848394632339 1.452966094017 0.13187336921692
415 1.5753464698792 1.4648874998093 0.11045905947685
416 1.5973566770554 1.4790443181992 0.11831237375736
417 1.6365022659302 1.4957274198532 0.14077493548393
418 1.6888055801392 1.5149369239807 0.17386867105961
419 1.7634856700897 1.5368354320526 0.22665022313595
420 1.8770413398743 1.5616188049316 0.3154225051403
421 2.0683169364929 1.5896186828613 0.47869816422462
422 2.4368977546692 1.6211800575256 0.81571763753891
423 3.3812940120697 1.6567786931992 1.7245154380798
424 6.8987984657288 1.697040438652 5.2017579078674
425 14.731199264526 1.7426726818085 12.988526344299
426 4.7383027076721 1.7946316003799 2.9436709880829
427 3.065437078476 1.8543677330017 1.2110694646835
428 2.5679514408112 1.9236377477646 0.64431363344193
429 2.4335291385651 2.0048923492432 0.4286367893219
430 2.39706158638 2.1016252040863 0.29543653130531
431 2.4357590675354 2.219001531601 0.21675750613213
432 2.5326323509216 2.365095615387 0.16753666102886
433 2.6917748451233 2.5533535480499 0.13842134177685
434 2.926965713501 2.8084435462952 0.11852208524942
435 3.2857728004456 3.1814813613892 0.10429130494595
436 3.8904323577881 3.7955498695374 0.094882674515247
437 5.0449848175049 4.9466047286987 0.098380111157894
438 6.9989547729492 6.9114670753479 0.087487772107124
439 10.148069381714 10.070499420166 0.077569045126438
440 8.7308483123779 8.6567487716675 0.074099361896515
441 7.6328196525574 7.5303778648376 0.10244213789701
442 8.3838119506836 8.271017074585 0.11279497295618
443 10.54553604126 10.479785919189 0.065750479698181
444 13.273591995239 13.213397026062 0.060194790363312
445 19.14741897583 19.081987380981 0.065430887043476
446 31.672737121582 31.596607208252 0.076130695641041
447 57.22095489502 57.160346984863 0.060608699917793
448 86.242652893066 86.182800292969 0.059859413653612
449 57.817272186279 57.68921661377 0.12805433571339
450 32.097583770752 32.041774749756 0.055810160934925
451 19.309833526611 19.253311157227 0.056522868573666
452 12.926915168762 12.862059593201 0.06485553830862
453 9.4425764083862 9.3859043121338 0.056672129780054
454 7.3883681297302 7.3349680900574 0.053400047123432
455 6.0974621772766 6.0432505607605 0.054211642593145
456 5.2399263381958 5.1879525184631 0.051973976194859
457 4.6677217483521 4.6001281738281 0.067593574523926
458 4.2408165931702 4.1853976249695 0.055419269949198
459 3.9396467208862 3.8881814479828 0.051465138792992
460 3.727653503418 3.6751067638397 0.052546571940184
461 3.5807287693024 3.5237157344818 0.057013064622879
462 3.4900994300842 3.4213643074036 0.068735219538212
463 3.4696393013 3.3589823246002 0.11065702885389
464 3.4160182476044 3.3311042785645 0.08491413295269
465 3.3998515605927 3.3415062427521 0.058345280587673
466 3.4629385471344 3.3984723091125 0.064466297626495
467 3.6038844585419 3.5224432945251 0.081441126763821
468 3.8601758480072 3.7642693519592 0.095906510949135
469 4.3720078468323 4.2553615570068 0.11664628982544
470 5.3668456077576 5.2887859344482 0.078060030937195
471 6.8688201904297 6.503924369812 0.36489561200142
472 6.4076738357544 6.337384223938 0.070289708673954
473 7.6956100463867 7.5357155799866 0.15989477932453
474 11.175665855408 11.107224464417 0.068440973758698
475 12.816097259521 12.744397163391 0.071699902415276
476 8.7381973266602 8.3976316452026 0.34056550264359
477 6.026273727417 5.9349007606506 0.091372668743134
478 4.927321434021 4.8428196907043 0.084502004086971
479 4.4274106025696 4.3327116966248 0.094698905944824
480 4.2427573204041 4.0837359428406 0.15902145206928
481 4.1707892417908 3.9677803516388 0.20300869643688
482 4.0948886871338 3.9298996925354 0.16498890519142
483 4.1460642814636 3.946667432785 0.19939659535885
484 4.3064641952515 4.0136971473694 0.29276740550995
485 4.6649489402771 4.1413145065308 0.52363431453705
486 5.6229104995728 4.3726563453674 1.250254034996
487 10.231393814087 4.8098201751709 5.421573638916
488 7.8368263244629 5.5322389602661 2.3045871257782
489 6.3900151252747 5.6057839393616 0.78423154354095
490 5.435387134552 5.0456986427307 0.38968858122826
491 5.007429599762 4.7656931877136 0.24173630774021
492 4.856885433197 4.6840381622314 0.17284701764584
493 4.8309125900269 4.6975302696228 0.1333821117878
494 4.8709588050842 4.7597894668579 0.11116939038038
495 4.9501056671143 4.8508729934692 0.099233016371727
496 5.0852761268616 4.9617376327515 0.12353830784559
497 5.2264699935913 5.0881652832031 0.13830465078354
498 5.3128147125244 5.2283930778503 0.084421463310719
499 5.4773736000061 5.3817481994629 0.095625475049019
500 5.6228137016296 5.5497713088989 0.073042392730713
501 5.8085999488831 5.7375564575195 0.071043536067009
502 6.0361413955688 5.9620590209961 0.074082471430302
503 6.3438868522644 6.2758340835571 0.068052895367146
504 6.5846786499023 6.5228757858276 0.061802729964256
505 6.6966867446899 6.6333484649658 0.063338108360767
506 6.8632206916809 6.8029942512512 0.060226384550333
507 7.100447177887 7.0328321456909 0.067615129053593
508 7.4069967269897 7.2934083938599 0.11358850449324
509 7.6573596000671 7.5730495452881 0.08431002497673
510 7.9333410263062 7.8755850791931 0.057756081223488
511 8.2565383911133 8.2011747360229 0.05536375194788
512 8.6062059402466 8.5515651702881 0.054640650749207
513 8.9809379577637 8.926739692688 0.054198250174522
514 9.3849983215332 9.3299226760864 0.055075611919165
515 9.8923978805542 9.7636766433716 0.12872087955475
516 10.287835121155 10.23110294342 0.056732445955276
517 10.804531097412 10.734282493591 0.070248208940029
518 11.340129852295 11.278920173645 0.061209205538034
519 11.932971000671 11.871082305908 0.061889089643955
520 12.693161964417 12.517971992493 0.17518930137157
521 13.272249221802 13.202509880066 0.069739557802677
522 14.151556968689 13.949362754822 0.20219387114048
523 14.881530761719 14.769021034241 0.11250987648964
524 15.733016967773 15.667470932007 0.065546117722988
525 16.712083816528 16.654062271118 0.058023247867823
526 17.795482635498 17.737903594971 0.057578448206186
527 18.999530792236 18.933963775635 0.065567225217819
528 20.317144393921 20.258085250854 0.059057638049126
529 21.787080764771 21.72868347168 0.05839654058218
530 23.426265716553 23.368030548096 0.058235958218575
531 25.268812179565 25.20348739624 0.065325208008289
532 27.318283081055 27.264169692993 0.054113291203976
533 29.642545700073 29.5872631073 0.055282492190599
534 32.454326629639 32.384593963623 0.069731146097183
535 35.479610443115 35.419929504395 0.059683982282877
536 38.967582702637 38.907421112061 0.060165099799633
537 42.998443603516 42.942348480225 0.056093793362379
538 47.675407409668 47.618751525879 0.056654620915651
539 53.169857025146 53.098659515381 0.071195259690285
540 59.656715393066 59.593639373779 0.063076436519623
541 67.422393798828 67.364379882812 0.058015525341034
542 76.825073242188 76.769119262695 0.055949445813894
543 88.367210388184 88.310028076172 0.057183127850294
544 102.77219390869 102.71212768555 0.060065478086472
545 121.16593170166 121.0577545166 0.10817494988441
546 145.01872253418 144.96138000488 0.057336002588272
547 176.38122558594 176.32469177246 0.056529670953751
548 216.56028747559 216.50273132324 0.057556115090847
549 266.64590454102 266.56381225586 0.082105547189713
550 339.6240234375 339.55947875977 0.064558580517769
551 449.96981811523 449.55422973633 0.41557046771049
552 621.32238769531 621.25024414062 0.072171181440353
553 903.09838867188 903.03033447266 0.068031348288059
554 1.3966813964844E+03 1.3966219482422E+03 0.059426415711641
555 2.2992407226563E+03 2.2991823730469E+03 0.058257628232241
556 3.8383022460938E+03 3.8382443847656E+03 0.05786132439971
557 5.152916015625E+03 5.1528544921875E+03 0.061223905533552
558 3.6363493652344E+03 3.6362875976563E+03 0.061547104269266
559 2.1828508300781E+03 2.1827868652344E+03 0.063939772546291
560 1.3440544433594E+03 1.3439874267578E+03 0.067079678177834
561 881.35693359375 881.29730224609 0.05959291011095
562 613.56182861328 613.50280761719 0.059007745236158
563 448.7004699707 448.63949584961 0.060991823673248
564 341.33123779297 341.26782226563 0.063390582799911
565 268.00512695312 267.93322753906 0.071891032159328
566 215.96578979492 215.82810974121 0.13768655061722
567 177.73081970215 177.57041931152 0.16040572524071
568 148.77159118652 148.69593811035 0.075662240386009
569 126.46094512939 126.38965606689 0.071294844150543
570 108.96817779541 108.81099700928 0.15717667341232
571 95.686225891113 94.718078613281 0.96815037727356
572 83.321716308594 83.249633789063 0.072082571685314
573 73.902359008789 73.79386138916 0.10849894583225
574 65.928009033203 65.856735229492 0.071270801126957
575 59.284660339355 59.213558197021 0.071101762354374
576 53.644214630127 53.563682556152 0.080535173416138
577 48.804847717285 48.718868255615 0.085976995527744
578 44.608127593994 44.533046722412 0.07508085668087
579 40.958053588867 40.89111328125 0.066942781209946
580 37.767730712891 37.703601837158 0.06412835419178
581 34.965724945068 34.898090362549 0.067636519670486
582 32.553329467773 32.408603668213 0.14472453296185
583 30.281421661377 30.202445983887 0.078974388539791
584 28.299100875854 28.232614517212 0.066485092043877
585 26.529600143433 26.466669082642 0.06293011456728
586 24.939365386963 24.877588272095 0.061777133494616
587 23.504837036133 23.442710876465 0.06212617084384
588 22.205537796021 22.14294052124 0.062596797943115
589 21.029525756836 20.96209526062 0.067429333925247
590 19.957391738892 19.886404037476 0.070985905826092
591 19.052688598633 18.904119491577 0.14856907725334
592 18.077667236328 18.005243301392 0.072423011064529
593 17.260791778564 17.181419372559 0.079372987151146
594 16.494859695435 16.425867080688 0.068992041051388
595 15.908794403076 15.729758262634 0.17903673648834
596 15.148697853088 15.08148765564 0.067210473120213
597 14.551533699036 14.486394882202 0.065138570964336
598 14.00262260437 13.937865257263 0.064757831394672
599 13.497735977173 13.431621551514 0.066114492714405
600 13.034331321716 12.964332580566 0.069997861981392
