1 3.8228379562497E-03 1.6074924133136E-05 3.8067628629506E-03
2 4.1436566971242E-03 6.4611776906531E-05 4.0790447965264E-03
3 4.3060248717666E-03 1.4668190851808E-04 4.1593429632485E-03
4 4.4820858165622E-03 2.6465122937225E-04 4.2174346745014E-03
5 4.699959885329E-03 4.227775207255E-04 4.277182277292E-03
6 4.9641765654087E-03 6.1930017545819E-04 4.3448763899505E-03
7 5.2720131352544E-03 8.4901164518669E-04 4.423001781106E-03
8 5.6397831067443E-03 1.1266899527982E-03 4.5130932703614E-03
9 6.0820817016065E-03 1.4625878538936E-03 4.6194940805435E-03
10 6.6083413548768E-03 1.86869117897E-03 4.7396500594914E-03
11 7.2526414878666E-03 2.363326959312E-03 4.8893145285547E-03
12 7.9845394939184E-03 2.9767781961709E-03 5.0077619962394E-03
13 8.9210206642747E-03 3.7523689679801E-03 5.1686521619558E-03
14 0.010103989392519 4.7559319064021E-03 5.3480579517782E-03
15 0.011668196879327 6.1093550175428E-03 5.5588418617845E-03
16 0.013820019550622 8.0493343994021E-03 5.7706851512194E-03
17 0.017014211043715 0.011013302952051 6.0009090229869E-03
18 0.022170010954142 0.015903973951936 6.2660351395607E-03
19 0.031288083642721 0.024734588339925 6.5534953027964E-03
20 0.04908636957407 0.042218044400215 6.8683256395161E-03
21 0.085269272327423 0.078055500984192 7.2137699462473E-03
22 0.13970160484314 0.13210867345333 7.5929365120828E-03
23 0.12664720416069 0.11863578855991 8.0114156007767E-03
24 0.085426427423954 0.07695172727108 8.4747020155191E-03
25 0.060690868645906 0.05171537771821 8.9754918590188E-03
26 0.047795236110687 0.038274321705103 9.5209116116166E-03
27 0.041009899228811 0.030884478241205 0.010125421918929
28 0.037428621202707 0.026628792285919 0.010799827985466
29 0.035770621150732 0.024109961465001 0.011660658754408
30 0.035238083451986 0.022623805329204 0.012614278122783
31 0.035093605518341 0.021791646257043 0.01330195646733
32 0.035706505179405 0.021397061645985 0.014309443533421
33 0.036767903715372 0.021309591829777 0.015458310954273
34 0.038125198334455 0.021446943283081 0.016678255051374
35 0.039895575493574 0.021755134686828 0.018140440806746
36 0.041592892259359 0.0221993252635 0.019393566995859
37 0.043734386563301 0.022750534117222 0.020983852446079
38 0.046210777014494 0.023393806070089 0.022816970944405
39 0.049331374466419 0.024112641811371 0.025218730792403
40 0.053220007568598 0.024898782372475 0.028321223333478
41 0.057449176907539 0.025744222104549 0.03170495480299
42 0.063849836587906 0.026643358170986 0.03720647841692
43 0.069868765771389 0.027591653168201 0.042277112603188
44 0.077340453863144 0.028584809973836 0.048755642026663
45 0.085964672267437 0.029621409252286 0.056343261152506
46 0.096592120826244 0.030698429793119 0.065893694758415
47 0.10995976626873 0.031814012676477 0.078145757317543
48 0.12733294069767 0.032966643571854 0.094366297125816
49 0.15084040164948 0.034155078232288 0.11668532341719
50 0.1849812567234 0.03537830337882 0.14960296452045
51 0.24313518404961 0.036635484546423 0.20649971067905
52 0.37122997641563 0.037925947457552 0.33330404758453
53 0.71222585439682 0.039249159395695 0.67297667264938
54 1.649448633194 0.040604710578918 1.6088439226151
55 3.8620176315308 0.04199231415987 3.8200254440308
56 8.9024353027344 0.043411817401648 8.8590240478516
57 18.449565887451 0.044863224029541 18.404703140259
58 18.560232162476 0.046346977353096 18.513885498047
59 22.754440307617 0.047863207757473 22.706577301025
60 23.66033744812 0.04941313713789 23.61092376709
61 24.326030731201 0.050998698920012 24.275032043457
62 21.658761978149 0.05262391269207 21.60613822937
63 24.138618469238 0.054295167326927 24.084323883057
64 7.0324130058289 0.056027680635452 6.9763851165771
65 2.9232261180878 0.057853855192661 2.8653721809387
66 1.2207115888596 0.059842132031918 1.1608694791794
67 0.58263999223709 0.062059190124273 0.52058082818985
68 0.35320928692818 0.0641073808074 0.2891018986702
69 0.26040869951248 0.065487034618855 0.19492165744305
70 0.21350142359734 0.066936619579792 0.14656479656696
71 0.1850807517767 0.068587824702263 0.11649292707443
72 0.16579155623913 0.070366516709328 0.0954250395298
73 0.15213181078434 0.072223804891109 0.079908013343811
74 0.14224275946617 0.074137069284916 0.068105690181255
75 0.13503819704056 0.076093904674053 0.058944281190634
76 0.12983466684818 0.078088700771332 0.051745962351561
77 0.12589384615421 0.080119617283344 0.045774225145578
78 0.12276969105005 0.082184284925461 0.040585409849882
79 0.12099116295576 0.084281720221043 0.036709446460009
80 0.11934970319271 0.086411356925964 0.032938342541456
81 0.11860429495573 0.088572904467583 0.030031390488148
82 0.11828296631575 0.090766184031963 0.027516776695848
83 0.11836774647236 0.092991165816784 0.025376580655575
84 0.11878161132336 0.095247872173786 0.023533741012216
85 0.11947953701019 0.097536392509937 0.021943150088191
86 0.12017763406038 0.099856853485107 0.020320780575275
87 0.12136384099722 0.10220944136381 0.019154399633408
88 0.1227388754487 0.10459440201521 0.01814447529614
89 0.12429031729698 0.1070120036602 0.017278309911489
90 0.12600506842136 0.1094626635313 0.01654240489006
91 0.12787939608097 0.11194694042206 0.015932446345687
92 0.12990252673626 0.11446581035852 0.015436724759638
93 0.13214649260044 0.11702109873295 0.015125392004848
94 0.13466985523701 0.11961711198092 0.015052745118737
95 0.13689391314983 0.12226551026106 0.014628400094807
96 0.14043939113617 0.12499231100082 0.015447084791958
97 0.14226406812668 0.1277242153883 0.014539855532348
98 0.14492456614971 0.13034483790398 0.014579731039703
99 0.14792667329311 0.13304995000362 0.014876725152135
100 0.15124030411243 0.13585095107555 0.015389352105558
101 0.15301544964314 0.13866931200027 0.014346129260957
102 0.15694712102413 0.14152924716473 0.015417884103954
103 0.16058123111725 0.14442881941795 0.016152411699295
104 0.16499835252762 0.14736759662628 0.017630748450756
105 0.16959775984287 0.15034574270248 0.019252024590969
106 0.1748271882534 0.15336367487907 0.021463505923748
107 0.18072898685932 0.15642216801643 0.024306822568178
108 0.18753325939178 0.15952199697495 0.028011258691549
109 0.1957001388073 0.16266423463821 0.033035904169083
110 0.20576776564121 0.16585013270378 0.039917625486851
111 0.22209540009499 0.16908137500286 0.053014028817415
112 0.23438812792301 0.17236015200615 0.062027972191572
113 0.25839623808861 0.17568965256214 0.082706578075886
114 0.29644423723221 0.17907483875751 0.11736939102411
115 0.36705362796783 0.18252423405647 0.18452939391136
116 0.50505805015564 0.18605381250381 0.31900426745415
117 0.88299125432968 0.18969628214836 0.69329500198364
118 2.4050810337067 0.19351926445961 2.2115619182587
119 5.5601840019226 0.19761770963669 5.3625659942627
120 1.3674755096436 0.2017657905817 1.1657096147537
121 0.66267395019531 0.20510116219521 0.45757278800011
122 0.44664207100868 0.20834697782993 0.23829509317875
123 0.35858076810837 0.21186707913876 0.14671367406845
124 0.32675755023956 0.21558944880962 0.1111681163311
125 0.29466927051544 0.21944664418697 0.075222611427307
126 0.28039088845253 0.22340601682663 0.056984875351191
127 0.27273654937744 0.22745516896248 0.045281376689672
128 0.26968836784363 0.23158819973469 0.03810016065836
129 0.26764789223671 0.2358040958643 0.031843792647123
130 0.26762071251869 0.24010354280472 0.027517164126039
131 0.26928469538689 0.2444901317358 0.024794572964311
132 0.27084425091743 0.24896685779095 0.021877398714423
133 0.27349647879601 0.2535380423069 0.019958447664976
134 0.27646186947823 0.25820875167847 0.018253123387694
135 0.27994787693024 0.26298469305038 0.016963163390756
136 0.28388366103172 0.26787242293358 0.016011223196983
137 0.28923597931862 0.27287918329239 0.016356790438294
138 0.29217740893364 0.27801316976547 0.014164258725941
139 0.2968410551548 0.28328347206116 0.013557576574385
140 0.30182406306267 0.28870043158531 0.013123625889421
141 0.30736631155014 0.29427552223206 0.013090784661472
142 0.32012242078781 0.30002176761627 0.020100645720959
143 0.31878355145454 0.30595377087593 0.012829774059355
144 0.32402944564819 0.31208795309067 0.011941488832235
145 0.33577406406403 0.31844347715378 0.017330585047603
146 0.33620494604111 0.3250415623188 0.011163395829499
147 0.34281802177429 0.33190661668777 0.010911403223872
148 0.34998509287834 0.33906665444374 0.010918435640633
149 0.35824060440063 0.34655386209488 0.01168674044311
150 0.36526283621788 0.35439601540565 0.010866807773709
151 0.37378433346748 0.36265543103218 0.011128883808851
152 0.38172847032547 0.37137234210968 0.010356138460338
153 0.39095798134804 0.38060536980629 0.010352618992329
154 0.40586191415787 0.39042344689369 0.015438458882272
155 0.41099926829338 0.40090796351433 0.010091315954924
156 0.42237764596939 0.41215559840202 0.010222049430013
157 0.43408736586571 0.42428189516068 9.8054828122258E-03
158 0.44714602828026 0.43742576241493 9.7202872857451E-03
159 0.46144899725914 0.45175540447235 9.6935983747244E-03
160 0.47713777422905 0.46747598052025 9.6618020907044E-03
161 0.49448761343956 0.4848395884037 9.6480315551162E-03
162 0.51386404037476 0.5041589140892 9.7051383927464E-03
163 0.53560608625412 0.52582520246506 9.780865162611E-03
164 0.56066989898682 0.55035090446472 0.010318982414901
165 0.59975385665894 0.57833260297775 0.021421240642667
166 0.62295776605606 0.61060601472855 0.012351743876934
167 0.65859866142273 0.64824372529984 0.010354932397604
168 0.7025089263916 0.6926736831665 9.8352506756783E-03
169 0.75555413961411 0.74582761526108 9.7265467047691E-03
170 0.82010340690613 0.81036931276321 9.7341034561396E-03
171 0.89988124370575 0.89004850387573 9.8327305167913E-03
172 1.0001175403595 0.99027055501938 9.8469741642475E-03
173 1.1291401386261 1.1190415620804 0.010098541155457
174 1.2988555431366 1.2885943651199 0.010261075571179
175 1.5302525758743 1.5183054208755 0.011947102844715
176 1.8516670465469 1.8401788473129 0.011488155461848
177 2.3201265335083 2.3097162246704 0.010410289280117
178 3.038786649704 3.0287318229675 0.010054729878902
179 4.2060475349426 4.1960201263428 0.010027043521404
180 6.2350535392761 6.2238078117371 0.0112459436059
181 9.996485710144 9.9864015579224 0.010083744302392
182 17.042566299438 17.032354354858 0.010211781598628
183 26.933876037598 26.923259735107 0.010616292245686
184 23.647304534912 23.633041381836 0.014263335615396
185 14.399731636047 14.385990142822 0.013741562142968
186 8.7793655395508 8.768762588501 0.010602723807096
187 5.7698030471802 5.7592544555664 0.010548246093094
188 4.0917420387268 4.081413269043 0.010328580625355
189 3.0919141769409 3.0815281867981 0.010385979898274
190 2.4581596851349 2.447717666626 0.010441796854138
191 2.0355181694031 2.0249714851379 0.010546530596912
192 1.742435336113 1.7316960096359 0.010739343240857
193 1.5346282720566 1.5228025913239 0.011825693771243
194 1.3812117576599 1.3696559667587 0.01155580766499
195 1.261092543602 1.2457146644592 0.015377985313535
196 1.1624205112457 1.149617433548 0.01280299667269
197 1.0869896411896 1.0756676197052 0.011322037316859
198 1.029176235199 1.0181089639664 0.011067349463701
199 0.98495775461197 0.97332864999771 0.011629150249064
200 0.95138120651245 0.93951535224915 0.01186584122479
201 0.93106061220169 0.91693389415741 0.014126709662378
202 0.92070472240448 0.90913796424866 0.011566764675081
203 0.92998623847961 0.9185625910759 0.011423652991652
204 0.90748500823975 0.89628583192825 0.011199150234461
205 0.86514019966125 0.85380959510803 0.011330598965287
206 0.84006547927856 0.82677084207535 0.013294656760991
207 0.82161372900009 0.80982321500778 0.01179052144289
208 0.81127613782883 0.79833787679672 0.01293823774904
209 0.80518639087677 0.7901811003685 0.01500532310456
210 0.79645025730133 0.78403872251511 0.012411558069289
211 0.79417669773102 0.77962392568588 0.014552774839103
212 0.78842437267303 0.77656883001328 0.01185552123934
213 0.78653794527054 0.77461332082748 0.011924612335861
214 0.7860050201416 0.77357846498489 0.012426603585482
215 0.8065242767334 0.77333348989487 0.033190775662661
216 0.78605139255524 0.77377712726593 0.01227427367121
217 0.78693902492523 0.77482795715332 0.012111066840589
218 0.78870105743408 0.77641898393631 0.012282054871321
219 0.79064947366714 0.7784942984581 0.012155130505562
220 0.79321748018265 0.78100669384003 0.012210794724524
221 0.79624313116074 0.78391575813293 0.012327367439866
222 0.79966753721237 0.78720235824585 0.012465158477426
223 0.80348658561707 0.79080563783646 0.012680954299867
224 0.80723524093628 0.79418349266052 0.013051744550467
225 0.81250363588333 0.79842031002045 0.014083312824368
226 0.827417075634 0.80291569232941 0.024501368403435
227 0.82217460870743 0.80765384435654 0.014520742930472
228 0.82634687423706 0.81262171268463 0.013725148513913
229 0.83211368322372 0.81781023740768 0.014303421601653
230 0.83830386400223 0.82321834564209 0.015085503458977
231 0.85218024253845 0.82886880636215 0.023311417549849
232 0.85171288251877 0.83486360311508 0.016849279403687
233 0.86111581325531 0.84113872051239 0.019977128133178
234 0.89495193958282 0.84688383340836 0.048068109899759
235 0.87548321485519 0.85289889574051 0.022584307938814
236 0.88088655471802 0.85921037197113 0.021676195785403
237 0.90779113769531 0.86571568250656 0.042075507342815
238 0.89023220539093 0.87238121032715 0.017850963398814
239 0.93306905031204 0.87919330596924 0.053875736892223
240 0.90221816301346 0.88614410161972 0.016074046492577
241 0.90940183401108 0.89322948455811 0.016172321513295
242 0.9260351061821 0.9004453420639 0.025589779019356
243 0.93197411298752 0.90778881311417 0.024185284972191
244 0.93632233142853 0.91525769233704 0.021064665168524
245 0.93859106302261 0.92284959554672 0.01574144884944
246 0.94581896066666 0.9305631518364 0.015255785547197
247 0.9552458524704 0.93839704990387 0.016848793253303
248 0.98261630535126 0.94635027647018 0.036266051232815
249 0.9763109087944 0.95442199707031 0.021888894960284
250 0.98858487606049 0.96261179447174 0.025973094627261
251 0.99144375324249 0.97091925144196 0.02052447758615
252 0.99542206525803 0.97934436798096 0.016077686101198
253 1.003386259079 0.98788732290268 0.015498954802752
254 1.0118032693863 0.9965483546257 0.015254960395396
255 1.0205457210541 1.0053280591965 0.015217679552734
256 1.0295315980911 1.01422727108 0.015304429456592
257 1.0391283035278 1.0232467651367 0.015881605446339
258 1.0526288747787 1.0323878526688 0.020241102203727
259 1.0673327445984 1.0416518449783 0.025680981576443
260 1.0673481225967 1.0510402917862 0.016307853162289
261 1.0767464637756 1.0605549812317 0.016191525384784
262 1.08718085289 1.0701965093613 0.016984347254038
263 1.1048576831818 1.0799701213837 0.024887569248676
264 1.1107188463211 1.0899105072021 0.020808320492506
265 1.1241250038147 1.0999531745911 0.024171881377697
266 1.1271868944168 1.1101344823837 0.0170524045825
267 1.1452347040176 1.1204581260681 0.024776626378298
268 1.1483538150787 1.1309295892715 0.017424257472157
269 1.1582225561142 1.141548871994 0.016673700883985
270 1.1689933538437 1.1523225307465 0.016670886427164
271 1.1809591054916 1.1632561683655 0.017703022807837
272 1.1927309036255 1.1743586063385 0.018372258171439
273 1.2533608675003 1.1856429576874 0.067717991769314
274 1.2182708978653 1.1970700025558 0.021200919523835
275 1.2297639846802 1.2086815834045 0.021082310006022
276 1.2419757843018 1.2204914093018 0.021484479308128
277 1.2626988887787 1.2325007915497 0.03019817173481
278 1.26307284832 1.2447173595428 0.018355494365096
279 1.276163816452 1.2571505308151 0.01901326328516
280 1.2881596088409 1.2698109149933 0.018348665907979
281 1.3034765720367 1.2827101945877 0.02076630666852
282 1.3138802051544 1.2958583831787 0.01802191324532
283 1.3306616544724 1.3092762231827 0.021385379135609
284 1.3415442705154 1.3229768276215 0.018567366525531
285 1.3570674657822 1.3369781970978 0.020089339464903
286 1.4188804626465 1.351305603981 0.067574813961983
287 1.3896580934525 1.3659718036652 0.023686395958066
288 1.4023996591568 1.3810070753098 0.021392690017819
289 1.4964812994003 1.3964405059814 0.10004077106714
290 1.4322754144669 1.4123052358627 0.019970221444964
291 1.4548026323318 1.4286394119263 0.026163298636675
292 1.4652229547501 1.4454880952835 0.019734801724553
293 1.4952377080917 1.4629089832306 0.032328758388758
294 1.5013653039932 1.4810143709183 0.020350906997919
295 1.5194998979568 1.4998216629028 0.019678192213178
296 1.5390125513077 1.5191541910172 0.019858364015818
297 1.5609774589539 1.5394116640091 0.021565737202764
298 1.5869883298874 1.5606817007065 0.026306657120585
299 1.6095682382584 1.5830334424973 0.026534711942077
300 1.6313105821609 1.6065559387207 0.024754570797086
301 1.6634569168091 1.6315236091614 0.031933270394802
302 1.6900941133499 1.658275604248 0.031818423420191
303 1.7276831865311 1.6868042945862 0.040878817439079
304 1.7393606901169 1.7175786495209 0.021782102063298
305 1.7717148065567 1.7510184049606 0.020696440711617
306 1.8076870441437 1.7876549959183 0.020032031461596
307 1.8482918739319 1.8281680345535 0.020123852416873
308 1.8937122821808 1.8734390735626 0.020273312926292
309 1.9453527927399 1.9246269464493 0.020725760608912
310 2.0141899585724 1.9832817316055 0.030908217653632
311 2.0724914073944 2.051513671875 0.020977675914764
312 2.1531102657318 2.132256269455 0.020854050293565
313 2.2509024143219 2.2296862602234 0.02121633477509
314 2.3717923164368 2.349916934967 0.02187548391521
315 2.526576757431 2.5021891593933 0.024387529119849
316 2.7380697727203 2.701046705246 0.037023164331913
317 2.9999554157257 2.9704937934875 0.029461767524481
318 3.3754873275757 3.3527412414551 0.02274621091783
319 3.9514536857605 3.9278140068054 0.023639583960176
320 4.8825030326843 4.8548917770386 0.027611287310719
321 6.386049747467 6.3630108833313 0.023038925603032
322 8.5722799301147 8.5499811172485 0.02229799516499
323 12.805568695068 12.782830238342 0.022738721221685
324 21.303335189819 21.279779434204 0.023555664345622
325 32.413417816162 32.388317108154 0.025102201849222
326 25.128934860229 25.097848892212 0.031084954738617
327 15.126454353333 15.035309791565 0.091143898665905
328 9.6239633560181 9.5964374542236 0.027526373043656
329 6.8466877937317 6.8221225738525 0.024565240368247
330 5.3359694480896 5.312527179718 0.023441933095455
331 4.4527850151062 4.4285516738892 0.024233277887106
332 3.9070208072662 3.8785793781281 0.028441295027733
333 3.572741985321 3.5204679965973 0.052274122834206
334 3.305077791214 3.2798471450806 0.025230698287487
335 3.1426894664764 3.1154081821442 0.027281180024147
336 3.0266721248627 3.0023777484894 0.024294355884194
337 2.9466938972473 2.9225959777832 0.024097871035337
338 2.8916521072388 2.8675391674042 0.024112965911627
339 2.8571262359619 2.8328166007996 0.02430964820087
340 2.8385026454926 2.8139233589172 0.024579228833318
341 2.8323831558228 2.8074607849121 0.024922359734774
342 2.8365633487701 2.8107829093933 0.025780415162444
343 2.8568000793457 2.8233203887939 0.033479861915112
344 2.8709948062897 2.8435306549072 0.027464088052511
345 2.9040462970734 2.8707122802734 0.033334154635668
346 2.9326813220978 2.9044499397278 0.028231348842382
347 2.9717812538147 2.9445412158966 0.027240078896284
348 3.0182287693024 2.9909620285034 0.027266712859273
349 3.0718741416931 3.043853521347 0.028020590543747
350 3.1332235336304 3.1035134792328 0.029710037633777
351 3.2045156955719 3.1703968048096 0.034118808805943
352 3.2963831424713 3.2451274394989 0.051255870610476
353 3.3822383880615 3.3285155296326 0.053723067045212
354 3.4539928436279 3.4215478897095 0.032444998621941
355 3.6208765506744 3.5255863666534 0.09529036283493
356 3.674941778183 3.6421806812286 0.032760966569185
357 3.8104276657104 3.7733056545258 0.037122152745724
358 3.9766008853912 3.921416759491 0.055183943361044
359 4.1883692741394 4.0895843505859 0.098785206675529
360 4.3231906890869 4.2816705703735 0.04152000695467
361 4.5430126190186 4.5025792121887 0.040433533489704
362 4.8022193908691 4.7585949897766 0.043624710291624
363 5.110424041748 5.0578689575195 0.052555043250322
364 5.4852380752563 5.4111113548279 0.074126459658146
365 5.9193959236145 5.8326044082642 0.086791798472404
366 6.4593553543091 6.3416972160339 0.11765799671412
367 7.2095799446106 6.9651827812195 0.24439708888531
368 8.4776554107666 7.7408165931702 0.73683929443359
369 9.4694156646729 8.7232360839844 0.74617993831635
370 10.224491119385 9.9937162399292 0.2307750582695
371 11.884757041931 11.677128791809 0.20762848854065
372 14.050959587097 13.972687721252 0.0782720297575
373 17.273078918457 17.212564468384 0.060515116900206
374 22.033124923706 21.980142593384 0.052981667220592
375 29.440366744995 29.364345550537 0.076022297143936
376 41.599327087402 41.543659210205 0.055669035762548
377 63.247917175293 63.195446014404 0.052468772977591
378 104.79647827148 104.73886108398 0.057614803314209
379 185.70657348633 185.66084289551 0.045724637806416
380 296.19448852539 296.1579284668 0.036555528640747
381 232.87384033203 232.83831787109 0.035519581288099
382 133.38748168945 133.35235595703 0.035122763365507
383 78.792625427246 78.757904052734 0.034718845039606
384 50.768474578857 50.733741760254 0.034733142703772
385 35.452095031738 35.417015075684 0.035077445209026
386 26.409954071045 26.37375831604 0.036195889115334
387 20.697135925293 20.640642166138 0.056493826210499
388 16.89183807373 16.854825973511 0.037013173103333
389 14.337198257446 14.301026344299 0.036171555519104
390 12.604748725891 12.568622589111 0.036126296967268
391 11.199417114258 11.162103652954 0.037313718348742
392 9.9221773147583 9.8794164657593 0.04276018217206
393 8.9550447463989 8.9024572372437 0.052587818354368
394 8.2058057785034 8.1664628982544 0.039342608302832
395 7.6479358673096 7.5981888771057 0.049747213721275
396 7.1919379234314 7.1482582092285 0.043679729104042
397 6.8647909164429 6.7889790534973 0.07581203430891
398 6.5409059524536 6.4979510307312 0.042954843491316
399 6.3066453933716 6.260733127594 0.04591216519475
400 6.1601395606995 6.0667872428894 0.093352548778057
401 5.9974212646484 5.9082179069519 0.089203648269176
402 5.8875012397766 5.7790050506592 0.10849602520466
403 5.7441968917847 5.6744842529297 0.069712519645691
404 5.644847869873 5.5910015106201 0.053846515715122
405 5.5769238471985 5.5256686210632 0.051255352795124
406 5.5275712013245 5.4761910438538 0.05137998983264
407 5.4956765174866 5.4407405853271 0.054935969412327
408 5.4952807426453 5.4179120063782 0.077368699014187
409 5.4716300964355 5.4064545631409 0.065175548195839
410 5.4631090164185 5.4004688262939 0.062640279531479
411 5.476589679718 5.4098167419434 0.066772915422916
412 5.5018391609192 5.4284324645996 0.073406487703323
413 5.5862431526184 5.4559903144836 0.13025268912315
414 5.6241893768311 5.4923157691956 0.13187336921692
415 5.6478385925293 5.5373792648315 0.11045905947685
416 5.7092056274414 5.5908932685852 0.11831237375736
417 5.7947316169739 5.653956413269 0.14077493548393
418 5.900438785553 5.7265701293945 0.17386867105961
419 6.0359978675842 5.8093476295471 0.22665022313595
420 6.2184534072876 5.903030872345 0.3154225051403
421 6.4875707626343 6.0088725090027 0.47869816422462
422 6.9438943862915 6.1281766891479 0.81571763753891
423 7.9872574806213 6.2627420425415 1.7245154380798
424 11.61669254303 6.4149341583252 5.2017579078674
425 19.575954437256 6.5874271392822 12.988526344299
426 9.7275066375732 6.7838358879089 2.9436709880829
427 8.2207117080688 7.0096426010132 1.2110694646835
428 7.9158020019531 7.2714886665344 0.64431363344193
429 8.0072736740112 7.5786366462708 0.4286367893219
430 8.2397298812866 7.9442934989929 0.29543653130531
431 8.6047420501709 8.3879852294922 0.21675750613213
432 9.1077671051025 8.9402303695679 0.16753666102886
433 9.7902803421021 9.6518592834473 0.13842134177685
434 10.73464012146 10.616117477417 0.11852208524942
435 12.130518913269 12.026226997375 0.10429130494595
436 14.442332267761 14.347449302673 0.094882674515247
437 18.796899795532 18.698518753052 0.098380111157894
438 26.213327407837 26.125839233398 0.087487772107124
439 38.144779205322 38.067211151123 0.077569045126438
440 32.797229766846 32.723129272461 0.074099361896515
441 28.567808151245 28.465366363525 0.10244213789701
442 31.377830505371 31.265035629272 0.11279497295618
443 39.68009185791 39.61434173584 0.065750479698181
444 50.007781982422 49.94758605957 0.060194790363312
445 72.196708679199 72.131278991699 0.065430887043476
446 119.51356506348 119.43743896484 0.076130695641041
447 216.13081359863 216.07020568848 0.060608699917793
448 325.83700561523 325.77713012695 0.059859413653612
449 218.19741821289 218.06936645508 0.12805433571339
450 121.17600250244 121.12019348145 0.055810160934925
451 72.835418701172 72.77889251709 0.056522868573666
452 48.68436050415 48.61950302124 0.06485553830862
453 35.536060333252 35.479389190674 0.056672129780054
454 27.78010559082 27.726705551147 0.053400047123432
455 22.89813041687 22.843919754028 0.054211642593145
456 19.662805557251 19.610830307007 0.051973976194859
457 17.456405639648 17.388813018799 0.067593574523926
458 15.876521110535 15.821102142334 0.055419269949198
459 14.749069213867 14.697604179382 0.051465138792992
460 13.944713592529 13.89216709137 0.052546571940184
461 13.37691116333 13.319897651672 0.057013064622879
462 13.00173664093 12.93300151825 0.068735219538212
463 12.807850837708 12.697193145752 0.11065702885389
464 12.676726341248 12.591812133789 0.08491413295269
465 12.689477920532 12.631133079529 0.058345280587673
466 12.910934448242 12.846467971802 0.064466297626495
467 13.396529197693 13.31508731842 0.081441126763821
468 14.325113296509 14.229207038879 0.095906510949135
469 16.202217102051 16.085571289062 0.11664628982544
470 20.070049285889 19.991989135742 0.078060030937195
471 24.9501953125 24.585298538208 0.36489561200142
472 24.026054382324 23.955764770508 0.070289708673954
473 28.645439147949 28.485544204712 0.15989477932453
474 42.054546356201 41.986103057861 0.068440973758698
475 48.246433258057 48.174732208252 0.071699902415276
476 32.084217071533 31.743650436401 0.34056550264359
477 22.525722503662 22.434350967407 0.091372668743134
478 18.390707015991 18.306205749512 0.084502004086971
479 16.472658157349 16.377960205078 0.094698905944824
480 15.595834732056 15.436813354492 0.15902145206928
481 15.201501846313 14.99849319458 0.20300869643688
482 15.02029132843 14.855301856995 0.16498890519142
483 15.118082046509 14.918685913086 0.19939659535885
484 15.464829444885 15.172061920166 0.29276740550995
485 16.178098678589 15.65446472168 0.52363431453705
486 17.779207229614 16.528953552246 1.250254034996
487 23.603038787842 18.181465148926 5.421573638916
488 23.216846466064 20.912260055542 2.3045871257782
489 21.974494934082 21.190263748169 0.78423154354095
490 19.462789535522 19.073101043701 0.38968858122826
491 18.256397247314 18.01466178894 0.24173630774021
492 17.878847122192 17.70599937439 0.17284701764584
493 17.890382766724 17.757001876831 0.1333821117878
494 18.103513717651 17.992343902588 0.11116939038038
495 18.435878753662 18.336647033691 0.099233016371727
496 18.879261016846 18.755723953247 0.12353830784559
497 19.371932983398 19.233629226685 0.13830465078354
498 19.848121643066 19.763700485229 0.084421463310719
499 20.439018249512 20.343393325806 0.095625475049019
500 21.051574707031 20.978530883789 0.073042392730713
501 21.759418487549 21.688373565674 0.071043536067009
502 22.61109161377 22.537010192871 0.074082471430302
503 23.79115486145 23.72310256958 0.068052895367146
504 24.718740463257 24.656938552856 0.061802729964256
505 25.137870788574 25.074531555176 0.063338108360767
506 25.776031494141 25.715805053711 0.060226384550333
507 26.652223587036 26.584608078003 0.067615129053593
508 27.683193206787 27.569604873657 0.11358850449324
509 28.71097946167 28.626668930054 0.08431002497673
510 29.828031539917 29.770275115967 0.057756081223488
511 31.056392669678 31.001028060913 0.05536375194788
512 32.380168914795 32.325531005859 0.054640650749207
513 33.797912597656 33.743713378906 0.054198250174522
514 35.322849273682 35.267772674561 0.055075611919165
515 37.036117553711 36.907398223877 0.12872087955475
516 38.731033325195 38.674301147461 0.056732445955276
517 40.646606445312 40.576358795166 0.070248208940029
518 42.696334838867 42.63512802124 0.061209205538034
519 44.935428619385 44.873538970947 0.061889089643955
520 47.494018554687 47.318832397461 0.17518930137157
521 49.976169586182 49.906429290771 0.069739557802677
522 52.931785583496 52.729591369629 0.20219387114048
523 55.940467834473 55.82795715332 0.11250987648964
524 59.289707183838 59.22416305542 0.065546117722988
525 63.011566162109 62.953544616699 0.058023247867823
526 67.108123779297 67.05054473877 0.057578448206186
527 71.637306213379 71.571739196777 0.065567225217819
528 76.636070251465 76.577018737793 0.059057638049126
529 82.194381713867 82.13597869873 0.05839654058218
530 88.391067504883 88.332824707031 0.058235958218575
531 95.336311340332 95.270988464355 0.065325208008289
532 103.11462402344 103.06050872803 0.054113291203976
533 111.89725494385 111.84197235107 0.055282492190599
534 122.48580932617 122.41608428955 0.069731146097183
535 133.94955444336 133.88986206055 0.059683982282877
536 147.13299560547 147.0728302002 0.060165099799633
537 162.38124084473 162.32514953613 0.056093793362379
538 180.05894470215 180.00228881836 0.056654620915651
539 200.78793334961 200.71673583984 0.071195259690285
540 225.33129882812 225.26821899414 0.063076436519623
541 254.70018005371 254.6421661377 0.058015525341034
542 290.24871826172 290.19277954102 0.055949445813894
543 333.87542724609 333.81823730469 0.057183127850294
544 388.31927490234 388.25918579102 0.060065478086472
545 457.71514892578 457.60696411133 0.10817494988441
546 548.02172851563 547.96441650391 0.057336002588272
547 666.57653808594 666.51995849609 0.056529670953751
548 818.45336914062 818.39581298828 0.057556115090847
549 1.0077124023438E+03 1.0076302490234E+03 0.082105547189713
550 1.2836236572266E+03 1.2835590820312E+03 0.064558580517769
551 1.6997626953125E+03 1.6993471679687E+03 0.41557046771049
552 2.3484423828125E+03 2.3483703613281E+03 0.072171181440353
553 3.4135874023438E+03 3.4135192871094E+03 0.068031348288059
554 5.279390625E+03 5.2793310546875E+03 0.059426415711641
555 8.6911328125E+03 8.69107421875E+03 0.058257628232241
556 1.4508896484375E+04 1.4508838867187E+04 0.05786132439971
557 1.9478220703125E+04 1.947816015625E+04 0.061223905533552
558 1.3745489257812E+04 1.3745427734375E+04 0.061547104269266
559 8.251154296875E+03 8.25108984375E+03 0.063939772546291
560 5.080435546875E+03 5.0803686523437E+03 0.067079678177834
561 3.3314265136719E+03 3.3313669433594E+03 0.05959291011095
562 2.3191435546875E+03 2.3190844726562E+03 0.059007745236158
563 1.6959503173828E+03 1.6958892822266E+03 0.060991823673248
564 1.2900802001953E+03 1.2900168457031E+03 0.063390582799911
565 1.0128786621094E+03 1.0128067626953E+03 0.071891032159328
566 815.9833984375 815.845703125 0.13768655061722
567 671.38928222656 671.22888183594 0.16040572524071
568 562.15692138672 562.08129882812 0.075662240386009
569 477.83322143555 477.76193237305 0.071294844150543
570 411.47055053711 411.31335449219 0.15717667341232
571 359.00924682617 358.04110717773 0.96815037727356
572 314.76165771484 314.68957519531 0.072082571685314
573 279.05456542969 278.94607543945 0.10849894583225
574 249.01445007324 248.94317626953 0.071270801126957
575 223.90258789062 223.83148193359 0.071101762354374
576 202.55508422852 202.47454833984 0.080535173416138
577 184.2467956543 184.16081237793 0.085976995527744
578 168.41319274902 168.33810424805 0.07508085668087
579 154.63827514648 154.57133483887 0.066942781209946
580 142.58644104004 142.52230834961 0.06412835419178
581 131.98490905762 131.9172668457 0.067636519670486
582 122.65156555176 122.50684356689 0.14472453296185
583 114.24638366699 114.1674118042 0.078974388539791
584 106.78778839111 106.72130584717 0.066485092043877
585 100.10883331299 100.04590606689 0.06293011456728
586 94.10083770752 94.0390625 0.061777133494616
587 88.67724609375 88.615119934082 0.06212617084384
588 83.764495849609 83.701904296875 0.062596797943115
589 79.305648803711 79.238220214844 0.067429333925247
590 75.243019104004 75.172035217285 0.070985905826092
591 71.607498168945 71.458930969238 0.14856907725334
592 68.13353729248 68.061111450195 0.072423011064529
593 65.0263671875 64.946990966797 0.079372987151146
594 62.159942626953 62.090950012207 0.068992041051388
595 59.638648986816 59.459609985352 0.17903673648834
596 57.076313018799 57.009101867676 0.067210473120213
597 54.82474899292 54.759609222412 0.065138570964336
598 52.750885009766 52.686126708984 0.064757831394672
599 50.838603973389 50.772491455078 0.066114492714405
600 49.076103210449 49.006107330322 0.069997861981392
