1 3.8145459257066E-03 7.7830336522311E-06 3.8067628629506E-03
2 4.1103279218078E-03 3.1283238058677E-05 4.0790447965264E-03
3 4.2303623631597E-03 7.1019327151589E-05 4.1593429632485E-03
4 4.3455716222525E-03 1.2813681678381E-04 4.2174346745014E-03
5 4.4818795286119E-03 2.0469717856031E-04 4.277182277292E-03
6 4.6447245404124E-03 2.9984803404659E-04 4.3448763899505E-03
7 4.8340694047511E-03 4.1106797289103E-04 4.423001781106E-03
8 5.0586052238941E-03 5.4551212815568E-04 4.5130932703614E-03
9 5.3276387043297E-03 7.0814462378621E-04 4.6194940805435E-03
10 5.6444187648594E-03 9.0476864716038E-04 4.7396500594914E-03
11 6.0335719026625E-03 1.1442576069385E-03 4.8893145285547E-03
12 6.4490353688598E-03 1.4412737218663E-03 5.0077619962394E-03
13 6.9854455068707E-03 1.8167933449149E-03 5.1686521619558E-03
14 7.6507483609021E-03 2.3026908747852E-03 5.3480579517782E-03
15 8.5168229416013E-03 2.9579808469862E-03 5.5588418617845E-03
16 9.6679506823421E-03 3.897265298292E-03 5.7706851512194E-03
17 0.011333245784044 5.3323367610574E-03 6.0009090229869E-03
18 0.013966300524771 7.7002649195492E-03 6.2660351395607E-03
19 0.018529299646616 0.01197580434382 6.5534953027964E-03
20 0.027309136465192 0.020440809428692 6.8683256395161E-03
21 0.045006085187197 0.037792317569256 7.2137699462473E-03
22 0.071556307375431 0.063963368535042 7.5929365120828E-03
23 0.065451584756374 0.057440169155598 8.0114156007767E-03
24 0.045732602477074 0.037257898598909 8.4747020155191E-03
25 0.034014649689198 0.025039156898856 8.9754918590188E-03
26 0.028052281588316 0.018531369045377 9.5209116116166E-03
27 0.02507883310318 0.014953410252929 0.010125421918929
28 0.02369275316596 0.012892925180495 0.010799827985466
29 0.023334035649896 0.011673376895487 0.011660658754408
30 0.023568099364638 0.010953821241856 0.012614278122783
31 0.023852869868279 0.010550913400948 0.01330195646733
32 0.024669310078025 0.010359865613282 0.014309443533421
33 0.025775827467442 0.010317515581846 0.015458310954273
34 0.027062272652984 0.010384016670287 0.016678255051374
35 0.028673674911261 0.010533235035837 0.018140440806746
36 0.030141867697239 0.010748299770057 0.019393566995859
37 0.031999032944441 0.011015179567039 0.020983852446079
38 0.034143604338169 0.011326634325087 0.022816970944405
39 0.036893405020237 0.011674674227834 0.025218730792403
40 0.040376525372267 0.012055302970111 0.028321223333478
41 0.044169593602419 0.012464641593397 0.03170495480299
42 0.050106454640627 0.012899978086352 0.03720647841692
43 0.05563622713089 0.013359115459025 0.042277112603188
44 0.062595620751381 0.013839974999428 0.048755642026663
45 0.070685133337975 0.014341867528856 0.056343261152506
46 0.080757021903992 0.014863331802189 0.065893694758415
47 0.093549221754074 0.015403466299176 0.078145757317543
48 0.1103278324008 0.015961537137628 0.094366297125816
49 0.13322226703167 0.016536945477128 0.11668532341719
50 0.16673214733601 0.017129195854068 0.14960296452045
51 0.22423759102821 0.01773788779974 0.20649971067905
52 0.35166674852371 0.018362695351243 0.33330404758453
53 0.69198006391525 0.019003359600902 0.67297667264938
54 1.6285035610199 0.019659679383039 1.6088439226151
55 3.8403568267822 0.020331518724561 3.8200254440308
56 8.8800430297852 0.021018803119659 8.8590240478516
57 18.426424026489 0.021721532568336 18.404703140259
58 18.536325454712 0.022439926862717 18.513885498047
59 22.729751586914 0.023174043744802 22.706577301025
60 23.63484954834 0.02392447553575 23.61092376709
61 24.299724578857 0.024692161008716 24.275032043457
62 21.631616592407 0.025479044765234 21.60613822937
63 24.110610961914 0.026288218796253 24.084323883057
64 7.0035123825073 0.027127055451274 6.9763851165771
65 2.8933835029602 0.028011238202453 2.8653721809387
66 1.189843416214 0.028973907232285 1.1608694791794
67 0.55062812566757 0.030047344043851 0.52058082818985
68 0.32014092803001 0.031039020046592 0.2891018986702
69 0.22662867605686 0.031707011163235 0.19492165744305
70 0.17897365987301 0.032408859580755 0.14656479656696
71 0.14970125257969 0.033208329230547 0.11649292707443
72 0.12949456274509 0.034069523215294 0.0954250395298
73 0.11487678438425 0.03496877104044 0.079908013343811
74 0.10400080680847 0.035895120352507 0.068105690181255
75 0.095786847174168 0.036842565983534 0.058944281190634
76 0.089554347097874 0.037808388471603 0.051745962351561
77 0.084565930068493 0.038791704922915 0.045774225145578
78 0.080376766622066 0.039791360497475 0.040585409849882
79 0.077516324818134 0.040806878358126 0.036709446460009
80 0.074776336550713 0.041837994009256 0.032938342541456
81 0.072915941476822 0.042884550988674 0.030031390488148
82 0.071463257074356 0.043946478515863 0.027516776695848
83 0.070400334894657 0.045023754239082 0.025376580655575
84 0.069650128483772 0.046116389334202 0.023533741012216
85 0.069167576730251 0.047224424779415 0.021943150088191
86 0.068668708205223 0.048347927629948 0.020320780575275
87 0.068641386926174 0.049486983567476 0.019154399633408
88 0.068786196410656 0.050641719251871 0.01814447529614
89 0.069090567529202 0.051812253892422 0.017278309911489
90 0.069541200995445 0.052998796105385 0.01654240489006
91 0.070134066045284 0.054201617836952 0.015932446345687
92 0.070857904851437 0.055421181023121 0.015436724759638
93 0.071783773601055 0.056658383458853 0.015125392004848
94 0.072968043386936 0.057915300130844 0.015052745118737
95 0.073825977742672 0.059197582304478 0.014628400094807
96 0.075964905321598 0.060517821460962 0.015447084791958
97 0.076380394399166 0.061840534210205 0.014539855532348
98 0.077689096331596 0.063109368085861 0.014579731039703
99 0.079295836389065 0.064419113099575 0.014876725152135
100 0.081164628267288 0.065775275230408 0.015389352105558
101 0.081485979259014 0.067139849066734 0.014346129260957
102 0.08394243568182 0.068524546921253 0.015417884103954
103 0.086080856621265 0.06992844492197 0.016152411699295
104 0.088982068002224 0.071351319551468 0.017630748450756
105 0.092045277357101 0.072793252766132 0.019252024590969
106 0.095717959105968 0.07425445318222 0.021463505923748
107 0.10004211217165 0.075735285878181 0.024306822568178
108 0.10524740070105 0.077236145734787 0.028011258691549
109 0.11179342865944 0.078757524490356 0.033035904169083
110 0.12021768093109 0.080300055444241 0.039917625486851
111 0.13487856090069 0.081864528357983 0.053014028817415
112 0.14547999203205 0.083452023565769 0.062027972191572
113 0.16777065396309 0.085064075887203 0.082706578075886
114 0.20407249033451 0.086703091859818 0.11736939102411
115 0.27290257811546 0.088373191654682 0.18452939391136
116 0.4090863764286 0.090082116425037 0.31900426745415
117 0.78514069318771 0.091845698654652 0.69329500198364
118 2.3052585124969 0.093696676194668 2.2115619182587
119 5.4582471847534 0.09568103402853 5.3625659942627
120 1.2633991241455 0.097689419984818 1.1657096147537
121 0.55687707662582 0.099304310977459 0.45757278800011
122 0.33917093276978 0.10087584704161 0.23829509317875
123 0.24929386377335 0.1025801897049 0.14671367406845
124 0.21555057168007 0.10438244789839 0.1111681163311
125 0.18147261440754 0.10625000298023 0.075222611427307
126 0.16515189409256 0.10816701501608 0.056984875351191
127 0.15540887415409 0.11012750118971 0.045281376689672
128 0.15022876858711 0.11212860792875 0.03810016065836
129 0.14601361751556 0.11416982114315 0.031843792647123
130 0.14376866817474 0.11625149846077 0.027517164126039
131 0.14316993951797 0.11837536841631 0.024794572964311
132 0.14242027699947 0.12054286897182 0.021877398714423
133 0.14271456003189 0.12275611609221 0.019958447664976
134 0.14327065646648 0.12501753866673 0.018253123387694
135 0.14429308474064 0.12732993066311 0.016963163390756
136 0.14570765197277 0.12969642877579 0.016011223196983
137 0.14847734570503 0.13212056457996 0.016356790438294
138 0.14877054095268 0.13460628688335 0.014164258725941
139 0.15071560442448 0.13715803623199 0.013557576574385
140 0.15290439128876 0.13978077471256 0.013123625889421
141 0.15557086467743 0.14248007535934 0.013090784661472
142 0.16536289453506 0.14526224136353 0.020100645720959
143 0.16096413135529 0.14813436567783 0.012829774059355
144 0.16304585337639 0.15110436081886 0.011941488832235
145 0.17151211202145 0.1541815251112 0.017330585047603
146 0.16853952407837 0.15737614035606 0.011163395829499
147 0.17161141335964 0.16070000827312 0.010911403223872
148 0.17508514225483 0.16416670382023 0.010918435640633
149 0.17947854101658 0.16779179871082 0.01168674044311
150 0.18245556950569 0.17158876359463 0.010866807773709
151 0.18671663105488 0.17558774352074 0.011128883808851
152 0.19016435742378 0.17980822920799 0.010356138460338
153 0.19463121891022 0.18427860736847 0.010352618992329
154 0.20447069406509 0.18903224170208 0.015438458882272
155 0.2041998654604 0.19410854578018 0.010091315954924
156 0.20977638661861 0.19955433905125 0.010222049430013
157 0.21523104608059 0.2054255604744 9.8054828122258E-03
158 0.22150975465775 0.2117894589901 9.7202872857451E-03
159 0.22842107713223 0.21872748434544 9.6935983747244E-03
160 0.23600074648857 0.22633893787861 9.6618020907044E-03
161 0.24439395964146 0.2347459346056 9.6480315551162E-03
162 0.2538049519062 0.24409982562065 9.7051383927464E-03
163 0.2643708884716 0.25459003448486 9.780865162611E-03
164 0.27678367495537 0.2664647102356 0.010318982414901
165 0.30143392086029 0.28001266717911 0.021421240642667
166 0.30799031257629 0.29563856124878 0.012351743876934
167 0.32421663403511 0.31386169791222 0.010354932397604
168 0.34520870447159 0.33537346124649 9.8352506756783E-03
169 0.37083566188812 0.36110910773277 9.7265467047691E-03
170 0.40209251642227 0.39235842227936 9.7341034561396E-03
171 0.44076961278915 0.43093687295914 9.8327305167913E-03
172 0.48930862545967 0.47946164011955 9.8469741642475E-03
173 0.55190753936768 0.54180902242661 0.010098541155457
174 0.63416290283203 0.62390178442001 0.010261075571179
175 0.74706864356995 0.73512154817581 0.011947102844715
176 0.90245193243027 0.8909637928009 0.011488155461848
177 1.1287109851837 1.1183007955551 0.010410289280117
178 1.4764829874039 1.4664282798767 0.010054729878902
179 2.0416240692139 2.0315971374512 0.010027043521404
180 3.0246415138245 3.0133955478668 0.0112459436059
181 4.8452234268188 4.8351397514343 0.010083744302392
182 8.2568073272705 8.2465953826904 0.010211781598628
183 13.04611492157 13.03549861908 0.010616292245686
184 11.456728935242 11.442465782166 0.014263335615396
185 6.979040145874 6.9652986526489 0.013741562142968
186 4.2561955451965 4.2455925941467 0.010602723807096
187 2.7990200519562 2.7884719371796 0.010548246093094
188 1.9864361286163 1.9761075973511 0.010328580625355
189 1.5023766756058 1.491990685463 0.010385979898274
190 1.1955591440201 1.1851172447205 0.010441796854138
191 0.99098181724548 0.98043525218964 0.010546530596912
192 0.84917867183685 0.8384393453598 0.010739343240857
193 0.74912458658218 0.73729890584946 0.011825693771243
194 0.6747053861618 0.66314953565598 0.01155580766499
195 0.61851859092712 0.60314059257507 0.015377985313535
196 0.56941598653793 0.55661302804947 0.01280299667269
197 0.53213053941727 0.52080851793289 0.011322037316859
198 0.50400757789612 0.49294021725655 0.011067349463701
199 0.48288798332214 0.47125881910324 0.011629150249064
200 0.4667532145977 0.45488739013672 0.01186584122479
201 0.45808076858521 0.44395405054092 0.014126709662378
202 0.45174622535706 0.44017946720123 0.011566764675081
203 0.45616626739502 0.4447426199913 0.011423652991652
204 0.44515597820282 0.43395683169365 0.011199150234461
205 0.42472159862518 0.41339102387428 0.011330598965287
206 0.41359424591064 0.40029957890511 0.013294656760991
207 0.40388453006744 0.39209401607513 0.01179052144289
208 0.39947137236595 0.38653314113617 0.01293823774904
209 0.39758917689323 0.38258385658264 0.01500532310456
210 0.3920214176178 0.37960988283157 0.012411558069289
211 0.3920251429081 0.37747237086296 0.014552774839103
212 0.38784870505333 0.37599316239357 0.01185552123934
213 0.38697096705437 0.37504637241364 0.011924612335861
214 0.38697189092636 0.37454530596733 0.012426603585482
215 0.40761747956276 0.37442669272423 0.033190775662661
216 0.38691577315331 0.374641507864 0.01227427367121
217 0.38726136088371 0.3751502931118 0.012111066840589
218 0.38820266723633 0.37592062354088 0.012282054871321
219 0.3890805542469 0.3769254386425 0.012155130505562
220 0.3903526365757 0.37814185023308 0.012210794724524
221 0.39187771081924 0.37955033779144 0.012327367439866
222 0.39360678195953 0.38114163279533 0.012465158477426
223 0.3955671787262 0.38288623094559 0.012680954299867
224 0.39757344126701 0.38452169299126 0.013051744550467
225 0.40065634250641 0.38657304644585 0.014083312824368
226 0.41325095295906 0.38874959945679 0.024501368403435
227 0.40556442737579 0.39104369282722 0.014520742930472
228 0.40717414021492 0.39344897866249 0.013725148513913
229 0.41026455163956 0.39596110582352 0.014303421601653
230 0.41366508603096 0.39857959747314 0.015085503458977
231 0.42462679743767 0.40131539106369 0.023311417549849
232 0.42106714844704 0.40421786904335 0.016849279403687
233 0.42723324894905 0.40725612640381 0.019977128133178
234 0.45810586214066 0.41003775596619 0.048068109899759
235 0.43553438782692 0.41295006871223 0.022584307938814
236 0.43768209218979 0.4160059094429 0.021676195785403
237 0.46123111248016 0.41915559768677 0.042075507342815
238 0.44023382663727 0.42238289117813 0.017850963398814
239 0.47955682873726 0.42568111419678 0.053875736892223
240 0.4451205432415 0.42904648184776 0.016074046492577
241 0.44864934682846 0.43247702717781 0.016172321513295
242 0.46156051754951 0.43597075343132 0.025589779019356
243 0.46371155977249 0.43952625989914 0.024185284972191
244 0.46420714259148 0.44314247369766 0.021064665168524
245 0.46255972981453 0.44681826233864 0.01574144884944
246 0.46580874919891 0.45055297017097 0.015255785547197
247 0.47119471430779 0.45434594154358 0.016848793253303
248 0.49446269869804 0.45819664001465 0.036266051232815
249 0.48399364948273 0.46210476756096 0.021888894960284
250 0.49204310774803 0.46607002615929 0.025973094627261
251 0.49061673879623 0.47009226679802 0.02052447758615
252 0.49024918675423 0.47417148947716 0.016077686101198
253 0.49380668997765 0.47830772399902 0.015498954802752
254 0.49775612354279 0.48250117897987 0.015254960395396
255 0.50196975469589 0.48675206303596 0.015217679552734
256 0.50636523962021 0.49106079339981 0.015304429456592
257 0.51130938529968 0.49542778730392 0.015881605446339
258 0.52009475231171 0.49985364079475 0.020241102203727
259 0.53001999855042 0.50433903932571 0.025680981576443
260 0.52519249916077 0.50888460874557 0.016307853162289
261 0.52968293428421 0.51349139213562 0.016191525384784
262 0.53514397144318 0.51815962791443 0.016984347254038
263 0.54777926206589 0.52289170026779 0.024887569248676
264 0.54851287603378 0.52770453691483 0.020808320492506
265 0.55673879384995 0.53256690502167 0.024171881377697
266 0.55454885959625 0.53749644756317 0.0170524045825
267 0.56727147102356 0.54249483346939 0.024776626378298
268 0.56498908996582 0.54756486415863 0.017424257472157
269 0.56938010454178 0.5527064204216 0.016673700883985
270 0.57459360361099 0.55792272090912 0.016670886427164
271 0.58091950416565 0.5632164478302 0.017703022807837
272 0.5869642496109 0.56859201192856 0.018372258171439
273 0.64177352190018 0.5740555524826 0.067717991769314
274 0.60078912973404 0.57958817481995 0.021200919523835
275 0.60629254579544 0.5852102637291 0.021082310006022
276 0.61241269111633 0.59092819690704 0.021484479308128
277 0.62694096565247 0.59674280881882 0.03019817173481
278 0.62101322412491 0.60265773534775 0.018355494365096
279 0.62769079208374 0.60867756605148 0.01901326328516
280 0.63315600156784 0.61480736732483 0.018348665907979
281 0.64181911945343 0.62105286121368 0.02076630666852
282 0.64544069766998 0.62741881608963 0.01802191324532
283 0.65530073642731 0.63391536474228 0.021385379135609
284 0.65911620855331 0.64054882526398 0.018567366525531
285 0.66741722822189 0.64732789993286 0.020089339464903
286 0.72183966636658 0.65426486730576 0.067574813961983
287 0.68505215644836 0.66136574745178 0.023686395958066
288 0.69003814458847 0.66864544153214 0.021392690017819
289 0.77615863084793 0.67611789703369 0.10004077106714
290 0.70376938581467 0.6837991476059 0.019970221444964
291 0.7178710103035 0.69170773029327 0.026163298636675
292 0.71960020065308 0.69986540079117 0.019734801724553
293 0.74062883853912 0.70830005407333 0.032328758388758
294 0.73741716146469 0.71706622838974 0.020350906997919
295 0.74585044384003 0.72617220878601 0.019678192213178
296 0.75539082288742 0.73553246259689 0.019858364015818
297 0.76690632104874 0.74534058570862 0.021565737202764
298 0.78194558620453 0.75563895702362 0.026306657120585
299 0.79299575090408 0.76646107435226 0.026534711942077
300 0.80260455608368 0.77785003185272 0.024754570797086
301 0.82187193632126 0.78993862867355 0.031933270394802
302 0.83470964431763 0.80289125442505 0.031818423420191
303 0.85758286714554 0.8167040348053 0.040878817439079
304 0.85338622331619 0.83160412311554 0.021782102063298
305 0.86849117279053 0.84779471158981 0.020696440711617
306 0.88556516170502 0.86553311347961 0.020032031461596
307 0.90527230501175 0.88514846563339 0.020123852416873
308 0.92734068632126 0.90706741809845 0.020273312926292
309 0.95257693529129 0.93185120820999 0.020725760608912
310 0.99115842580795 0.96025019884109 0.030908217653632
311 1.0142638683319 0.99328619241714 0.020977675914764
312 1.0532336235046 1.0323795080185 0.020854050293565
313 1.1007688045502 1.0795524120331 0.02121633477509
314 1.1596403121948 1.1377648115158 0.02187548391521
315 1.2358783483505 1.2114908695221 0.024387529119849
316 1.3447953462601 1.3077721595764 0.037023164331913
317 1.467692732811 1.4382309913635 0.029461767524481
318 1.6460508108139 1.623304605484 0.02274621091783
319 1.9253785610199 1.9017390012741 0.023639583960176
320 2.3782157897949 2.3506042957306 0.027611287310719
321 3.1038329601288 3.080794095993 0.023038925603032
322 4.1619625091553 4.1396646499634 0.02229799516499
323 6.2118320465088 6.1890931129456 0.022738721221685
324 10.326636314392 10.303080558777 0.023555664345622
325 15.706629753113 15.681528091431 0.025102201849222
326 12.182769775391 12.151684761047 0.031084954738617
327 7.3708252906799 7.2796816825867 0.091143898665905
328 4.6738557815552 4.6463294029236 0.027526373043656
329 3.3276484012604 3.3030831813812 0.024565240368247
330 2.5956208705902 2.5721788406372 0.023441933095455
331 2.1684157848358 2.1441824436188 0.024233277887106
332 1.9063422679901 1.8779009580612 0.028441295027733
333 1.7567874193192 1.7045133113861 0.052274122834206
334 1.6132420301437 1.5880113840103 0.025230698287487
335 1.5356757640839 1.5083945989609 0.027281180024147
336 1.4779627323151 1.4536683559418 0.024294355884194
337 1.4391380548477 1.4150401353836 0.024097871035337
338 1.4124962091446 1.38838326931 0.024112965911627
339 1.3958811759949 1.3715714216232 0.02430964820087
340 1.3870031833649 1.3624238967896 0.024579228833318
341 1.3842172622681 1.3592948913574 0.024922359734774
342 1.3866838216782 1.3609033823013 0.025780415162444
343 1.4004535675049 1.3669736385345 0.033479861915112
344 1.4042230844498 1.3767589330673 0.027464088052511
345 1.4232536554337 1.3899195194244 0.033334154635668
346 1.4344857931137 1.4062544107437 0.028231348842382
347 1.4529055356979 1.4256654977798 0.027240078896284
348 1.4754078388214 1.4481410980225 0.027266712859273
349 1.5017703771591 1.473749756813 0.028020590543747
350 1.5323454141617 1.5026354789734 0.029710037633777
351 1.5691373348236 1.5350185632706 0.034118808805943
352 1.622456908226 1.571200966835 0.051255870610476
353 1.6652982234955 1.6115751266479 0.053723067045212
354 1.6890639066696 1.6566189527512 0.032444998621941
355 1.8022818565369 1.7069914340973 0.09529036283493
356 1.7962042093277 1.7634432315826 0.032760966569185
357 1.8640524148941 1.8269302845001 0.037122152745724
358 1.9538255929947 1.898641705513 0.055183943361044
359 2.0788488388062 1.9800636768341 0.098785206675529
360 2.1145865917206 2.0730667114258 0.04152000695467
361 2.2204580307007 2.1800243854523 0.040433533489704
362 2.3476047515869 2.3039801120758 0.043624710291624
363 2.5014355182648 2.4488804340363 0.052555043250322
364 2.6940369606018 2.6199107170105 0.074126459658146
365 2.9107775688171 2.8239858150482 0.086791798472404
366 3.1881325244904 3.0704746246338 0.11765799671412
367 3.6167461872101 3.372349023819 0.24439708888531
368 4.4847288131714 3.7478895187378 0.73683929443359
369 4.9697299003601 4.2235498428345 0.74617993831635
370 5.069456577301 4.8386812210083 0.2307750582695
371 5.8613715171814 5.6537427902222 0.20762848854065
372 6.8434615135193 6.7651891708374 0.0782720297575
373 8.394362449646 8.3338479995728 0.060515116900206
374 10.695159912109 10.642177581787 0.052981667220592
375 14.293426513672 14.21740436554 0.076022297143936
376 20.169960021973 20.114292144775 0.055669035762548
377 30.64995765686 30.59748840332 0.052468772977591
378 50.769275665283 50.71166229248 0.057614803314209
379 89.937576293945 89.89185333252 0.045724637806416
380 143.42803955078 143.39147949219 0.036555528640747
381 112.76940155029 112.73387908936 0.035519581288099
382 64.600646972656 64.565528869629 0.035122763365507
383 38.167121887207 38.132400512695 0.034718845039606
384 24.598608016968 24.563875198364 0.034733142703772
385 17.183017730713 17.147939682007 0.035077445209026
386 12.805640220642 12.769444465637 0.036195889115334
387 10.050122261047 9.9936285018921 0.056493826210499
388 8.1976537704468 8.1606407165527 0.037013173103333
389 6.9603333473206 6.9241619110107 0.036171555519104
390 6.1215057373047 6.0853796005249 0.036126296967268
391 5.441695690155 5.4043817520142 0.037313718348742
392 4.8261008262634 4.7833404541016 0.04276018217206
393 4.3629117012024 4.31032371521 0.052587818354368
394 3.9933183193207 3.9539756774902 0.039342608302832
395 3.7285802364349 3.6788330078125 0.049747213721275
396 3.5046689510345 3.4609892368317 0.043679729104042
397 3.3628480434418 3.2870359420776 0.07581203430891
398 3.1890830993652 3.1461281776428 0.042954843491316
399 3.0771861076355 3.0312740802765 0.04591216519475
400 3.0307230949402 2.9373705387115 0.093352548778057
401 2.9497995376587 2.860595703125 0.089203648269176
402 2.9065306186676 2.7980346679688 0.10849602520466
403 2.8171410560608 2.7474286556244 0.069712519645691
404 2.7608549594879 2.7070083618164 0.053846515715122
405 2.7266314029694 2.6753759384155 0.051255352795124
406 2.7028005123138 2.6514203548431 0.05137998983264
407 2.6891922950745 2.634256362915 0.054935969412327
408 2.700572013855 2.6232032775879 0.077368699014187
409 2.682831287384 2.6176557540894 0.065175548195839
410 2.6773979663849 2.6147575378418 0.062640279531479
411 2.6860566139221 2.6192836761475 0.066772915422916
412 2.7017035484314 2.6282970905304 0.073406487703323
413 2.7718925476074 2.6416397094727 0.13025268912315
414 2.7911009788513 2.6592276096344 0.13187336921692
415 2.7915050983429 2.6810460090637 0.11045905947685
416 2.8252685070038 2.7069561481476 0.11831237375736
417 2.8782644271851 2.7374894618988 0.14077493548393
418 2.9465155601501 2.7726469039917 0.17386867105961
419 3.0393757820129 2.8127257823944 0.22665022313595
420 3.173506975174 2.8580844402313 0.3154225051403
421 3.3880281448364 2.9093298912048 0.47869816422462
422 3.7828114032745 2.967093706131 0.81571763753891
423 4.7567620277405 3.0322465896606 1.7245154380798
424 8.3076915740967 3.1059339046478 5.2017579078674
425 16.177976608276 3.1894502639771 12.988526344299
426 6.2282166481018 3.2845458984375 2.9436709880829
427 4.6049447059631 3.3938751220703 1.2110694646835
428 4.1649675369263 3.5206537246704 0.64431363344193
429 4.0980033874512 3.6693665981293 0.4286367893219
430 4.1418437957764 3.8464074134827 0.29543653130531
431 4.2779879570007 4.0612306594849 0.21675750613213
432 4.4961495399475 4.3286128044128 0.16753666102886
433 4.8115844726563 4.6731634140015 0.13842134177685
434 5.2585530281067 5.1400308609009 0.11852208524942
435 5.9270582199097 5.8227667808533 0.10429130494595
436 7.0415210723877 6.946638584137 0.094882674515247
437 9.151686668396 9.0533065795898 0.098380111157894
438 12.736897468567 12.649409294128 0.087487772107124
439 18.508659362793 18.431091308594 0.077569045126438
440 15.917734146118 15.843634605408 0.074099361896515
441 13.884586334229 13.782143592834 0.10244213789701
442 15.250461578369 15.137666702271 0.11279497295618
443 19.245920181274 19.180168151855 0.065750479698181
444 24.243436813354 24.183240890503 0.060194790363312
445 34.989402770996 34.923973083496 0.065430887043476
446 57.904438018799 57.828304290771 0.076130695641041
447 104.67582702637 104.61521911621 0.060608699917793
448 157.79214477539 157.7322845459 0.059859413653612
449 105.7112121582 105.58316040039 0.12805433571339
450 58.698860168457 58.643051147461 0.055810160934925
451 35.294052124023 35.237529754639 0.056522868573666
452 23.605075836182 23.54022026062 0.06485553830862
453 17.234811782837 17.17813873291 0.056672129780054
454 13.477904319763 13.42450428009 0.053400047123432
455 11.114605903625 11.060394287109 0.054211642593145
456 9.5469961166382 9.4950227737427 0.051973976194859
457 8.4867763519287 8.4191827774048 0.067593574523926
458 7.7155594825745 7.6601405143738 0.055419269949198
459 7.1676387786865 7.1161737442017 0.051465138792992
460 6.7787499427795 6.7262034416199 0.052546571940184
461 6.5061392784119 6.4491262435913 0.057013064622879
462 6.3305373191833 6.2618021965027 0.068735219538212
463 6.2582874298096 6.1476302146912 0.11065702885389
464 6.1815214157104 6.0966076850891 0.08491413295269
465 6.1739907264709 6.1156454086304 0.058345280587673
466 6.2843713760376 6.2199048995972 0.064466297626495
467 6.5282387733459 6.4467973709106 0.081441126763821
468 6.9852952957153 6.8893890380859 0.095906510949135
469 7.9048352241516 7.7881889343262 0.11664628982544
470 9.7576284408569 9.6795682907104 0.078060030937195
471 12.268418312073 11.903522491455 0.36489561200142
472 11.669009208679 11.598719596863 0.070289708673954
473 13.951807975769 13.791913032532 0.15989477932453
474 20.396951675415 20.328512191772 0.068440973758698
475 23.396574020386 23.32487487793 0.071699902415276
476 15.709963798523 15.369398117065 0.34056550264359
477 10.953465461731 10.862092018127 0.091372668743134
478 8.9478607177734 8.8633584976196 0.084502004086971
479 8.0244541168213 7.9297556877136 0.094698905944824
480 7.6331000328064 7.4740781784058 0.15902145206928
481 7.464864730835 7.2618560791016 0.20300869643688
482 7.3575158119202 7.1925268173218 0.16498890519142
483 7.4226117134094 7.2232151031494 0.19939659535885
484 7.6386604309082 7.345892906189 0.29276740550995
485 8.1030931472778 7.5794591903687 0.52363431453705
486 9.253116607666 8.0028629302979 1.250254034996
487 14.224535942078 8.8029632568359 5.421573638916
488 12.429725646973 10.125138282776 2.3045871257782
489 11.043972015381 10.259739875793 0.78423154354095
490 9.6243572235107 9.2346687316895 0.38968858122826
491 8.9639377593994 8.7222013473511 0.24173630774021
492 8.7456026077271 8.5727558135986 0.17284701764584
493 8.7308311462402 8.5974493026733 0.1333821117878
494 8.8225650787354 8.7113962173462 0.11116939038038
495 8.9773302078247 8.8780975341797 0.099233016371727
496 9.2045412063599 9.0810031890869 0.12353830784559
497 9.4506959915161 9.3123912811279 0.13830465078354
498 9.6534585952759 9.569037437439 0.084421463310719
499 9.9453344345093 9.8497085571289 0.095625475049019
500 10.230267524719 10.157225608826 0.073042392730713
501 10.571954727173 10.500911712646 0.071043536067009
502 10.985879898071 10.911797523499 0.074082471430302
503 11.554122924805 11.486070632935 0.068052895367146
504 12.000010490417 11.938207626343 0.061802729964256
505 12.203733444214 12.14039516449 0.063338108360767
506 12.511108398438 12.450881958008 0.060226384550333
507 12.939147949219 12.871532440186 0.067615129053593
508 13.462029457092 13.348441123962 0.11358850449324
509 13.94455242157 13.860241889954 0.08431002497673
510 14.471700668335 14.413944244385 0.057756081223488
511 15.065204620361 15.009840965271 0.05536375194788
512 15.705768585205 15.651127815247 0.054640650749207
513 16.391973495483 16.337774276733 0.054198250174522
514 17.130756378174 17.075681686401 0.055075611919165
515 17.998262405396 17.869541168213 0.12872087955475
516 18.781761169434 18.725027084351 0.056732445955276
517 19.716199874878 19.645950317383 0.070248208940029
518 20.703958511353 20.642749786377 0.061209205538034
519 21.788417816162 21.726528167725 0.061889089643955
520 23.0856590271 22.910470962524 0.17518930137157
521 24.233055114746 24.163314819336 0.069739557802677
522 25.732404708862 25.530210494995 0.20219387114048
523 27.142864227295 27.030353546143 0.11250987648964
524 28.74024772644 28.674701690674 0.065546117722988
525 30.538389205933 30.480365753174 0.058023247867823
526 32.521598815918 32.464019775391 0.057578448206186
527 34.71862411499 34.653057098389 0.065567225217819
528 37.13553237915 37.076473236084 0.059057638049126
529 39.826370239258 39.767971038818 0.05839654058218
530 42.826549530029 42.768314361572 0.058235958218575
531 46.192905426025 46.127578735352 0.065325208008289
532 49.953163146973 49.89905166626 0.054113291203976
533 54.206077575684 54.15079498291 0.055282492190599
534 59.340213775635 59.270484924316 0.069731146097183
535 64.885452270508 64.825775146484 0.059683982282877
536 71.268760681152 71.208602905273 0.060165099799633
537 78.649444580078 78.593353271484 0.056093793362379
538 87.208793640137 87.152137756348 0.056654620915651
539 97.25269317627 97.181495666504 0.071195259690285
540 109.13172149658 109.0686416626 0.063076436519623
541 123.34871673584 123.29069519043 0.058015525341034
542 140.55926513672 140.50331115723 0.055949445813894
543 161.68273925781 161.6255645752 0.057183127850294
544 188.04443359375 187.984375 0.060065478086472
545 221.66882324219 221.56065368652 0.10817494988441
546 265.36654663086 265.30923461914 0.057336002588272
547 322.76708984375 322.71054077148 0.056529670953751
548 396.30218505859 396.24462890625 0.057556115090847
549 487.94882202148 487.86672973633 0.082105547189713
550 621.52844238281 621.4638671875 0.064558580517769
551 823.19250488281 822.77691650391 0.41557046771049
552 1.1370881347656E+03 1.1370159912109E+03 0.072171181440353
553 1.6527996826172E+03 1.6527316894531E+03 0.068031348288059
554 2.5561655273438E+03 2.5561062011719E+03 0.059426415711641
555 4.2080361328125E+03 4.2079780273438E+03 0.058257628232241
556 7.0248364257812E+03 7.0247788085937E+03 0.05786132439971
557 9.43084765625E+03 9.4307861328125E+03 0.061223905533552
558 6.6552177734375E+03 6.65515625E+03 0.061547104269266
559 3.9950139160156E+03 3.9949499511719E+03 0.063939772546291
560 2.4598410644531E+03 2.4597739257813E+03 0.067079678177834
561 1.6130153808594E+03 1.6129558105469E+03 0.05959291011095
562 1.1228956298828E+03 1.1228366699219E+03 0.059007745236158
563 821.16375732422 821.10272216797 0.060991823673248
564 624.65386962891 624.59051513672 0.063390582799911
565 490.44494628906 490.373046875 0.071891032159328
566 395.14761352539 395.00994873047 0.13768655061722
567 325.15087890625 324.99047851563 0.16040572524071
568 272.21987915039 272.14422607422 0.075662240386009
569 231.39042663574 231.31912231445 0.071294844150543
570 199.30374145508 199.14656066895 0.15717667341232
571 174.32176208496 173.35360717773 0.96815037727356
572 152.43608093262 152.36399841309 0.072082571685314
573 135.16647338867 135.05798339844 0.10849894583225
574 120.6026763916 120.53140258789 0.071270801126957
575 108.44412231445 108.37302398682 0.071101762354374
576 98.11311340332 98.032577514648 0.080535173416138
577 89.251556396484 89.165573120117 0.085976995527744
578 81.579742431641 81.504661560059 0.07508085668087
579 74.906105041504 74.839164733887 0.066942781209946
580 69.069496154785 69.005363464355 0.06412835419178
581 63.938335418701 63.870697021484 0.067636519670486
582 59.45915222168 59.314426422119 0.14472453296185
583 55.35567855835 55.276702880859 0.078974388539791
584 51.737991333008 51.671508789063 0.066485092043877
585 48.502391815186 48.439460754395 0.06293011456728
586 45.592891693115 45.531116485596 0.061777133494616
587 42.967121124268 42.9049949646 0.06212617084384
588 40.588745117188 40.526145935059 0.062596797943115
589 38.432388305664 38.3649559021 0.067429333925247
590 36.467208862305 36.396221160889 0.070985905826092
591 34.747005462646 34.598438262939 0.14856907725334
592 33.025730133057 32.953308105469 0.072423011064529
593 31.524911880493 31.445539474487 0.079372987151146
594 30.131715774536 30.06272315979 0.068992041051388
595 28.967737197876 28.78870010376 0.17903673648834
596 27.669441223145 27.60223197937 0.067210473120213
597 26.578227996826 26.513090133667 0.065138570964336
598 25.573925018311 25.509166717529 0.064757831394672
599 24.648752212524 24.582635879517 0.066114492714405
600 23.797399520874 23.727401733398 0.069997861981392
