1 3.8188870530576E-03 1.2124083696108E-05 3.8067628629506E-03
2 4.1277767159045E-03 4.873171201325E-05 4.0790447965264E-03
3 4.2699738405645E-03 1.1063092097174E-04 4.1593429632485E-03
4 4.4170408509672E-03 1.9960614736192E-04 4.2174346745014E-03
5 4.5960508286953E-03 3.1886869692244E-04 4.277182277292E-03
6 4.8119672574103E-03 4.6709069283679E-04 4.3448763899505E-03
7 5.0633461214602E-03 6.4034445676953E-04 4.423001781106E-03
8 5.3628692403436E-03 8.4977596998215E-04 4.5130932703614E-03
9 5.7226121425629E-03 1.1031180620193E-03 4.6194940805435E-03
10 6.1490605585277E-03 1.4094106154516E-03 4.7396500594914E-03
11 6.6717909649014E-03 1.7824765527621E-03 4.8893145285547E-03
12 7.25291762501E-03 2.2451556287706E-03 5.0077619962394E-03
13 7.9987766221166E-03 2.8301244601607E-03 5.1686521619558E-03
14 8.9350929483771E-03 3.587034996599E-03 5.3480579517782E-03
15 0.010166660882533 4.6078185550869E-03 5.5588418617845E-03
16 0.011841681785882 6.0709966346622E-03 5.7706851512194E-03
17 0.014307399280369 8.3064902573824E-03 6.0009090229869E-03
18 0.0182611849159 0.01199514977634 6.2660351395607E-03
19 0.025208899751306 0.018655404448509 6.5534953027964E-03
20 0.038710162043571 0.031841836869717 6.8683256395161E-03
21 0.066085055470467 0.058871284127235 7.2137699462473E-03
22 0.10723238438368 0.09963945299387 7.5929365120828E-03
23 0.097489304840565 0.089477889239788 8.0114156007767E-03
24 0.066513493657112 0.058038793504238 8.4747020155191E-03
25 0.047980438917875 0.039004947990179 8.9754918590188E-03
26 0.038388300687075 0.028867390006781 9.5209116116166E-03
27 0.033419217914343 0.023293795064092 0.010125421918929
28 0.030883885920048 0.020084058865905 0.010799827985466
29 0.029844956472516 0.018184296786785 0.011660658754408
30 0.029677681624889 0.017063403502107 0.012614278122783
31 0.029737727716565 0.016435770317912 0.01330195646733
32 0.030447607859969 0.016138164326549 0.014309443533421
33 0.031530503183603 0.016072193160653 0.015458310954273
34 0.032854042947292 0.016175786033273 0.016678255051374
35 0.034548673778772 0.016408231109381 0.018140440806746
36 0.036136817187071 0.016743250191212 0.019393566995859
37 0.038142837584019 0.017158985137939 0.020983852446079
38 0.040461126714945 0.01764415577054 0.022816970944405
39 0.043405048549175 0.018186317756772 0.025218730792403
40 0.047100469470024 0.018779244273901 0.028321223333478
41 0.051121849566698 0.019416894763708 0.03170495480299
42 0.05730152130127 0.020095044746995 0.03720647841692
43 0.06308738142252 0.020810270681977 0.042277112603188
44 0.070314973592758 0.021559333428741 0.048755642026663
45 0.078684419393539 0.022341160103679 0.056343261152506
46 0.089047163724899 0.02315347455442 0.065893694758415
47 0.10214062780142 0.023994874209166 0.078145757317543
48 0.11923050880432 0.02486421354115 0.094366297125816
49 0.1424458771944 0.025760559365153 0.11668532341719
50 0.17628610134125 0.026683142408729 0.14960296452045
51 0.23413103818893 0.027631338685751 0.20649971067905
52 0.36190867424011 0.02860463783145 0.33330404758453
53 0.70257931947708 0.029602635651827 0.67297667264938
54 1.6394689083099 0.030625024810433 1.6088439226151
55 3.8516969680786 0.031671587377787 3.8200254440308
56 8.8917655944824 0.032742209732533 8.8590240478516
57 18.438539505005 0.033836893737316 18.404703140259
58 18.54884147644 0.034955974668264 18.513885498047
59 22.742677688599 0.036099553108215 22.706577301025
60 23.648193359375 0.037268545478582 23.61092376709
61 24.313497543335 0.038464412093163 24.275032043457
62 21.64582824707 0.039690185338259 21.60613822937
63 24.125274658203 0.040950685739517 24.084323883057
64 7.0186429023743 0.042257387191057 6.9763851165771
65 2.9090070724487 0.043634731322527 2.8653721809387
66 1.2060037851334 0.045134335756302 1.1608694791794
67 0.56738728284836 0.046806491911411 0.52058082818985
68 0.33745318651199 0.048351284116507 0.2891018986702
69 0.24431352317333 0.049391850829124 0.19492165744305
70 0.19704996049404 0.050485163927078 0.14656479656696
71 0.16822347044945 0.051730543375015 0.11649292707443
72 0.14849711954594 0.053072076290846 0.0954250395298
73 0.13438089191914 0.054472886025906 0.079908013343811
74 0.12402159720659 0.055915910750628 0.068105690181255
75 0.11633609235287 0.057391807436943 0.058944281190634
76 0.11064228415489 0.058896325528622 0.051745962351561
77 0.10620231926441 0.060428094118834 0.045774225145578
78 0.10257072001696 0.061985310167074 0.040585409849882
79 0.10027668625116 0.063567243516445 0.036709446460009
80 0.098111815750599 0.065173469483852 0.032938342541456
81 0.096835143864155 0.066803753376007 0.030031390488148
82 0.095974758267403 0.0684579834342 0.027516776695848
83 0.095512695610523 0.070136114954948 0.025376580655575
84 0.095371916890144 0.071838177740574 0.023533741012216
85 0.095507375895977 0.073564223945141 0.021943150088191
86 0.095635153353214 0.075314372777939 0.020320780575275
87 0.096243150532246 0.077088750898838 0.019154399633408
88 0.097032025456429 0.078887544572353 0.01814447529614
89 0.097989268600941 0.080710962414742 0.017278309911489
90 0.099101707339287 0.082559302449226 0.01654240489006
91 0.1003654524684 0.084433004260063 0.015932446345687
92 0.10176951438189 0.08633279055357 0.015436724759638
93 0.10338544100523 0.088260054588318 0.015125392004848
94 0.10527077317238 0.090218022465706 0.015052745118737
95 0.10684391111135 0.09221550822258 0.014628400094807
96 0.109719209373 0.094272129237652 0.015447084791958
97 0.11087244749069 0.096332594752312 0.014539855532348
98 0.1128888502717 0.098309122025967 0.014579731039703
99 0.11522611230612 0.10034938901663 0.014876725152135
100 0.11785131692886 0.10246196389198 0.015389352105558
101 0.11893377453089 0.10458764433861 0.014346129260957
102 0.12216255068779 0.1067446693778 0.015417884103954
103 0.12508401274681 0.10893160104752 0.016152411699295
104 0.12877884507179 0.11114808917046 0.017630748450756
105 0.13264629244804 0.11339427530766 0.019252024590969
106 0.13713398575783 0.11567047983408 0.021463505923748
107 0.14228408038616 0.11797725409269 0.024306822568178
108 0.14832648634911 0.12031522393227 0.028011258691549
109 0.15572106838226 0.12268516421318 0.033035904169083
110 0.16500568389893 0.12508805096149 0.039917625486851
111 0.18053916096687 0.12752513587475 0.053014028817415
112 0.19202603399754 0.12999805808067 0.062027972191572
113 0.21521581709385 0.13250924646854 0.082706578075886
114 0.25243183970451 0.13506244122982 0.11736939102411
115 0.32219344377518 0.13766404986382 0.18452939391136
116 0.45933040976524 0.1403261423111 0.31900426745415
117 0.83636838197708 0.14307337999344 0.69329500198364
118 2.3575186729431 0.14595675468445 2.2115619182587
119 5.5116138458252 0.14904789626598 5.3625659942627
120 1.3178861141205 0.1521764844656 1.1657096147537
121 0.61226487159729 0.15469209849834 0.45757278800011
122 0.39543527364731 0.1571401655674 0.23829509317875
123 0.30650877952576 0.15979512035847 0.14671367406845
124 0.27377071976662 0.16260260343552 0.1111681163311
125 0.24073441326618 0.16551180183887 0.075222611427307
126 0.22548292577267 0.16849803924561 0.056984875351191
127 0.21683338284492 0.17155200242996 0.045281376689672
128 0.21276940405369 0.17466925084591 0.03810016065836
129 0.20969276130199 0.17784896492958 0.031843792647123
130 0.20860888063908 0.1810917109251 0.027517164126039
131 0.20919474959373 0.18440018594265 0.024794572964311
132 0.20965403318405 0.1877766251564 0.021877398714423
133 0.21118277311325 0.19122432172298 0.019958447664976
134 0.21300019323826 0.1947470754385 0.018253123387694
135 0.21531237661839 0.19834922254086 0.016963163390756
136 0.21804687380791 0.20203565061092 0.016011223196983
137 0.22216865420341 0.20581187307835 0.016356790438294
138 0.22384828329086 0.20968402922153 0.014164258725941
139 0.22721661627293 0.21365903317928 0.013557576574385
140 0.23086825013161 0.21774461865425 0.013123625889421
141 0.23504027724266 0.22194948792458 0.013090784661472
142 0.2463840842247 0.22628343105316 0.020100645720959
143 0.24358727037907 0.23075750470161 0.012829774059355
144 0.24732552468777 0.2353840470314 0.011941488832235
145 0.25750809907913 0.24017752707005 0.017330585047603
146 0.25631734728813 0.24515394866467 0.011163395829499
147 0.26124313473701 0.2503317296505 0.010911403223872
148 0.26665043830872 0.25573199987411 0.010918435640633
149 0.27306577563286 0.2613790333271 0.01168674044311
150 0.27816060185432 0.2672937810421 0.010866807773709
151 0.28465211391449 0.27352321147919 0.011128883808851
152 0.29045385122299 0.2800977230072 0.010356138460338
153 0.29741409420967 0.28706148266792 0.010352618992329
154 0.30990496277809 0.29446649551392 0.015438458882272
155 0.31246548891068 0.3023741543293 0.010091315954924
156 0.32107943296432 0.31085738539696 0.010222049430013
157 0.32980880141258 0.32000333070755 9.8054828122258E-03
158 0.33963704109192 0.32991674542427 9.7202872857451E-03
159 0.35041809082031 0.34072449803352 9.6935983747244E-03
160 0.36224311590195 0.35258132219315 9.6618020907044E-03
161 0.37532541155815 0.36567735671997 9.6480315551162E-03
162 0.38995361328125 0.38024845719337 9.7051383927464E-03
163 0.40637052059174 0.396589666605 9.780865162611E-03
164 0.4254065155983 0.41508755087852 0.010318982414901
165 0.45761325955391 0.43619200587273 0.021421240642667
166 0.47288510203362 0.4605333507061 0.012351743876934
167 0.49927553534508 0.48892059922218 0.010354932397604
168 0.5322659611702 0.5224307179451 9.8352506756783E-03
169 0.57224720716476 0.56252062320709 9.7265467047691E-03
170 0.62093359231949 0.61119949817657 9.7341034561396E-03
171 0.68112814426422 0.6712954044342 9.8327305167913E-03
172 0.75673222541809 0.74688524007797 9.8469741642475E-03
173 0.85410588979721 0.84400737285614 0.010098541155457
174 0.98214912414551 0.97188806533813 0.010261075571179
175 1.157088637352 1.1451414823532 0.011947102844715
176 1.3993941545486 1.3879059553146 0.011488155461848
177 1.7524522542953 1.7420419454575 0.010410289280117
178 2.2943952083588 2.2843403816223 0.010054729878902
179 3.1747636795044 3.1647367477417 0.010027043521404
180 4.7053871154785 4.6941413879395 0.0112459436059
181 7.5420618057251 7.5319781303406 0.010083744302392
182 12.856411933899 12.846199989319 0.010211781598628
183 20.31676864624 20.30615234375 0.010616292245686
184 17.838857650757 17.824592590332 0.014263335615396
185 10.863991737366 10.850250244141 0.013741562142968
186 6.6242089271545 6.6136059761047 0.010602723807096
187 4.3543128967285 4.3437647819519 0.010548246093094
188 3.0886261463165 3.0782973766327 0.010328580625355
189 2.3345465660095 2.3241605758667 0.010385979898274
190 1.8565678596497 1.8461260795593 0.010441796854138
191 1.5378274917603 1.5272809267044 0.010546530596912
192 1.3168250322342 1.3060857057571 0.010739343240857
193 1.1603590250015 1.1485333442688 0.011825693771243
194 1.0445823669434 1.0330265760422 0.01155580766499
195 0.95492511987686 0.93954712152481 0.015377985313535
196 0.87987142801285 0.86706840991974 0.01280299667269
197 0.82261568307877 0.81129366159439 0.011322037316859
198 0.77894896268845 0.76788157224655 0.011067349463701
199 0.74573636054993 0.73410725593567 0.011629150249064
200 0.72047030925751 0.7086044549942 0.01186584122479
201 0.70569974184036 0.69157302379608 0.014126709662378
202 0.6972599029541 0.68569314479828 0.011566764675081
203 0.70422506332397 0.69280141592026 0.011423652991652
204 0.68719887733459 0.67599976062775 0.011199150234461
205 0.65529376268387 0.64396315813065 0.011330598965287
206 0.63686454296112 0.6235699057579 0.013294656760991
207 0.62257814407349 0.61078763008118 0.01179052144289
208 0.61506336927414 0.60212510824203 0.01293823774904
209 0.61097836494446 0.59597307443619 0.01500532310456
210 0.60375189781189 0.59134036302567 0.012411558069289
211 0.60256338119507 0.58801060914993 0.014552774839103
212 0.59756189584732 0.58570641279221 0.01185552123934
213 0.59615612030029 0.58423149585724 0.011924612335861
214 0.59587758779526 0.58345097303391 0.012426603585482
215 0.61645698547363 0.5832661986351 0.033190775662661
216 0.59587508440018 0.58360081911087 0.01227427367121
217 0.59650444984436 0.58439338207245 0.012111066840589
218 0.59787541627884 0.58559334278107 0.012282054871321
219 0.59931379556656 0.58715862035751 0.012155130505562
220 0.60126429796219 0.58905351161957 0.012210794724524
221 0.6035749912262 0.59124761819839 0.012327367439866
222 0.60619157552719 0.59372645616531 0.012465158477426
223 0.60912507772446 0.59644412994385 0.012680954299867
224 0.61204349994659 0.59899181127548 0.013051744550467
225 0.61627060174942 0.60218727588654 0.014083312824368
226 0.63007920980453 0.60557782649994 0.024501368403435
227 0.62367218732834 0.60915142297745 0.014520742930472
228 0.62662351131439 0.61289834976196 0.013725148513913
229 0.63111507892609 0.61681163311005 0.014303421601653
230 0.6359760761261 0.62089055776596 0.015085503458977
231 0.64846366643906 0.6251522898674 0.023311417549849
232 0.64652293920517 0.62967365980148 0.016849279403687
233 0.65438359975815 0.63440650701523 0.019977128133178
234 0.68680775165558 0.63873964548111 0.048068109899759
235 0.66586059331894 0.64327627420425 0.022584307938814
236 0.66971272230148 0.6480365395546 0.021676195785403
237 0.69501852989197 0.65294301509857 0.042075507342815
238 0.67582130432129 0.65797030925751 0.017850963398814
239 0.71698391437531 0.6631081700325 0.053875736892223
240 0.68442469835281 0.66835063695908 0.016074046492577
241 0.68986690044403 0.6736946105957 0.016172321513295
242 0.70472675561905 0.67913693189621 0.025589779019356
243 0.70886087417603 0.68467557430267 0.024185284972191
244 0.71137338876724 0.69030874967575 0.021064665168524
245 0.71177619695663 0.69603478908539 0.01574144884944
246 0.71710830926895 0.70185250043869 0.015255785547197
247 0.72460985183716 0.70776104927063 0.016848793253303
248 0.75002557039261 0.71375954151154 0.036266051232815
249 0.74173629283905 0.7198474407196 0.021888894960284
250 0.75199741125107 0.72602432966232 0.025973094627261
251 0.75281453132629 0.73229002952576 0.02052447758615
252 0.75472211837769 0.73864448070526 0.016077686101198
253 0.76058667898178 0.74508774280548 0.015498954802752
254 0.76687502861023 0.75162011384964 0.015254960395396
255 0.77345961332321 0.75824195146561 0.015217679552734
256 0.78025835752487 0.76495391130447 0.015304429456592
257 0.78763824701309 0.77175664901733 0.015881605446339
258 0.79889214038849 0.77865105867386 0.020241102203727
259 0.81131917238235 0.78563815355301 0.025680981576443
260 0.80902701616287 0.79271912574768 0.016307853162289
261 0.81608688831329 0.7998953461647 0.016191525384784
262 0.82415163516998 0.80716729164124 0.016984347254038
263 0.83942633867264 0.81453877687454 0.024887569248676
264 0.84284436702728 0.82203602790833 0.020808320492506
265 0.85378229618073 0.82961040735245 0.024171881377697
266 0.85434186458588 0.8372894525528 0.0170524045825
267 0.86985230445862 0.84507572650909 0.024776626378298
268 0.8703978061676 0.85297358036041 0.017424257472157
269 0.87765657901764 0.86098283529282 0.016673700883985
270 0.88577950000763 0.86910861730576 0.016670886427164
271 0.89505803585052 0.87735497951508 0.017703022807837
272 0.90410101413727 0.88572877645493 0.018372258171439
273 0.96195763349533 0.89423966407776 0.067717991769314
274 0.9240590929985 0.90285819768906 0.021200919523835
275 0.93269824981689 0.91161596775055 0.021082310006022
276 0.94200760126114 0.92052316665649 0.021484479308128
277 0.95977908372879 0.92958092689514 0.03019817173481
278 0.95715045928955 0.93879497051239 0.018355494365096
279 0.96718561649323 0.94817233085632 0.01901326328516
280 0.97606974840164 0.95772111415863 0.018348665907979
281 0.98821640014648 0.96745008230209 0.02076630666852
282 0.99538862705231 0.97736668586731 0.01802191324532
283 1.0088721513748 0.98748677968979 0.021385379135609
284 1.016387462616 0.99782007932663 0.018567366525531
285 1.0284695625305 1.0083801746368 0.020089339464903
286 1.0867611169815 1.0191863775253 0.067574813961983
287 1.0539342164993 1.0302478075027 0.023686395958066
288 1.0629805326462 1.0415878295898 0.021392690017819
289 1.1532688140869 1.0532281398773 0.10004077106714
290 1.0851638317108 1.0651936531067 0.019970221444964
291 1.1036765575409 1.077513217926 0.026163298636675
292 1.1099557876587 1.0902210474014 0.019734801724553
293 1.1356889009476 1.1033601760864 0.032328758388758
294 1.1373666524887 1.1170157194138 0.020350906997919
295 1.1508787870407 1.131200671196 0.019678192213178
296 1.1656399965286 1.1457816362381 0.019858364015818
297 1.1826261281967 1.161060333252 0.021565737202764
298 1.2034093141556 1.1771026849747 0.026306657120585
299 1.2204955816269 1.1939609050751 0.026534711942077
300 1.2364566326141 1.2117021083832 0.024754570797086
301 1.2624665498734 1.2305332422256 0.031933270394802
302 1.282528758049 1.2507102489471 0.031818423420191
303 1.3131061792374 1.2722272872925 0.040878817439079
304 1.3172200918198 1.2954379320145 0.021782102063298
305 1.3413555622101 1.3206590414047 0.020696440711617
306 1.3683232069016 1.3482911586761 0.020032031461596
307 1.3989709615707 1.3788471221924 0.020123852416873
308 1.4332648515701 1.4129915237427 0.020273312926292
309 1.4723244905472 1.4515987634659 0.020725760608912
310 1.5267457962036 1.4958375692368 0.030908217653632
311 1.5682772397995 1.5472996234894 0.020977675914764
312 1.629051566124 1.6081975698471 0.020854050293565
313 1.7028977870941 1.6816815137863 0.02121633477509
314 1.7942377328873 1.7723622322083 0.02187548391521
315 1.9115972518921 1.8872096538544 0.024387529119849
316 2.0742156505585 2.0371925830841 0.037023164331913
317 2.2698776721954 2.2404158115387 0.029461767524481
318 2.5514621734619 2.5287158489227 0.02274621091783
319 2.9860887527466 2.9624493122101 0.023639583960176
320 3.689284324646 3.6616730690002 0.027611287310719
321 4.8221707344055 4.7991318702698 0.023038925603032
322 6.4708943367004 6.4485960006714 0.02229799516499
323 9.6638479232788 9.6411094665527 0.022738721221685
324 16.073263168335 16.04970741272 0.023555664345622
325 24.453128814697 24.428026199341 0.025102201849222
326 18.960470199585 18.929386138916 0.031084954738617
327 11.431126594543 11.33998298645 0.091143898665905
328 7.2653837203979 7.2378573417664 0.027526373043656
329 5.1699695587158 5.1454043388367 0.024565240368247
330 4.0302743911743 4.0068325996399 0.023441933095455
331 3.3643507957458 3.3401174545288 0.024233277887106
332 2.953756570816 2.9253153800964 0.028441295027733
333 2.7074933052063 2.6552193164825 0.052274122834206
334 2.4989681243896 2.4737374782562 0.025230698287487
335 2.3769950866699 2.3497138023376 0.027281180024147
336 2.2887580394745 2.2644636631012 0.024294355884194
337 2.2283880710602 2.2042901515961 0.024097871035337
338 2.1868782043457 2.1627652645111 0.024112965911627
339 2.1608862876892 2.1365764141083 0.02430964820087
340 2.1469061374664 2.1223268508911 0.024579228833318
341 2.1423749923706 2.11745262146 0.024922359734774
342 2.1457386016846 2.1199581623077 0.025780415162444
343 2.1628940105438 2.1294143199921 0.033479861915112
344 2.1721215248108 2.1446573734283 0.027464088052511
345 2.1984925270081 2.1651582717896 0.033334154635668
346 2.2188355922699 2.1906042098999 0.028231348842382
347 2.2480819225311 2.220841884613 0.027240078896284
348 2.2831203937531 2.2558536529541 0.027266712859273
349 2.3237662315369 2.2957456111908 0.028020590543747
350 2.3704524040222 2.3407423496246 0.029710037633777
351 2.4253063201904 2.3911874294281 0.034118808805943
352 2.4988069534302 2.4475510120392 0.051255870610476
353 2.5641672611237 2.5104441642761 0.053723067045212
354 2.6130564212799 2.5806114673615 0.032444998621941
355 2.7543699741364 2.6590797901154 0.09529036283493
356 2.7797789573669 2.7470178604126 0.032760966569185
357 2.8830375671387 2.8459153175354 0.037122152745724
358 3.0128083229065 2.9576244354248 0.055183943361044
359 3.1832454204559 3.0844602584839 0.098785206675529
360 3.2708563804626 3.2293362617493 0.04152000695467
361 3.4363842010498 3.3959505558014 0.040433533489704
362 3.6326682567596 3.5890436172485 0.043624710291624
363 3.8673181533813 3.8147630691528 0.052555043250322
364 4.1553134918213 4.0811867713928 0.074126459658146
365 4.4858784675598 4.3990864753723 0.086791798472404
366 4.9007143974304 4.7830567359924 0.11765799671412
367 5.4977011680603 5.2533040046692 0.24439708888531
368 6.5751442909241 5.8383049964905 0.73683929443359
369 7.3254489898682 6.5792689323425 0.74617993831635
370 7.7682700157166 7.5374946594238 0.2307750582695
371 9.0147924423218 8.8071632385254 0.20762848854065
372 10.616800308228 10.538528442383 0.0782720297575
373 13.042634010315 12.982118606567 0.060515116900206
374 16.630920410156 16.577938079834 0.052981667220592
375 22.223299026489 22.147275924683 0.076022297143936
376 31.388868331909 31.333200454712 0.055669035762548
377 47.715953826904 47.663486480713 0.052468772977591
378 79.05411529541 78.99649810791 0.057614803314209
379 140.07548522949 140.02975463867 0.045724637806416
380 223.40580749512 223.36924743652 0.036555528640747
381 175.64762878418 175.61210632324 0.035519581288099
382 100.61259460449 100.57746887207 0.035122763365507
383 59.435775756836 59.401058197021 0.034718845039606
384 38.299308776855 38.264575958252 0.034733142703772
385 26.7474193573 26.712341308594 0.035077445209026
386 19.927900314331 19.891704559326 0.036195889115334
387 15.62414932251 15.567655563354 0.056493826210499
388 12.749317169189 12.712304115295 0.037013173103333
389 10.822340965271 10.786169052124 0.036171555519104
390 9.5156755447388 9.479549407959 0.036126296967268
391 8.4560327529907 8.418719291687 0.037313718348742
392 7.4940476417542 7.4512872695923 0.04276018217206
393 6.7670292854309 6.7144417762756 0.052587818354368
394 6.1986804008484 6.1593375205994 0.039342608302832
395 5.7804789543152 5.7307319641113 0.049747213721275
396 5.4350633621216 5.3913836479187 0.043679729104042
397 5.1962189674377 5.120406627655 0.07581203430891
398 4.9438614845276 4.9009065628052 0.042954843491316
399 4.7679038047791 4.7219915390015 0.04591216519475
400 4.6690654754639 4.5757126808167 0.093352548778057
401 4.5453200340271 4.4561161994934 0.089203648269176
402 4.4671568870544 4.3586611747742 0.10849602520466
403 4.3495416641235 4.2798290252686 0.069712519645691
404 4.2707109451294 4.2168641090393 0.053846515715122
405 4.2188439369202 4.1675887107849 0.051255352795124
406 4.1816515922546 4.1302714347839 0.05137998983264
407 4.1584701538086 4.1035342216492 0.054935969412327
408 4.1636848449707 4.0863161087036 0.077368699014187
409 4.1428499221802 4.0776743888855 0.065175548195839
410 4.1357998847961 4.0731596946716 0.062640279531479
411 4.1469831466675 4.0802102088928 0.066772915422916
412 4.1676573753357 4.0942511558533 0.073406487703323
413 4.2452883720398 4.115035533905 0.13025268912315
414 4.2743062973022 4.1424331665039 0.13187336921692
415 4.2868800163269 4.1764211654663 0.11045905947685
416 4.3350949287415 4.2167825698853 0.11831237375736
417 4.4051213264465 4.2643465995789 0.14077493548393
418 4.4929819107056 4.3191132545471 0.17386867105961
419 4.6081962585449 4.3815460205078 0.22665022313595
420 4.7676267623901 4.4522042274475 0.3154225051403
421 5.010730266571 4.5320324897766 0.47869816422462
422 5.4377317428589 4.6220140457153 0.81571763753891
423 6.4480218887329 4.7235064506531 1.7245154380798
424 10.040051460266 4.8382935523987 5.2017579078674
425 17.956918716431 4.9683918952942 12.988526344299
426 8.0601987838745 5.1165280342102 2.9436709880829
427 6.4979062080383 5.2868366241455 1.2110694646835
428 6.1286406517029 5.484326839447 0.64431363344193
429 6.1446218490601 5.7159852981567 0.4286367893219
430 6.2872085571289 5.9917721748352 0.29543653130531
431 6.5431718826294 6.3264145851135 0.21675750613213
432 6.9104681015015 6.7429313659668 0.16753666102886
433 7.4180793762207 7.2796578407288 0.13842134177685
434 8.1254463195801 8.0069246292114 0.11852208524942
435 9.1747531890869 9.0704622268677 0.10429130494595
436 10.916065216064 10.821182250977 0.094882674515247
437 14.201240539551 14.102860450745 0.098380111157894
438 19.792207717896 19.704719543457 0.087487772107124
439 28.788749694824 28.711181640625 0.077569045126438
440 24.754650115967 24.680549621582 0.074099361896515
441 21.571687698364 21.469245910645 0.10244213789701
442 23.693616867065 23.580821990967 0.11279497295618
443 29.943813323975 29.878063201904 0.065750479698181
444 37.731834411621 37.67163848877 0.060194790363312
445 54.468528747559 54.403099060059 0.065430887043476
446 90.158638000488 90.082511901855 0.076130695641041
447 163.02581787109 162.96519470215 0.060608699917793
448 245.76860046387 245.70874023437 0.059859413653612
449 164.60107421875 164.47302246094 0.12805433571339
450 91.407493591309 91.351684570313 0.055810160934925
451 54.948066711426 54.891544342041 0.056522868573666
452 36.734825134277 36.669967651367 0.06485553830862
453 26.8160572052 26.759384155273 0.056672129780054
454 20.965530395508 20.912130355835 0.053400047123432
455 17.283630371094 17.229419708252 0.054211642593145
456 14.842922210693 14.790947914124 0.051973976194859
457 13.182642936707 13.115049362183 0.067593574523926
458 11.98806476593 11.932645797729 0.055419269949198
459 11.136742591858 11.085276603699 0.051465138792992
460 10.530344009399 10.47779750824 0.052546571940184
461 10.103191375732 10.046178817749 0.057013064622879
462 9.8231077194214 9.7543725967407 0.068735219538212
463 9.6871776580811 9.5765209197998 0.11065702885389
464 9.5819540023804 9.4970397949219 0.08491413295269
465 9.5850410461426 9.5266962051392 0.058345280587673
466 9.7535734176636 9.6891069412231 0.064466297626495
467 10.123991966248 10.042551040649 0.081441126763821
468 10.827907562256 10.732001304626 0.095906510949135
469 12.248760223389 12.132113456726 0.11664628982544
470 15.156485557556 15.07842540741 0.078060030937195
471 18.907703399658 18.542808532715 0.36489561200142
472 18.138288497925 18.067998886108 0.070289708673954
473 21.644357681274 21.484464645386 0.15989477932453
474 31.735343933105 31.666902542114 0.068440973758698
475 36.406211853027 36.334510803223 0.071699902415276
476 24.282369613647 23.941804885864 0.34056550264359
477 17.011884689331 16.920511245728 0.091372668743134
478 13.891469955444 13.806967735291 0.084502004086971
479 12.447340011597 12.352641105652 0.094698905944824
480 11.801827430725 11.642806053162 0.15902145206928
481 11.515223503113 11.312214851379 0.20300869643688
482 11.369205474854 11.204216957092 0.16498890519142
483 11.451417922974 11.252021789551 0.19939659535885
484 11.735891342163 11.443123817444 0.29276740550995
485 12.330597877502 11.806963920593 0.52363431453705
486 13.716777801514 12.466524124146 1.250254034996
487 19.134460449219 13.712886810303 5.421573638916
488 18.077102661133 15.772515296936 2.3045871257782
489 16.766424179077 15.982192993164 0.78423154354095
490 14.775068283081 14.38537979126 0.38968858122826
491 13.828815460205 13.587079048157 0.24173630774021
492 13.527126312256 13.354279518127 0.17284701764584
493 13.526127815247 13.39274597168 0.1333821117878
494 13.681416511536 13.570247650146 0.11116939038038
495 13.929161071777 13.829927444458 0.099233016371727
496 14.269543647766 14.146005630493 0.12353830784559
497 14.644757270813 14.506452560425 0.13830465078354
498 14.990666389465 14.906245231628 0.084421463310719
499 15.439088821411 15.343463897705 0.095625475049019
500 15.895542144775 15.822499275208 0.073042392730713
501 16.428922653198 16.357879638672 0.071043536067009
502 17.072023391724 16.997940063477 0.074082471430302
503 17.960571289062 17.892518997192 0.068052895367146
504 18.658641815186 18.596839904785 0.061802729964256
505 18.975137710571 18.911798477173 0.063338108360767
506 19.455688476562 19.395462036133 0.060226384550333
507 20.118349075317 20.050733566284 0.067615129053593
508 20.907230377197 20.793642044067 0.11358850449324
509 21.675214767456 21.59090423584 0.08431002497673
510 22.511194229126 22.453437805176 0.057756081223488
511 23.437065124512 23.381700515747 0.05536375194788
512 24.435312271118 24.380670547485 0.054640650749207
513 25.504497528076 25.450300216675 0.054198250174522
514 26.654855728149 26.599781036377 0.055075611919165
515 27.965143203735 27.836423873901 0.12872087955475
516 29.22579574585 29.169063568115 0.056732445955276
517 30.673887252808 30.603637695313 0.070248208940029
518 32.217620849609 32.156410217285 0.061209205538034
519 33.906562805176 33.844673156738 0.061889089643955
520 35.864158630371 35.688968658447 0.17518930137157
521 37.710338592529 37.640598297119 0.069739557802677
522 39.97208404541 39.769889831543 0.20219387114048
523 42.219261169434 42.106750488281 0.11250987648964
524 44.733795166016 44.6682472229 0.065546117722988
525 47.539058685303 47.481037139893 0.058023247867823
526 50.62866973877 50.571090698242 0.057578448206186
527 54.046646118164 53.981079101563 0.065567225217819
528 57.815235137939 57.756175994873 0.059057638049126
529 62.007274627686 61.948879241943 0.05839654058218
530 66.680923461914 66.622688293457 0.058235958218575
531 71.920936584473 71.855606079102 0.065325208008289
532 77.784759521484 77.730651855469 0.054113291203976
533 84.409118652344 84.35383605957 0.055282492190599
534 92.398803710938 92.329071044922 0.069731146097183
535 101.0425491333 100.98287200928 0.059683982282877
536 110.98593139648 110.92576599121 0.060165099799633
537 122.48551940918 122.42942810059 0.056093793362379
538 135.81860351563 135.76194763184 0.056654620915651
539 151.45645141602 151.38525390625 0.071195259690285
540 169.96563720703 169.90255737305 0.063076436519623
541 192.1150970459 192.05708312988 0.058015525341034
542 218.92613220215 218.87017822266 0.055949445813894
543 251.83070373535 251.77352905273 0.057183127850294
544 292.89422607422 292.83416748047 0.060065478086472
545 345.24606323242 345.13787841797 0.10817494988441
546 413.34490966797 413.28756713867 0.057336002588272
547 502.76150512695 502.70495605469 0.056529670953751
548 617.31085205078 617.25329589844 0.057556115090847
549 760.06042480469 759.97833251953 0.082105547189713
550 968.15490722656 968.09033203125 0.064558580517769
551 1.2821030273438E+03 1.2816873779297E+03 0.41557046771049
552 1.7712680664062E+03 1.7711959228516E+03 0.072171181440353
553 2.5746242675781E+03 2.5745561523437E+03 0.068031348288059
554 3.9818544921875E+03 3.9817951660156E+03 0.059426415711641
555 6.5550698242187E+03 6.5550112304688E+03 0.058257628232241
556 1.0942963867188E+04 1.0942905273437E+04 0.05786132439971
557 1.46909453125E+04 1.4690883789063E+04 0.061223905533552
558 1.0367184570312E+04 1.0367123046875E+04 0.061547104269266
559 6.2232294921875E+03 6.2231655273438E+03 0.063939772546291
560 3.8317998046875E+03 3.8317329101563E+03 0.067079678177834
561 2.5126545410156E+03 2.5125949707031E+03 0.05959291011095
562 1.7491668701172E+03 1.7491077880859E+03 0.059007745236158
563 1.2791403808594E+03 1.2790794677734E+03 0.060991823673248
564 973.02429199219 972.96087646484 0.063390582799911
565 763.95446777344 763.88256835938 0.071891032159328
566 615.46759033203 615.32989501953 0.13768655061722
567 506.41693115234 506.25653076172 0.16040572524071
568 424.01052856445 423.9348449707 0.075662240386009
569 360.41052246094 360.33923339844 0.071294844150543
570 310.37933349609 310.22216796875 0.15717667341232
571 271.01113891602 270.04296875 0.96815037727356
572 237.41833496094 237.34625244141 0.072082571685314
573 210.49615478516 210.38766479492 0.10849894583225
574 187.83003234863 187.75877380371 0.071270801126957
575 168.89004516602 168.81895446777 0.071101762354374
576 152.7915802002 152.71104431152 0.080535173416138
577 138.984375 138.89839172363 0.085976995527744
578 127.0396194458 126.96453857422 0.07508085668087
579 116.64825439453 116.58131408691 0.066942781209946
580 107.55779266357 107.49366760254 0.06412835419178
581 99.562728881836 99.495094299316 0.067636519670486
582 92.542251586914 92.397529602051 0.14472453296185
583 86.186706542969 86.107734680176 0.078974388539791
584 80.55818939209 80.491706848145 0.066485092043877
585 75.519889831543 75.456962585449 0.06293011456728
586 70.988243103027 70.926460266113 0.061777133494616
587 66.897727966309 66.835601806641 0.06212617084384
588 63.192527770996 63.129932403564 0.062596797943115
589 59.830753326416 59.763320922852 0.067429333925247
590 56.76749420166 56.696506500244 0.070985905826092
591 54.044563293457 53.89599609375 0.14856907725334
592 51.405704498291 51.333282470703 0.072423011064529
593 49.063915252686 48.98454284668 0.079372987151146
594 46.899440765381 46.830448150635 0.068992041051388
595 45.024868011475 44.84582901001 0.17903673648834
596 43.064807891846 42.997596740723 0.067210473120213
597 41.366115570068 41.300979614258 0.065138570964336
598 39.801868438721 39.737110137939 0.064757831394672
599 38.359916687012 38.293800354004 0.066114492714405
600 37.031551361084 36.96155166626 0.069997861981392
