1 3.8289525546134E-03 2.2189571609488E-05 3.8067628629506E-03
2 4.1682338342071E-03 8.9189074060414E-05 4.0790447965264E-03
3 4.3618204072118E-03 2.0247738575563E-04 4.1593429632485E-03
4 4.5827552676201E-03 3.6532038939185E-04 4.2174346745014E-03
5 4.8607774078846E-03 5.8359542163089E-04 4.277182277292E-03
6 5.199748557061E-03 8.5487216711044E-04 4.3448763899505E-03
7 5.5949641391635E-03 1.1719622416422E-03 4.423001781106E-03
8 6.0683581978083E-03 1.5552650438622E-03 4.5130932703614E-03
9 6.6384272649884E-03 2.0189331844449E-03 4.6194940805435E-03
10 7.3191616684198E-03 2.5795118417591E-03 4.7396500594914E-03
11 8.1516141071916E-03 3.2622991129756E-03 4.8893145285547E-03
12 9.1168591752648E-03 4.1090976446867E-03 5.0077619962394E-03
13 0.010348362848163 5.1797106862068E-03 5.1686521619558E-03
14 0.011913071386516 6.5650134347379E-03 5.3480579517782E-03
15 0.013992099091411 8.4332572296262E-03 5.5588418617845E-03
16 0.016881858929992 0.011111173778772 5.7706851512194E-03
17 0.021203497424722 0.015202589333057 6.0009090229869E-03
18 0.028219630941749 0.021953595802188 6.2660351395607E-03
19 0.040696728974581 0.03414323553443 6.5534953027964E-03
20 0.065145447850227 0.058277122676373 6.8683256395161E-03
21 0.11496035009623 0.10774657875299 7.2137699462473E-03
22 0.1899536550045 0.18236072361469 7.5929365120828E-03
23 0.17177438735962 0.16376297175884 8.0114156007767E-03
24 0.11469765007496 0.10622294992208 8.4747020155191E-03
25 0.08036258071661 0.071387089788914 8.9754918590188E-03
26 0.062354180961847 0.052833270281553 9.5209116116166E-03
27 0.052757866680622 0.042632445693016 0.010125421918929
28 0.047557793557644 0.036757964640856 0.010799827985466
29 0.044941671192646 0.03328100964427 0.011660658754408
30 0.043843820691109 0.031229542568326 0.012614278122783
31 0.043382801115513 0.030080845579505 0.01330195646733
32 0.043845608830452 0.029536165297031 0.014309443533421
33 0.044873736798763 0.029415424913168 0.015458310954273
34 0.046283274888992 0.029605021700263 0.016678255051374
35 0.048170883208513 0.030030444264412 0.018140440806746
36 0.050037164241076 0.030643597245216 0.019393566995859
37 0.052388329058886 0.031404476612806 0.020983852446079
38 0.055109411478043 0.032292440533638 0.022816970944405
39 0.058503441512585 0.033284708857536 0.025218730792403
40 0.062691107392311 0.034369885921478 0.028321223333478
41 0.067241869866848 0.035536918789148 0.03170495480299
42 0.073984548449516 0.036778070032597 0.03720647841692
43 0.080364190042019 0.038087081164122 0.042277112603188
44 0.088213667273521 0.039458021521568 0.048755642026663
45 0.097232185304165 0.040888924151659 0.056343261152506
46 0.10826931893826 0.04237562790513 0.065893694758415
47 0.12206131964922 0.043915562331676 0.078145757317543
48 0.13987293839455 0.04550663381815 0.094366297125816
49 0.16383245587349 0.047147132456303 0.11668532341719
50 0.1984385997057 0.048835650086403 0.14960296452045
51 0.25707074999809 0.050571043044329 0.20649971067905
52 0.38565641641617 0.052352380007505 0.33330404758453
53 0.72715562582016 0.054178923368454 0.67297667264938
54 1.6648939847946 0.056050103157759 1.6088439226151
55 3.8779909610748 0.057965528219938 3.8200254440308
56 8.9189491271973 0.059924986213446 8.8590240478516
57 18.466630935669 0.061928484588861 18.404703140259
58 18.577861785889 0.063976638019085 18.513885498047
59 22.772647857666 0.06606961786747 22.706577301025
60 23.679132461548 0.068209119141102 23.61092376709
61 24.345430374146 0.070397801697254 24.275032043457
62 21.678779602051 0.072641216218472 21.60613822937
63 24.159271240234 0.074948191642761 24.084323883057
64 7.0537252426147 0.077339723706245 6.9763851165771
65 2.9452328681946 0.079860545694828 2.8653721809387
66 1.2434746026993 0.082605138421059 1.1608694791794
67 0.60624635219574 0.08566552400589 0.52058082818985
68 0.37759473919868 0.088492810726166 0.2891018986702
69 0.28531894087791 0.090397261083126 0.19492165744305
70 0.23896305263042 0.092398248612881 0.14656479656696
71 0.21117047965527 0.094677545130253 0.11649292707443
72 0.19255787134171 0.097132831811905 0.0954250395298
73 0.17960461974144 0.099696606397629 0.079908013343811
74 0.17044332623482 0.10233763605356 0.068105690181255
75 0.16398310661316 0.10503882914782 0.058944281190634
76 0.1595383733511 0.10779240727425 0.051745962351561
77 0.15637008845806 0.11059585958719 0.045774225145578
78 0.15403129160404 0.11344588547945 0.040585409849882
79 0.15305060148239 0.11634115129709 0.036709446460009
80 0.1522192209959 0.11928087472916 0.032938342541456
81 0.1522960215807 0.12226463109255 0.030031390488148
82 0.15280897915363 0.12529221177101 0.027516776695848
83 0.15374012291431 0.12836353480816 0.025376580655575
84 0.15501239895821 0.13147865235806 0.023533741012216
85 0.15658083558083 0.13463769853115 0.021943150088191
86 0.15816159546375 0.13784082233906 0.020320780575275
87 0.16024269163609 0.14108829200268 0.019154399633408
88 0.16252493858337 0.14438046514988 0.01814447529614
89 0.16499599814415 0.14771768450737 0.017278309911489
90 0.1676429361105 0.15110053122044 0.01654240489006
91 0.17046223580837 0.15452979505062 0.015932446345687
92 0.17344351112843 0.15800678730011 0.015436724759638
93 0.17665946483612 0.16153407096863 0.015125392004848
94 0.18017031252384 0.16511757671833 0.015052745118737
95 0.18340177834034 0.16877338290215 0.014628400094807
96 0.18798449635506 0.17253741621971 0.015447084791958
97 0.1908483505249 0.17630849778652 0.014539855532348
98 0.19450567662716 0.17992594838142 0.014579731039703
99 0.1985367834568 0.18366006016731 0.014876725152135
100 0.20291586220264 0.18752650916576 0.015389352105558
101 0.20576305687428 0.19141693413258 0.014346129260957
102 0.21078261733055 0.19536472856998 0.015417884103954
103 0.21551968157291 0.19936726987362 0.016152411699295
104 0.22105465829372 0.20342390239239 0.017630748450756
105 0.22678691148758 0.20753487944603 0.019252024590969
106 0.23316431045532 0.21170079708099 0.021463505923748
107 0.24022950232029 0.2159226834774 0.024306822568178
108 0.24821290373802 0.22020164132118 0.028011258691549
109 0.25757503509521 0.22453913092613 0.033035904169083
110 0.26885452866554 0.22893691062927 0.039917625486851
111 0.28641128540039 0.23339726030827 0.053014028817415
112 0.29995119571686 0.23792323470116 0.062027972191572
113 0.3252258002758 0.24251921474934 0.082706578075886
114 0.36456146836281 0.24719208478928 0.11736939102411
115 0.4364829659462 0.25195357203484 0.18452939391136
116 0.57582998275757 0.25682574510574 0.31900426745415
117 0.95514875650406 0.26185375452042 0.69329500198364
118 2.4786927700043 0.26713094115257 2.2115619182587
119 5.6353545188904 0.27278834581375 5.3625659942627
120 1.4442239999771 0.27851429581642 1.1657096147537
121 0.74069118499756 0.28311839699745 0.45757278800011
122 0.52589398622513 0.28759887814522 0.23829509317875
123 0.43917164206505 0.2924579679966 0.14671367406845
124 0.40876439213753 0.29759627580643 0.1111681163311
125 0.37814331054688 0.30292069911957 0.075222611427307
126 0.36537101864815 0.30838611721992 0.056984875351191
127 0.35925689339638 0.31397551298141 0.045281376689672
128 0.35778087377548 0.31968069076538 0.03810016065836
129 0.35734403133392 0.32550024986267 0.031843792647123
130 0.35895231366158 0.3314351439476 0.027517164126039
131 0.36228489875793 0.33749032020569 0.024794572964311
132 0.36554732918739 0.34366992115974 0.021877398714423
133 0.36993834376335 0.34997990727425 0.019958447664976
134 0.37468039989471 0.35642728209496 0.018253123387694
135 0.37998309731483 0.3630199432373 0.016963163390756
136 0.38577809929848 0.36976686120033 0.016011223196983
137 0.39303490519524 0.37667810916901 0.016356790438294
138 0.39792922139168 0.38376498222351 0.014164258725941
139 0.40459764003754 0.39104005694389 0.013557576574385
140 0.41164115071297 0.39851751923561 0.013123625889421
141 0.4193040728569 0.40621331334114 0.013090784661472
142 0.43424594402313 0.41414532065392 0.020100645720959
143 0.43516352772713 0.42233377695084 0.012829774059355
144 0.4427427649498 0.4308013021946 0.011941488832235
145 0.45690494775772 0.43957436084747 0.017330585047603
146 0.45984563231468 0.44868221879005 0.011163395829499
147 0.46907004714012 0.4581586420536 0.010911403223872
148 0.47896069288254 0.46804225444794 0.010918435640633
149 0.49006420373917 0.47837746143341 0.01168674044311
150 0.50006949901581 0.48920267820358 0.010866807773709
151 0.51173269748688 0.50060385465622 0.011128883808851
152 0.52299267053604 0.51263648271561 0.010356138460338
153 0.53573423624039 0.52538162469864 0.010352618992329
154 0.55437278747559 0.53893435001373 0.015438458882272
155 0.56349831819534 0.55340701341629 0.010091315954924
156 0.57915508747101 0.56893306970596 0.010222049430013
157 0.59547746181488 0.58567202091217 9.8054828122258E-03
158 0.61353588104248 0.60381561517715 9.7202872857451E-03
159 0.63328963518143 0.62359601259232 9.6935983747244E-03
160 0.65495824813843 0.64529645442963 9.6618020907044E-03
161 0.67891293764114 0.66926491260529 9.6480315551162E-03
162 0.70563817024231 0.69593304395676 9.7051383927464E-03
163 0.73562169075012 0.72584080696106 9.780865162611E-03
164 0.77001470327377 0.75969570875168 0.010318982414901
165 0.81974244117737 0.79832124710083 0.021421240642667
166 0.85522264242172 0.84287089109421 0.012351743876934
167 0.90518033504486 0.89482539892197 0.010354932397604
168 0.96599102020264 0.95615577697754 9.8352506756783E-03
169 1.0392551422119 1.0295286178589 9.7265467047691E-03
170 1.1283551454544 1.1186209917068 9.7341034561396E-03
171 1.2384415864944 1.2286088466644 9.8327305167913E-03
172 1.376800775528 1.3669538497925 9.8469741642475E-03
173 1.5548058748245 1.5447072982788 0.010098541155457
174 1.7890164852142 1.7787554264069 0.010261075571179
175 2.1077919006348 2.0958449840546 0.011947102844715
176 2.5516419410706 2.5401539802551 0.011488155461848
177 3.1987059116364 3.188295841217 0.010410289280117
178 4.1908683776855 4.1808137893677 0.010054729878902
179 5.8021473884583 5.7921199798584 0.010027043521404
180 8.6024913787842 8.5912456512451 0.0112459436059
181 13.795154571533 13.785071372986 0.010083744302392
182 23.521404266357 23.511192321777 0.010211781598628
183 37.175060272217 37.164443969727 0.010616292245686
184 32.636940002441 32.622676849365 0.014263335615396
185 19.871934890747 19.858192443848 0.013741562142968
186 12.114864349365 12.104261398315 0.010602723807096
187 7.9605321884155 7.9499840736389 0.010548246093094
188 5.6442470550537 5.633918762207 0.010328580625355
189 4.2640786170959 4.2536926269531 0.010385979898274
190 3.389232635498 3.3787908554077 0.010441796854138
191 2.8057851791382 2.7952387332916 0.010546530596912
192 2.4011452198029 2.3904058933258 0.010739343240857
193 2.1138782501221 2.1020526885986 0.011825693771243
194 1.9022072553635 1.8906514644623 0.01155580766499
195 1.7349427938461 1.7195647954941 0.015377985313535
196 1.5997167825699 1.5869138240814 0.01280299667269
197 1.4961565732956 1.4848345518112 0.011322037316859
198 1.4164488315582 1.4053815603256 0.011067349463701
199 1.355196595192 1.3435674905777 0.011629150249064
200 1.308758020401 1.2968921661377 0.01186584122479
201 1.279847741127 1.2657210826874 0.014126709662378
202 1.2665264606476 1.2549597024918 0.011566764675081
203 1.2793929576874 1.267969250679 0.011423652991652
204 1.2484179735184 1.2372188568115 0.011199150234461
205 1.189915895462 1.1785852909088 0.011330598965287
206 1.1545560359955 1.1412613391876 0.013294656760991
207 1.1296577453613 1.1178671121597 0.01179052144289
208 1.1149512529373 1.1020129919052 0.01293823774904
209 1.1057587862015 1.0907535552979 0.01500532310456
210 1.0946861505508 1.0822746753693 0.012411558069289
211 1.0907332897186 1.0761805772781 0.014552774839103
212 1.0838189125061 1.0719633102417 0.01185552123934
213 1.0811885595322 1.0692640542984 0.011924612335861
214 1.0802620649338 1.0678354501724 0.012426603585482
215 1.1006880998611 1.0674973726273 0.033190775662661
216 1.080384016037 1.0681097507477 0.01227427367121
217 1.0816713571548 1.0695602893829 0.012111066840589
218 1.0840384960175 1.0717564821243 0.012282054871321
219 1.0867763757706 1.0746213197708 0.012155130505562
220 1.0903000831604 1.0780893564224 0.012210794724524
221 1.0944322347641 1.0821049213409 0.012327367439866
222 1.0991069078445 1.0866416692734 0.012465158477426
223 1.1042965650558 1.0916155576706 0.012680954299867
224 1.1093300580978 1.0962783098221 0.013051744550467
225 1.116210103035 1.1021267175674 0.014083312824368
226 1.132833480835 1.108332157135 0.024501368403435
227 1.1293933391571 1.1148726940155 0.014520742930472
228 1.1354553699493 1.1217302083969 0.013725148513913
229 1.1431957483292 1.1288923025131 0.014303421601653
230 1.1514431238174 1.136357665062 0.015085503458977
231 1.1674689054489 1.144157409668 0.023311417549849
232 1.1692818403244 1.1524325609207 0.016849279403687
233 1.1810717582703 1.1610945463181 0.019977128133178
234 1.2170932292938 1.1690250635147 0.048068109899759
235 1.1999124288559 1.1773281097412 0.022584307938814
236 1.2077165842056 1.1860404014587 0.021676195785403
237 1.2370957136154 1.195020198822 0.042075507342815
238 1.2220722436905 1.2042212486267 0.017850963398814
239 1.2675002813339 1.2136245965958 0.053875736892223
240 1.2392933368683 1.2232193946838 0.016074046492577
241 1.2491722106934 1.232999920845 0.016172321513295
242 1.2685502767563 1.2429605722427 0.025589779019356
243 1.2772825956345 1.2530974149704 0.024185284972191
244 1.2844718694687 1.2634072303772 0.021064665168524
245 1.2896285057068 1.2738870382309 0.01574144884944
246 1.2997905015945 1.2845346927643 0.015255785547197
247 1.3121973276138 1.2953485250473 0.016848793253303
248 1.3425930738449 1.3063269853592 0.036266051232815
249 1.3393579721451 1.3174691200256 0.021888894960284
250 1.3547471761703 1.3287740945816 0.025973094627261
251 1.3607660531998 1.3402416706085 0.02052447758615
252 1.3679492473602 1.3518714904785 0.016077686101198
253 1.3791630268097 1.3636640310287 0.015498954802752
254 1.390874505043 1.3756196498871 0.015254960395396
255 1.4029567241669 1.3877389431 0.015217679552734
256 1.41532766819 1.4000232219696 0.015304429456592
257 1.42835521698 1.4124736785889 0.015881605446339
258 1.4453330039978 1.4250918626785 0.020241102203727
259 1.4635607004166 1.4378796815872 0.025680981576443
260 1.467147231102 1.4508394002914 0.016307853162289
261 1.4801647663116 1.4639732837677 0.016191525384784
262 1.4942667484283 1.4772824048996 0.016984347254038
263 1.515661239624 1.4907736778259 0.024887569248676
264 1.5253036022186 1.5044952630997 0.020808320492506
265 1.5425298213959 1.5183579921722 0.024171881377697
266 1.5494645833969 1.5324121713638 0.0170524045825
267 1.5714392662048 1.5466626882553 0.024776626378298
268 1.578541636467 1.5611172914505 0.017424257472157
269 1.5924496650696 1.5757759809494 0.016673700883985
270 1.6073186397552 1.590647816658 0.016670886427164
271 1.623443365097 1.6057404279709 0.017703022807837
272 1.6394383907318 1.6210660934448 0.018372258171439
273 1.7043607234955 1.6366428136826 0.067717991769314
274 1.6736173629761 1.6524164676666 0.021200919523835
275 1.6895272731781 1.6684449911118 0.021082310006022
276 1.7062314748764 1.6847469806671 0.021484479308128
277 1.7315227985382 1.7013245820999 0.03019817173481
278 1.7365436553955 1.7181881666183 0.018355494365096
279 1.7543640136719 1.735350728035 0.01901326328516
280 1.7711756229401 1.7528269290924 0.018348665907979
281 1.7913992404938 1.770632982254 0.02076630666852
282 1.8068042993546 1.7887823581696 0.01802191324532
283 1.8286896944046 1.8073042631149 0.021385379135609
284 1.844783782959 1.826216340065 0.018567366525531
285 1.865632891655 1.8455435037613 0.020089339464903
286 1.9328957796097 1.8653210401535 0.067574813961983
287 1.9092522859573 1.8855658769608 0.023686395958066
288 1.9277129173279 1.9063203334808 0.021392690017819
289 2.0276651382446 1.9276243448257 0.10004077106714
290 1.9694939851761 1.949523806572 0.019970221444964
291 1.9982345104218 1.9720712900162 0.026163298636675
292 2.0150637626648 1.9953290224075 0.019734801724553
293 2.051705121994 2.0193762779236 0.032328758388758
294 2.0647196769714 2.0443687438965 0.020350906997919
295 2.0900084972382 2.0703301429749 0.019678192213178
296 2.1168746948242 2.0970163345337 0.019858364015818
297 2.1465454101563 2.1249794960022 0.021565737202764
298 2.1806471347809 2.1543405056 0.026306657120585
299 2.2117290496826 2.1851944923401 0.026534711942077
300 2.2424190044403 2.2176644802094 0.024754570797086
301 2.2840626239777 2.2521295547485 0.031933270394802
302 2.3208758831024 2.2890574932098 0.031818423420191
303 2.36931681633 2.3284380435944 0.040878817439079
304 2.3927004337311 2.3709185123444 0.021782102063298
305 2.4377746582031 2.4170782566071 0.020696440711617
306 2.4876828193665 2.4676506519318 0.020032031461596
307 2.5436983108521 2.5235743522644 0.020123852416873
308 2.6063389778137 2.586065530777 0.020273312926292
309 2.6774504184723 2.656724691391 0.020725760608912
310 2.7685990333557 2.7376909255981 0.030908217653632
311 2.8528547286987 2.8318769931793 0.020977675914764
312 2.9641869068146 2.9433329105377 0.020854050293565
313 3.0990400314331 3.077823638916 0.02121633477509
314 3.2656636238098 3.2437880039215 0.02187548391521
315 3.4783699512482 3.453982591629 0.024387529119849
316 3.7655053138733 3.7284822463989 0.037023164331913
317 4.1298842430115 4.1004223823547 0.029461767524481
318 4.6508173942566 4.6280708312988 0.02274621091783
319 5.4455318450928 5.4218921661377 0.023639583960176
320 6.72922706604 6.7016158103943 0.027611287310719
321 8.8064384460449 8.7833995819092 0.023038925603032
322 11.824557304382 11.80225944519 0.02229799516499
323 17.66795539856 17.645215988159 0.022738721221685
324 29.397827148438 29.374271392822 0.023555664345622
325 44.733421325684 44.708320617676 0.025102201849222
326 34.675758361816 34.644676208496 0.031084954738617
327 20.84564781189 20.754505157471 0.091143898665905
328 13.274296760559 13.24676990509 0.027526373043656
329 9.4417152404785 9.4171504974365 0.024565240368247
330 7.3567709922791 7.3333287239075 0.023441933095455
331 6.1373362541199 6.1131029129028 0.024233277887106
332 5.3823709487915 5.3539299964905 0.028441295027733
333 4.9118723869324 4.85959815979 0.052274122834206
334 4.552680015564 4.527449131012 0.025230698287487
335 4.3277416229248 4.3004603385925 0.027281180024147
336 4.1687293052673 4.144434928894 0.024294355884194
337 4.0584030151367 4.0343050956726 0.024097871035337
338 3.9824187755585 3.9583058357239 0.024112965911627
339 3.934684753418 3.9103751182556 0.02430964820087
340 3.9088745117188 3.8842952251434 0.024579228833318
341 3.9002966880798 3.8753743171692 0.024922359734774
342 3.905740737915 3.8799602985382 0.025780415162444
343 3.9307465553284 3.897266626358 0.033479861915112
344 3.9526288509369 3.925164937973 0.027464088052511
345 3.9960200786591 3.9626858234406 0.033334154635668
346 4.0374884605408 4.0092568397522 0.028231348842382
347 4.0918383598328 4.0645980834961 0.027240078896284
348 4.1559433937073 4.1286768913269 0.027266712859273
349 4.2297081947327 4.201687335968 0.028020590543747
350 4.313750743866 4.284040927887 0.029710037633777
351 4.4104843139648 4.3763656616211 0.034118808805943
352 4.5307784080505 4.4795227050781 0.051255870610476
353 4.648353099823 4.594630241394 0.053723067045212
354 4.7554955482483 4.7230505943298 0.032444998621941
355 4.9619541168213 4.8666634559631 0.09529036283493
356 5.0603694915771 5.02760887146 0.032760966569185
357 5.2457337379456 5.2086114883423 0.037122152745724
358 5.4682459831238 5.4130620956421 0.055183943361044
359 5.7439827919006 5.64519739151 0.098785206675529
360 5.9518704414368 5.9103507995605 0.04152000695467
361 6.2557225227356 6.2152891159058 0.040433533489704
362 6.612313747406 6.5686893463135 0.043624710291624
363 7.03435754776 6.9818024635315 0.052555043250322
364 7.5435390472412 7.4694128036499 0.074126459658146
365 8.1380271911621 8.0512351989746 0.086791798472404
366 8.871636390686 8.753978729248 0.11765799671412
367 9.8590259552002 9.6146287918091 0.24439708888531
368 11.42214012146 10.685300827026 0.73683929443359
369 12.78759765625 12.041417121887 0.74617993831635
370 14.025943756104 13.795168876648 0.2307750582695
371 16.326551437378 16.118923187256 0.20762848854065
372 19.365949630737 19.287677764893 0.0782720297575
373 23.820466995239 23.759950637817 0.060515116900206
374 30.394023895264 30.34104347229 0.052981667220592
375 40.61009979248 40.534076690674 0.076022297143936
376 57.401878356934 57.346210479736 0.055669035762548
377 87.286468505859 87.234001159668 0.052468772977591
378 144.63748168945 144.57986450195 0.057614803314209
379 256.32901000977 256.28329467773 0.045724637806416
380 408.84829711914 408.81173706055 0.036555528640747
381 321.44186401367 321.40634155273 0.035519581288099
382 184.11260986328 184.07749938965 0.035122763365507
383 108.75089263916 108.71617126465 0.034718845039606
384 70.066787719727 70.032051086426 0.034733142703772
385 48.924167633057 48.889087677002 0.035077445209026
386 36.442115783691 36.405918121338 0.036195889115334
387 28.548509597778 28.492015838623 0.056493826210499
388 23.303148269653 23.266136169434 0.037013173103333
389 19.777082443237 19.740911483765 0.036171555519104
390 17.385654449463 17.349527359009 0.036126296967268
391 15.445304870605 15.407991409302 0.037313718348742
392 13.680150985718 13.637391090393 0.04276018217206
393 12.34139919281 12.288811683655 0.052587818354368
394 11.31219959259 11.272856712341 0.039342608302832
395 10.538166999817 10.488419532776 0.049747213721275
396 9.9110231399536 9.8673429489136 0.043679729104042
397 9.447211265564 9.3713989257813 0.07581203430891
398 9.0126237869263 8.969669342041 0.042954843491316
399 8.6881294250488 8.6422176361084 0.04591216519475
400 8.4678497314453 8.3744974136353 0.093352548778057
401 8.2448139190674 8.155611038208 0.089203648269176
402 8.0857439041138 7.9772477149963 0.10849602520466
403 7.902681350708 7.832968711853 0.069712519645691
404 7.7715768814087 7.7177300453186 0.053846515715122
405 7.6788010597229 7.6275458335876 0.051255352795124
406 7.6106276512146 7.5592479705811 0.05137998983264
407 7.5652484893799 7.5103125572205 0.054935969412327
408 7.5561690330505 7.4788002967834 0.077368699014187
409 7.5281600952148 7.4629845619202 0.065175548195839
410 7.5173616409302 7.4547214508057 0.062640279531479
411 7.5343985557556 7.467625617981 0.066772915422916
412 7.5667290687561 7.4933228492737 0.073406487703323
413 7.6616158485413 7.5313630104065 0.13025268912315
414 7.7133793830872 7.5815062522888 0.13187336921692
415 7.7541699409485 7.6437110900879 0.11045905947685
416 7.8358931541443 7.7175807952881 0.11831237375736
417 7.9454073905945 7.8046321868896 0.14077493548393
418 8.0787353515625 7.9048671722412 0.17386867105961
419 8.2457818984985 8.0191316604614 0.22665022313595
420 8.4638729095459 8.1484508514404 0.3154225051403
421 8.773250579834 8.2945528030396 0.47869816422462
422 9.2749557495117 8.4592380523682 0.81571763753891
423 10.369505882263 8.6449899673462 1.7245154380798
424 14.056832313538 8.855073928833 5.2017579078674
425 22.081707000732 9.0931806564331 12.988526344299
426 12.307971000671 9.3642997741699 2.9436709880829
427 10.887069702148 9.6759996414185 1.2110694646835
428 10.681761741638 10.037447929382 0.64431363344193
429 10.890067100525 10.461430549622 0.4286367893219
430 11.261613845825 10.966176986694 0.29543653130531
431 11.795399665833 11.578641891479 0.21675750613213
432 12.508489608765 12.340953826904 0.16753666102886
433 13.461694717407 13.323273658752 0.13842134177685
434 14.772843360901 14.654320716858 0.11852208524942
435 16.705104827881 16.600814819336 0.10429130494595
436 19.899875640869 19.804992675781 0.094882674515247
437 25.909521102905 25.811140060425 0.098380111157894
438 36.151184082031 36.063697814941 0.087487772107124
439 52.624946594238 52.547374725342 0.077569045126438
440 45.244590759277 45.170490264893 0.074099361896515
441 39.395584106445 39.293140411377 0.10244213789701
442 43.270557403564 43.157760620117 0.11279497295618
443 54.748760223389 54.683010101318 0.065750479698181
444 69.007057189941 68.94686126709 0.060194790363312
445 99.634307861328 99.568878173828 0.065430887043476
446 164.94567871094 164.8695526123 0.076130695641041
447 298.32049560547 298.25988769531 0.060608699917793
448 449.75747680664 449.69763183594 0.059859413653612
449 301.14755249023 301.01950073242 0.12805433571339
450 167.24821472168 167.19239807129 0.055810160934925
451 100.51935577393 100.46283721924 0.056522868573666
452 67.178451538086 67.113594055176 0.06485553830862
453 49.031860351563 48.975185394287 0.056672129780054
454 38.326904296875 38.273506164551 0.053400047123432
455 31.587596893311 31.533386230469 0.054211642593145
456 27.122455596924 27.070482254028 0.051973976194859
457 24.070837020874 24.003242492676 0.067593574523926
458 21.894618988037 21.839199066162 0.055419269949198
459 20.339805603027 20.288341522217 0.051465138792992
460 19.229074478149 19.176527023315 0.052546571940184
461 18.443590164185 18.386575698853 0.057013064622879
462 17.9212474823 17.852510452271 0.068735219538212
463 17.637662887573 17.527006149292 0.11065702885389
464 17.466453552246 17.381538391113 0.08491413295269
465 17.494161605835 17.435815811157 0.058345280587673
466 17.797527313232 17.733062744141 0.064466297626495
467 18.461378097534 18.379936218262 0.081441126763821
468 19.737678527832 19.641773223877 0.095906510949135
469 22.320913314819 22.204267501831 0.11664628982544
470 27.674684524536 27.59662437439 0.078060030937195
471 34.302055358887 33.937160491943 0.36489561200142
472 33.138450622559 33.068161010742 0.070289708673954
473 39.480888366699 39.320995330811 0.15989477932453
474 58.025394439697 57.956954956055 0.068440973758698
475 66.571342468262 66.499641418457 0.071699902415276
476 44.159000396729 43.818431854248 0.34056550264359
477 31.059394836426 30.968023300171 0.091372668743134
478 25.354097366333 25.269596099854 0.084502004086971
479 22.702575683594 22.607877731323 0.094698905944824
480 21.467754364014 21.30873298645 0.15902145206928
481 20.906692504883 20.703683853149 0.20300869643688
482 20.671012878418 20.506025314331 0.16498890519142
483 20.792915344238 20.593517303467 0.19939659535885
484 21.236042022705 20.94327545166 0.29276740550995
485 22.132810592651 21.609176635742 0.52363431453705
486 24.066560745239 22.816307067871 1.250254034996
487 30.518980026245 25.097406387329 5.421573638916
488 31.171539306641 28.866952896118 2.3045871257782
489 30.034936904907 29.250705718994 0.78423154354095
490 26.717897415161 26.32820892334 0.38968858122826
491 25.108890533447 24.867155075073 0.24173630774021
492 24.613929748535 24.441082000732 0.17284701764584
493 24.644865036011 24.511484146118 0.1333821117878
494 24.94751739502 24.836347579956 0.11116939038038
495 25.410850524902 25.311616897583 0.099233016371727
496 26.013641357422 25.890104293823 0.12353830784559
497 26.688102722168 26.549797058105 0.13830465078354
498 27.365921020508 27.281499862671 0.084421463310719
499 28.177324295044 28.081699371338 0.095625475049019
500 29.031476974487 28.958433151245 0.073042392730713
501 30.00933265686 29.938289642334 0.071043536067009
502 31.183815002441 31.109731674194 0.074082471430302
503 32.815048217773 32.746994018555 0.068052895367146
504 34.097850799561 34.03604888916 0.061802729964256
505 34.675827026367 34.612487792969 0.063338108360767
506 35.557918548584 35.497692108154 0.060226384550333
507 36.764587402344 36.696971893311 0.067615129053593
508 38.170234680176 38.056648254395 0.11358850449324
509 39.600112915039 39.515800476074 0.08431002497673
510 41.152172088623 41.094417572021 0.057756081223488
511 42.848693847656 42.79333114624 0.05536375194788
512 44.676292419434 44.621650695801 0.054640650749207
513 46.633491516113 46.579292297363 0.054198250174522
514 48.73815536499 48.683078765869 0.055075611919165
515 51.07511138916 50.946388244629 0.12872087955475
516 53.442127227783 53.385395050049 0.056732445955276
517 56.081211090088 56.010963439941 0.070248208940029
518 58.9140625 58.852855682373 0.061209205538034
519 62.004615783691 61.942726135254 0.061889089643955
520 65.493354797363 65.318168640137 0.17518930137157
521 68.959785461426 68.89005279541 0.069739557802677
522 72.989288330078 72.787094116211 0.20219387114048
523 77.176536560059 77.064025878906 0.11250987648964
524 81.817642211914 81.752098083496 0.065546117722988
525 86.958099365234 86.900077819824 0.058023247867823
526 92.613090515137 92.555511474609 0.057578448206186
527 98.862060546875 98.796493530273 0.065567225217819
528 105.76476287842 105.70570373535 0.059057638049126
529 113.43760681152 113.37921142578 0.05839654058218
530 121.99147796631 121.93324279785 0.058235958218575
531 131.5758972168 131.51055908203 0.065325208008289
532 142.31721496582 142.2631072998 0.054113291203976
533 154.44018554687 154.3849029541 0.055282492190599
534 169.05096435547 168.98123168945 0.069731146097183
535 184.87913513184 184.81945800781 0.059683982282877
536 203.07717895508 203.0170135498 0.060165099799633
537 224.12716674805 224.07107543945 0.056093793362379
538 248.52897644043 248.47232055664 0.056654620915651
539 277.1374206543 277.06622314453 0.071195259690285
540 311.01977539063 310.95669555664 0.063076436519623
541 351.56204223633 351.50402832031 0.058015525341034
542 400.63345336914 400.57751464844 0.055949445813894
543 460.85458374023 460.79742431641 0.057183127850294
544 536.00695800781 535.94683837891 0.060065478086472
545 631.78161621094 631.67346191406 0.10817494988441
546 756.45874023437 756.40142822266 0.057336002588272
547 920.11016845703 920.05364990234 0.056529670953751
548 1.1297581787109E+03 1.1297006835937E+03 0.057556115090847
549 1.3909990234375E+03 1.3909168701172E+03 0.082105547189713
550 1.7718692626953E+03 1.7718046875E+03 0.064558580517769
551 2.3461674804688E+03 2.345751953125E+03 0.41557046771049
552 3.2417255859375E+03 3.2416533203125E+03 0.072171181440353
553 4.7120361328125E+03 4.7119682617188E+03 0.068031348288059
554 7.287564453125E+03 7.2875053710937E+03 0.059426415711641
555 1.1997080078125E+04 1.1997021484375E+04 0.058257628232241
556 2.0027830078125E+04 2.0027771484375E+04 0.05786132439971
557 2.6887404296875E+04 2.688734375E+04 0.061223905533552
558 1.8974033203125E+04 1.8973970703125E+04 0.061547104269266
559 1.138973828125E+04 1.1389674804687E+04 0.063939772546291
560 7.012927734375E+03 7.0128603515625E+03 0.067079678177834
561 4.5986259765625E+03 4.59856640625E+03 0.05959291011095
562 3.2012866210937E+03 3.2012277832031E+03 0.059007745236158
563 2.3410397949219E+03 2.3409787597656E+03 0.060991823673248
564 1.7807822265625E+03 1.7807188720703E+03 0.063390582799911
565 1.3981343994141E+03 1.3980625E+03 0.071891032159328
566 1.1263182373047E+03 1.1261805419922E+03 0.13768655061722
567 926.71411132812 926.5537109375 0.16040572524071
568 775.96374511719 775.88812255859 0.075662240386009
569 659.56634521484 659.49505615234 0.071294844150543
570 567.92767333984 567.77044677734 0.15717667341232
571 495.20245361328 494.23428344727 0.96815037727356
572 434.46459960937 434.39251708984 0.072082571685314
573 385.16125488281 385.05276489258 0.10849894583225
574 343.70849609375 343.63723754883 0.071270801126957
575 309.04455566406 308.97344970703 0.071101762354374
576 279.57321166992 279.49267578125 0.080535173416138
577 254.29866027832 254.21267700195 0.085976995527744
578 232.44635009766 232.37126159668 0.07508085668087
579 213.43476867676 213.36782836914 0.066942781209946
580 196.79968261719 196.73554992676 0.06412835419178
581 182.16415405273 182.09652709961 0.067636519670486
582 169.25123596191 169.10650634766 0.14472453296185
583 157.67385864258 157.59489440918 0.078974388539791
584 147.38288879395 147.31640625 0.066485092043877
585 138.16471862793 138.10179138184 0.06293011456728
586 129.87181091309 129.81004333496 0.061777133494616
587 122.3850402832 122.32291412354 0.06212617084384
588 115.6033782959 115.54077911377 0.062596797943115
589 109.44662475586 109.3791885376 0.067429333925247
590 103.83727264404 103.76628875732 0.070985905826092
591 98.789344787598 98.640777587891 0.14856907725334
592 94.022903442383 93.950485229492 0.072423011064529
593 89.731178283691 89.651802062988 0.079372987151146
594 85.778358459473 85.709365844727 0.068992041051388
595 82.256141662598 82.077110290527 0.17903673648834
596 78.761672973633 78.694465637207 0.067210473120213
597 75.654441833496 75.589302062988 0.065138570964336
598 72.791854858398 72.727096557617 0.064757831394672
599 70.151657104492 70.085540771484 0.066114492714405
600 67.717254638672 67.647254943848 0.069997861981392
