1 3.8272344972938E-03 2.0471465177252E-05 3.8067628629506E-03
2 4.1613280773163E-03 8.2283295341767E-05 4.0790447965264E-03
3 4.346142988652E-03 1.8679985078052E-04 4.1593429632485E-03
4 4.5544686727226E-03 3.3703414374031E-04 4.2174346745014E-03
5 4.8155905678868E-03 5.384084652178E-04 4.277182277292E-03
6 5.1335571333766E-03 7.8868068521842E-04 4.3448763899505E-03
7 5.5042207241058E-03 1.0812189429998E-03 4.423001781106E-03
8 5.9479363262653E-03 1.4348431723192E-03 4.5130932703614E-03
9 6.4821043051779E-03 1.8626101082191E-03 4.6194940805435E-03
10 7.1194339543581E-03 2.3797838948667E-03 4.7396500594914E-03
11 7.8990189358592E-03 3.0097041744739E-03 4.8893145285547E-03
12 8.798697963357E-03 3.7909361999482E-03 5.0077619962394E-03
13 9.9473055452108E-03 4.778653383255E-03 5.1686521619558E-03
14 0.011404751800001 6.0566938482225E-03 5.3480579517782E-03
15 0.013339124619961 7.7802827581763E-03 5.5588418617845E-03
16 0.016021536663175 0.010250852443278 5.7706851512194E-03
17 0.020026383921504 0.014025474898517 6.0009090229869E-03
18 0.026519795879722 0.020253760740161 6.2660351395607E-03
19 0.038053069263697 0.031499575823545 6.5534953027964E-03
20 0.060633134096861 0.053764808923006 6.8683256395161E-03
21 0.10661768913269 0.099403917789459 7.2137699462473E-03
22 0.17583373188972 0.16824080049992 7.5929365120828E-03
23 0.15909445285797 0.15108303725719 8.0114156007767E-03
24 0.1064729616046 0.097998261451721 8.4747020155191E-03
25 0.074835181236267 0.065859690308571 8.9754918590188E-03
26 0.058263380080462 0.048742469400167 9.5209116116166E-03
27 0.049456898123026 0.03933147713542 0.010125421918929
28 0.044711675494909 0.033911846578121 0.010799827985466
29 0.04236476868391 0.030704110860825 0.011660658754408
30 0.041425764560699 0.028811484575272 0.012614278122783
31 0.041053686290979 0.027751728892326 0.01330195646733
32 0.041558668017387 0.027249222621322 0.014309443533421
33 0.042596142739058 0.027137830853462 0.015458310954273
34 0.043991003185511 0.027312748134136 0.016678255051374
35 0.045845672488213 0.027705231681466 0.018140440806746
36 0.047664474695921 0.028270907700062 0.019393566995859
37 0.049956727772951 0.028972875326872 0.020983852446079
38 0.05260905623436 0.029792085289955 0.022816970944405
39 0.055926255881786 0.030707523226738 0.025218730792403
40 0.060029901564121 0.031708676367998 0.028321223333478
41 0.064490303397179 0.032785348594189 0.03170495480299
42 0.071136876940727 0.033930398523808 0.03720647841692
43 0.07741516828537 0.035138055682182 0.042277112603188
44 0.085158489644527 0.036402843892574 0.048755642026663
45 0.094066217541695 0.037722956389189 0.056343261152506
46 0.10498823970556 0.039094544947147 0.065893694758415
47 0.11866100132465 0.040515244007111 0.078145757317543
48 0.13634942471981 0.041983120143414 0.094366297125816
49 0.16018192470074 0.04349659755826 0.11668532341719
50 0.19465734064579 0.045054376125336 0.14960296452045
51 0.25315511226654 0.046655401587486 0.20649971067905
52 0.38160285353661 0.048298813402653 0.33330404758453
53 0.72296059131622 0.04998392611742 0.67297667264938
54 1.6605540513992 0.051710225641727 1.6088439226151
55 3.8735027313232 0.053477343171835 3.8200254440308
56 8.9143085479736 0.055285084992647 8.8590240478516
57 18.461835861206 0.057133454829454 18.404703140259
58 18.572908401489 0.059023018926382 18.513885498047
59 22.767530441284 0.060953944921494 22.706577301025
60 23.673851013184 0.062927782535553 23.61092376709
61 24.339979171753 0.064947001636028 24.275032043457
62 21.673154830933 0.067016713321209 21.60613822937
63 24.153469085693 0.069145061075687 24.084323883057
64 7.0477366447449 0.071351423859596 6.9763851165771
65 2.939049243927 0.073677062988281 2.8653721809387
66 1.237078666687 0.076209142804146 1.1608694791794
67 0.5996133685112 0.079032570123672 0.52058082818985
68 0.37074285745621 0.08164094388485 0.2891018986702
69 0.27831959724426 0.083397932350636 0.19492165744305
70 0.23180878162384 0.085243985056877 0.14656479656696
71 0.20383973419666 0.087346807122231 0.11649292707443
72 0.18503701686859 0.089611977338791 0.0954250395298
73 0.1718852519989 0.09197723865509 0.079908013343811
74 0.16251946985722 0.094413787126541 0.068105690181255
75 0.1558501124382 0.096905827522278 0.058944281190634
76 0.15119215846062 0.099446199834347 0.051745962351561
77 0.14780680835247 0.10203258693218 0.045774225145578
78 0.14524734020233 0.10466194152832 0.040585409849882
79 0.14404247701168 0.10733302682638 0.036709446460009
80 0.14298348128796 0.11004513502121 0.032938342541456
81 0.1428292542696 0.11279786378145 0.030031390488148
82 0.14310778677464 0.11559101939201 0.027516776695848
83 0.14380112290382 0.11842453479767 0.025376580655575
84 0.14483219385147 0.12129846215248 0.023533741012216
85 0.14615604281425 0.12421289086342 0.021943150088191
86 0.14748878777027 0.12716799974442 0.020320780575275
87 0.14931842684746 0.13016402721405 0.019154399633408
88 0.15134577453136 0.13320130109787 0.01814447529614
89 0.15355843305588 0.1362801194191 0.017278309911489
90 0.15594343841076 0.1394010335207 0.01654240489006
91 0.15849722921848 0.14256477355957 0.015932446345687
92 0.16120928525925 0.14577256143093 0.015436724759638
93 0.16415211558342 0.14902672171593 0.015125392004848
94 0.16738550364971 0.15233275294304 0.015052745118737
95 0.17033390700817 0.15570551156998 0.014628400094807
96 0.1746251732111 0.15917809307575 0.015447084791958
97 0.17719703912735 0.16265718638897 0.014539855532348
98 0.18057426810265 0.16599453985691 0.014579731039703
99 0.18431624770164 0.16943952441216 0.014876725152135
100 0.18839594721794 0.17300659418106 0.015389352105558
101 0.1909419298172 0.17659579217434 0.014346129260957
102 0.19565580785275 0.18023793399334 0.015417884103954
103 0.2000829577446 0.1839305460453 0.016152411699295
104 0.2053038328886 0.18767309188843 0.017630748450756
105 0.2107177823782 0.19146576523781 0.019252024590969
106 0.21677263081074 0.19530911743641 0.021463505923748
107 0.22351092100143 0.19920410215855 0.024306822568178
108 0.23116301000118 0.2031517624855 0.028011258691549
109 0.24018929898739 0.20715339481831 0.033035904169083
110 0.25112828612328 0.21121066808701 0.039917625486851
111 0.2683396935463 0.21532565355301 0.053014028817415
112 0.28152915835381 0.21950118243694 0.062027972191572
113 0.30644789338112 0.22374130785465 0.082706578075886
114 0.34542176127434 0.22805236279964 0.11736939102411
115 0.41697457432747 0.23244516551495 0.18452939391136
116 0.55594438314438 0.23694010078907 0.31900426745415
117 0.93487375974655 0.24157880246639 0.69329500198364
118 2.4580092430115 0.24644736945629 2.2115619182587
119 5.6142330169678 0.25166675448418 5.3625659942627
120 1.4226590394974 0.25694936513901 1.1657096147537
121 0.71876972913742 0.26119697093964 0.45757278800011
122 0.5036256313324 0.26533052325249 0.23829509317875
123 0.4165270626545 0.26981338858604 0.14671367406845
124 0.38572192192078 0.27455380558968 0.1111681163311
125 0.35468861460686 0.27946597337723 0.075222611427307
126 0.34149312973022 0.28450825810432 0.056984875351191
127 0.33494621515274 0.28966483473778 0.045281376689672
128 0.33302846550941 0.29492828249931 0.03810016065836
129 0.33214104175568 0.3002972304821 0.031843792647123
130 0.33328977227211 0.30577260255814 0.027517164126039
131 0.33615350723267 0.31135892868042 0.024794572964311
132 0.33893746137619 0.31706005334854 0.021877398714423
133 0.34283992648125 0.32288148999214 0.019958447664976
134 0.34708276391029 0.32882961630821 0.018253123387694
135 0.35187500715256 0.33491182327271 0.016963163390756
136 0.35714757442474 0.34113636612892 0.016011223196983
137 0.36386927962303 0.3475124835968 0.016356790438294
138 0.36821487545967 0.35405060648918 0.014164258725941
139 0.37431997060776 0.36076238751411 0.013557576574385
140 0.38078451156616 0.36766088008881 0.013123625889421
141 0.3878515958786 0.37476080656052 0.013090784661472
142 0.40217930078506 0.38207864761353 0.020100645720959
143 0.40246284008026 0.38963308930397 0.012829774059355
144 0.40938645601273 0.3974449634552 0.011941488832235
145 0.42286932468414 0.4055387377739 0.017330585047603
146 0.42510479688644 0.41394141316414 0.011163395829499
147 0.4335954785347 0.4226841032505 0.010911403223872
148 0.44272086024284 0.43180242180824 0.010918435640633
149 0.45302414894104 0.44133740663528 0.01168674044311
150 0.46219125390053 0.4513244330883 0.010866807773709
151 0.47297170758247 0.46184280514717 0.011128883808851
152 0.48329994082451 0.47294381260872 0.010356138460338
153 0.49505472183228 0.48470211029053 0.010352618992329
154 0.5126439332962 0.49720546603203 0.015438458882272
155 0.52064883708954 0.51055753231049 0.010091315954924
156 0.53510344028473 0.52488142251968 0.010222049430013
157 0.5501297712326 0.54032427072525 9.8054828122258E-03
158 0.56678330898285 0.55706304311752 9.7202872857451E-03
159 0.58500552177429 0.57531189918518 9.6935983747244E-03
160 0.60499387979507 0.59533208608627 9.6618020907044E-03
161 0.62709271907806 0.61744469404221 9.6480315551162E-03
162 0.65175306797028 0.64204794168472 9.7051383927464E-03
163 0.67942088842392 0.66964000463486 9.780865162611E-03
164 0.71119254827499 0.70087361335754 0.010318982414901
165 0.75792962312698 0.7365083694458 0.021421240642667
166 0.7899603843689 0.77760863304138 0.012351743876934
167 0.8358952999115 0.8255403637886 0.010354932397604
168 0.89195728302002 0.88212203979492 9.8352506756783E-03
169 0.95954030752182 0.94981372356415 9.7265467047691E-03
170 1.0417419672012 1.0320078134537 9.7341034561396E-03
171 1.1433122158051 1.133479475975 9.8327305167913E-03
172 1.2709596157074 1.2611125707626 9.8469741642475E-03
173 1.4352015256882 1.4251029491425 0.010098541155457
174 1.6512900590897 1.6410290002823 0.010261075571179
175 1.9455137252808 1.9335666894913 0.011947102844715
176 2.3549616336823 2.3434734344482 0.011488155461848
177 2.951840877533 2.9414305686951 0.010410289280117
178 3.8671541213989 3.8570992946625 0.010054729878902
179 5.3536720275879 5.343644618988 0.010027043521404
180 7.9372839927673 7.9260382652283 0.0112459436059
181 12.72779750824 12.717713356018 0.010083744302392
182 21.700967788696 21.690755844116 0.010211781598628
183 34.297470092773 34.286853790283 0.010616292245686
184 30.111015319824 30.096752166748 0.014263335615396
185 18.334342956543 18.320602416992 0.013741562142968
186 11.177649497986 11.167046546936 0.010602723807096
187 7.3449769020081 7.3344283103943 0.010548246093094
188 5.2080211639404 5.1976923942566 0.010328580625355
189 3.9347214698792 3.9243354797363 0.010385979898274
190 3.1276178359985 3.1171760559082 0.010441796854138
191 2.5893540382385 2.578807592392 0.010546530596912
192 2.2160594463348 2.2053201198578 0.010739343240857
193 1.9511194229126 1.9392937421799 0.011825693771243
194 1.7558168172836 1.7442610263824 0.01155580766499
195 1.6017993688583 1.5864213705063 0.015377985313535
196 1.4768444299698 1.464041352272 0.01280299667269
197 1.3811880350113 1.3698660135269 0.011322037316859
198 1.3076322078705 1.2965648174286 0.011067349463701
199 1.2511661052704 1.2395370006561 0.011629150249064
200 1.2083415985107 1.1964757442474 0.01186584122479
201 1.181844830513 1.1677181720734 0.014126709662378
202 1.1693567037582 1.1577899456024 0.011566764675081
203 1.1812158823013 1.1697922945023 0.011423652991652
204 1.1526218652725 1.1414227485657 0.011199150234461
205 1.0986597537994 1.0873291492462 0.011330598965287
206 1.0661898851395 1.0528951883316 0.013294656760991
207 1.0431028604507 1.0313123464584 0.01179052144289
208 1.0296239852905 1.0166857242584 0.01293823774904
209 1.0213034152985 1.0062980651855 0.01500532310456
210 1.0108872652054 0.99847567081451 0.012411558069289
211 1.0074062347412 0.99285346269608 0.014552774839103
212 1.0008183717728 0.98896282911301 0.01185552123934
213 0.99839705228806 0.986472427845 0.011924612335861
214 0.99758112430573 0.98515450954437 0.012426603585482
215 1.0180333852768 0.98484259843826 0.033190775662661
216 0.9976818561554 0.98540759086609 0.01227427367121
217 0.99885684251785 0.98674577474594 0.012111066840589
218 1.0010540485382 0.98877197504044 0.012282054871321
219 1.0035700798035 0.99141490459442 0.012155130505562
220 1.0068252086639 0.99461442232132 0.012210794724524
221 1.0106464624405 0.99831908941269 0.012327367439866
222 1.0149698257446 1.0025045871735 0.012465158477426
223 1.0197743177414 1.0070934295654 0.012680954299867
224 1.0244468450546 1.0113950967789 0.013051744550467
225 1.0308740139008 1.0167907476425 0.014083312824368
226 1.0470169782639 1.0225156545639 0.024501368403435
227 1.043070435524 1.0285496711731 0.014520742930472
228 1.0486013889313 1.0348762273788 0.013725148513913
229 1.0557873249054 1.0414838790894 0.014303421601653
230 1.0634566545486 1.0483710765839 0.015085503458977
231 1.07887840271 1.0555670261383 0.023311417549849
232 1.0800505876541 1.0632013082504 0.016849279403687
233 1.091169834137 1.071192741394 0.019977128133178
234 1.12657725811 1.0785092115402 0.048068109899759
235 1.1087536811829 1.0861693620682 0.022584307938814
236 1.115883231163 1.0942070484161 0.021676195785403
237 1.1445670127869 1.1024914979935 0.042075507342815
238 1.1288311481476 1.1109801530838 0.017850963398814
239 1.1735310554504 1.1196553707123 0.053875736892223
240 1.1445813179016 1.1285072565079 0.016074046492577
241 1.1537028551102 1.1375305652618 0.016172321513295
242 1.1723096370697 1.1467199325562 0.025589779019356
243 1.1802572011948 1.1560719013214 0.024185284972191
244 1.1866481304169 1.1655834913254 0.021064665168524
245 1.190993309021 1.1752518415451 0.01574144884944
246 1.2003308534622 1.185075044632 0.015255785547197
247 1.2119003534317 1.1950515508652 0.016848793253303
248 1.241446018219 1.2051800489426 0.036266051232815
249 1.2373483181 1.2154593467712 0.021888894960284
250 1.2518621683121 1.2258890867233 0.025973094627261
251 1.2569931745529 1.2364686727524 0.02052447758615
252 1.2632757425308 1.2471981048584 0.016077686101198
253 1.2735764980316 1.2580775022507 0.015498954802752
254 1.2843623161316 1.2691073417664 0.015254960395396
255 1.2955061197281 1.2802883386612 0.015217679552734
256 1.3069258928299 1.2916214466095 0.015304429456592
257 1.3189895153046 1.3031078577042 0.015881605446339
258 1.3349901437759 1.314749121666 0.020241102203727
259 1.3522276878357 1.3265467882156 0.025680981576443
260 1.354810833931 1.3385030031204 0.016307853162289
261 1.3668115139008 1.3506200313568 0.016191525384784
262 1.3798829317093 1.3628985881805 0.016984347254038
263 1.4002329111099 1.3753453493118 0.024887569248676
264 1.4088127613068 1.3880044221878 0.020808320492506
265 1.4249656200409 1.400793671608 0.024171881377697
266 1.4308121204376 1.4137597084045 0.0170524045825
267 1.4516834020615 1.4269068241119 0.024776626378298
268 1.457666516304 1.4402422904968 0.017424257472157
269 1.4704396724701 1.4537659883499 0.016673700883985
270 1.4841570854187 1.4674862623215 0.016670886427164
271 1.4991133213043 1.4814102649689 0.017703022807837
272 1.5139216184616 1.4955493211746 0.018372258171439
273 1.5776379108429 1.5099198818207 0.067717991769314
274 1.545673251152 1.5244723558426 0.021200919523835
275 1.5603420734406 1.5392597913742 0.021082310006022
276 1.5757839679718 1.5542994737625 0.021484479308128
277 1.5997916460037 1.5695935487747 0.03019817173481
278 1.6035069227219 1.5851514339447 0.018355494365096
279 1.6199983358383 1.6009850502014 0.01901326328516
280 1.6354568004608 1.6171081066132 0.018348665907979
281 1.6543017625809 1.6335353851318 0.02076630666852
282 1.6683014631271 1.6502796411514 0.01802191324532
283 1.6887527704239 1.6673673391342 0.021385379135609
284 1.7033824920654 1.6848150491714 0.018567366525531
285 1.7227351665497 1.702645778656 0.020089339464903
286 1.7884666919708 1.7208919525146 0.067574813961983
287 1.7632555961609 1.7395691871643 0.023686395958066
288 1.7801094055176 1.7587167024612 0.021392690017819
289 1.8784120082855 1.7783712148666 0.10004077106714
290 1.8185452222824 1.7985750436783 0.019970221444964
291 1.8455399274826 1.819376707077 0.026163298636675
292 1.8605684041977 1.8408336639404 0.019734801724553
293 1.8953478336334 1.863018989563 0.032328758388758
294 1.9064272642136 1.8860763311386 0.020350906997919
295 1.9297057390213 1.9100276231766 0.019678192213178
296 1.9545058012009 1.9346474409103 0.019858364015818
297 1.9820113182068 1.960445523262 0.021565737202764
298 2.0138397216797 1.9875329732895 0.026306657120585
299 2.0425326824188 2.0159981250763 0.026534711942077
300 2.0707085132599 2.0459539890289 0.024754570797086
301 2.1096835136414 2.0777504444122 0.031933270394802
302 2.1436376571655 2.1118190288544 0.031818423420191
303 2.1890294551849 2.1481504440308 0.040878817439079
304 2.2091238498688 2.1873416900635 0.021782102063298
305 2.2506237030029 2.2299273014069 0.020696440711617
306 2.2966160774231 2.276584148407 0.020032031461596
307 2.348301410675 2.328177690506 0.020123852416873
308 2.4061036109924 2.3858304023743 0.020273312926292
309 2.4717440605164 2.4510183334351 0.020725760608912
310 2.5566236972809 2.5257153511047 0.030908217653632
311 2.6335866451263 2.6126089096069 0.020977675914764
312 2.736289024353 2.7154347896576 0.020854050293565
313 2.8607285022736 2.8395121097565 0.02121633477509
314 3.0145018100739 2.9926264286041 0.02187548391521
315 3.2109332084656 3.1865456104279 0.024387529119849
316 3.4768142700195 3.4397912025452 0.037023164331913
317 3.812394618988 3.7829327583313 0.029461767524481
318 4.2924723625183 4.2697262763977 0.02274621091783
319 5.0257229804993 5.0020833015442 0.023639583960176
320 6.2103309631348 6.182719707489 0.027611287310719
321 8.126353263855 8.1033143997192 0.023038925603032
322 10.910725593567 10.888427734375 0.02229799516499
323 16.301712036133 16.278972625732 0.022738721221685
324 27.123418807983 27.099863052368 0.023555664345622
325 41.271724700928 41.246620178223 0.025102201849222
326 31.993272781372 31.962188720703 0.031084954738617
327 19.238656997681 19.147514343262 0.091143898665905
328 12.248618125916 12.221092224121 0.027526373043656
329 8.7125597000122 8.6879940032959 0.024565240368247
330 6.7889618873596 6.7655200958252 0.023441933095455
331 5.6640076637268 5.6397743225098 0.024233277887106
332 4.9678239822388 4.9393830299377 0.028441295027733
333 4.5356006622314 4.4833269119263 0.052274122834206
334 4.2021260261536 4.1768956184387 0.025230698287487
335 3.99476313591 3.9674818515778 0.027281180024147
336 3.8478317260742 3.8235373497009 0.024294355884194
337 3.7460327148438 3.7219347953796 0.024097871035337
338 3.6759328842163 3.6518199443817 0.024112965911627
339 3.6319100856781 3.6076004505157 0.02430964820087
340 3.6081192493439 3.5835399627686 0.024579228833318
341 3.6002321243286 3.575309753418 0.024922359734774
342 3.605320930481 3.5795404911041 0.025780415162444
343 3.6289868354797 3.595507144928 0.033479861915112
344 3.6487090587616 3.6212451457977 0.027464088052511
345 3.6891951560974 3.6558609008789 0.033334154635668
346 3.7270574569702 3.6988260746002 0.028231348842382
347 3.7771224975586 3.7498822212219 0.027240078896284
348 3.836266040802 3.8089993000031 0.027266712859273
349 3.9043774604797 3.8763568401337 0.028020590543747
350 3.9820439815521 3.9523339271545 0.029710037633777
351 4.0716290473938 4.0375099182129 0.034118808805943
352 4.1839356422424 4.1326794624329 0.051255870610476
353 4.2925977706909 4.2388744354248 0.053723067045212
354 4.3897967338562 4.3573517799377 0.032444998621941
355 4.5851354598999 4.4898447990417 0.09529036283493
356 4.6710891723633 4.6383285522461 0.032760966569185
357 4.8424382209778 4.8053164482117 0.037122152745724
358 5.049120426178 4.9939365386963 0.055183943361044
359 5.3068833351135 5.2080979347229 0.098785206675529
360 5.4942407608032 5.4527206420898 0.04152000695467
361 5.7744817733765 5.7340483665466 0.040433533489704
362 6.1037096977234 6.0600852966309 0.043624710291624
363 6.493766784668 6.4412117004395 0.052555043250322
364 6.9651937484741 6.8910670280457 0.074126459658146
365 7.5146312713623 7.427839756012 0.086791798472404
366 8.1938285827637 8.0761709213257 0.11765799671412
367 9.1145792007446 8.8701820373535 0.24439708888531
368 10.594793319702 9.8579540252686 0.73683929443359
369 11.855248451233 11.10906791687 0.74617993831635
370 12.957803726196 12.727028846741 0.2307750582695
371 15.07848739624 14.870859146118 0.20762848854065
372 17.872533798218 17.794261932373 0.0782720297575
373 21.980768203735 21.920253753662 0.060515116900206
374 28.044761657715 27.991779327393 0.052981667220592
375 37.471607208252 37.395584106445 0.076022297143936
376 52.961647033691 52.905979156494 0.055669035762548
377 80.532066345215 80.479598999023 0.052468772977591
378 133.44287109375 133.38526916504 0.057614803314209
379 236.48538208008 236.43965148926 0.045724637806416
380 377.19458007812 377.15805053711 0.036555528640747
381 296.55584716797 296.52032470703 0.035519581288099
382 169.85977172852 169.82464599609 0.035122763365507
383 100.333152771 100.29843902588 0.034718845039606
384 64.644309997559 64.609573364258 0.034733142703772
385 45.13875579834 45.103679656982 0.035077445209026
386 33.62325668335 33.587062835693 0.036195889115334
387 26.342414855957 26.285921096802 0.056493826210499
388 21.501686096191 21.464672088623 0.037013173103333
389 18.248573303223 18.212400436401 0.036171555519104
390 16.042304992676 16.00617980957 0.036126296967268
391 14.252286911011 14.214972496033 0.037313718348742
392 12.624227523804 12.581467628479 0.04276018217206
393 11.389894485474 11.337306976318 0.052587818354368
394 10.439358711243 10.400015830994 0.039342608302832
395 9.7260637283325 9.6763162612915 0.049747213721275
396 9.147008895874 9.103328704834 0.043679729104042
397 8.7215976715088 8.6457853317261 0.07581203430891
398 8.318115234375 8.2751607894897 0.042954843491316
399 8.0189752578735 7.9730629920959 0.04591216519475
400 7.8194246292114 7.7260718345642 0.093352548778057
401 7.6133370399475 7.524133682251 0.089203648269176
402 7.4680767059326 7.3595809936523 0.10849602520466
403 7.2961859703064 7.2264733314514 0.069712519645691
404 7.1740040779114 7.1201577186584 0.053846515715122
405 7.0882115364075 7.0369558334351 0.051255352795124
406 7.0253262519836 6.9739460945129 0.05137998983264
407 6.983736038208 6.9288001060486 0.054935969412327
408 6.9770965576172 6.8997278213501 0.077368699014187
409 6.9503121376038 6.8851361274719 0.065175548195839
410 6.9401535987854 6.8775134086609 0.062640279531479
411 6.9561910629272 6.8894181251526 0.066772915422916
412 6.9865322113037 6.9131255149841 0.073406487703323
413 7.0784735679626 6.9482207298279 0.13025268912315
414 7.1263546943665 6.994481086731 0.13187336921692
415 7.1623287200928 7.0518698692322 0.11045905947685
416 7.2383322715759 7.1200199127197 0.11831237375736
417 7.3411059379578 7.2003312110901 0.14077493548393
418 7.466673374176 7.2928047180176 0.17386867105961
419 7.6248726844788 7.3982224464417 0.22665022313595
420 7.832950592041 7.5175280570984 0.3154225051403
421 8.1310157775879 7.6523175239563 0.47869816422462
422 8.619969367981 7.8042516708374 0.81571763753891
423 9.7001361846924 7.9756212234497 1.7245154380798
424 13.371196746826 8.1694383621216 5.2017579078674
425 21.377635955811 8.3891086578369 12.988526344299
426 11.582906723022 8.639235496521 2.9436709880829
427 10.137870788574 8.9268016815186 1.2110694646835
428 9.9045763015747 9.2602624893188 0.64431363344193
429 10.080054283142 9.6514177322388 0.4286367893219
430 10.412518501282 10.117081642151 0.29543653130531
431 10.898881912231 10.682124137878 0.21675750613213
432 11.552947998047 11.385411262512 0.16753666102886
433 12.430093765259 12.29167175293 0.13842134177685
434 13.638180732727 13.519658088684 0.11852208524942
435 15.419729232788 15.315437316895 0.10429130494595
436 18.366403579712 18.271520614624 0.094882674515247
437 23.911001205444 23.812622070312 0.098380111157894
438 33.358825683594 33.271335601807 0.087487772107124
439 48.55627822876 48.478710174561 0.077569045126438
440 41.747104644775 41.673004150391 0.074099361896515
441 36.353172302246 36.250732421875 0.10244213789701
442 39.928913116455 39.816120147705 0.11279497295618
443 50.514736175537 50.448986053467 0.065750479698181
444 63.668601989746 63.608406066895 0.060194790363312
445 91.924835205078 91.859405517578 0.065430887043476
446 152.18006896973 152.10394287109 0.076130695641041
447 275.22668457031 275.16607666016 0.060608699917793
448 414.93804931641 414.87817382812 0.059859413653612
449 277.84005737305 277.71200561523 0.12805433571339
450 154.30274963379 154.2469329834 0.055810160934925
451 92.740669250488 92.684143066406 0.056522868573666
452 61.981945037842 61.917087554932 0.06485553830862
453 45.239780426025 45.183109283447 0.056672129780054
454 35.363445281982 35.310043334961 0.053400047123432
455 29.146013259888 29.091802597046 0.054211642593145
456 25.026428222656 24.974452972412 0.051973976194859
457 22.212301254272 22.144706726074 0.067593574523926
458 20.203641891479 20.148221969604 0.055419269949198
459 18.768909454346 18.717443466187 0.051465138792992
460 17.744264602661 17.691717147827 0.052546571940184
461 17.019943237305 16.962930679321 0.057013064622879
462 16.538951873779 16.470216751099 0.068735219538212
463 16.280572891235 16.169914245605 0.11065702885389
464 16.120626449585 16.035711288452 0.08491413295269
465 16.144132614136 16.085786819458 0.058345280587673
466 16.424482345581 16.360015869141 0.064466297626495
467 17.038246154785 16.956804275513 0.081441126763821
468 18.216846466064 18.120939254761 0.095906510949135
469 20.601669311523 20.485023498535 0.11664628982544
470 25.53791809082 25.459857940674 0.078060030937195
471 31.674350738525 31.309453964233 0.36489561200142
472 30.578029632568 30.507740020752 0.070289708673954
473 36.436321258545 36.276428222656 0.15989477932453
474 53.537872314453 53.469432830811 0.068440973758698
475 61.422370910645 61.35066986084 0.071699902415276
476 40.766201019287 40.425636291504 0.34056550264359
477 28.661586761475 28.570213317871 0.091372668743134
478 23.397510528564 23.313007354736 0.084502004086971
479 20.952081680298 20.857381820679 0.094698905944824
480 19.817850112915 19.658828735352 0.15902145206928
481 19.303636550903 19.10062789917 0.20300869643688
482 19.083261489868 18.918272018433 0.16498890519142
483 19.198389053345 18.998991012573 0.19939659535885
484 19.614435195923 19.321666717529 0.29276740550995
485 20.459644317627 19.936008453369 0.52363431453705
486 22.299926757812 21.049673080444 1.250254034996
487 28.57572555542 23.154151916504 5.421573638916
488 28.936414718628 26.631826400757 2.3045871257782
489 27.770097732544 26.985866546631 0.78423154354095
490 24.679342269897 24.289653778076 0.38968858122826
491 23.183464050293 22.94172668457 0.24173630774021
492 22.721492767334 22.548645019531 0.17284701764584
493 22.746976852417 22.613595962524 0.1333821117878
494 23.024475097656 22.913305282593 0.11116939038038
495 23.451007843018 23.351776123047 0.099233016371727
496 24.009010314941 23.885471343994 0.12353830784559
497 24.632390975952 24.49408531189 0.13830465078354
498 25.253555297852 25.169132232666 0.084421463310719
499 26.003000259399 25.907373428345 0.095625475049019
500 26.789266586304 26.71622467041 0.073042392730713
501 27.691255569458 27.620210647583 0.071043536067009
502 28.775033950806 28.700950622559 0.074082471430302
503 30.279495239258 30.211442947388 0.068052895367146
504 31.462488174438 31.400686264038 0.061802729964256
505 31.995832443237 31.932495117187 0.063338108360767
506 32.809383392334 32.749156951904 0.060226384550333
507 33.923194885254 33.855579376221 0.067615129053593
508 35.223564147949 35.109977722168 0.11358850449324
509 36.540462493896 36.456150054932 0.08431002497673
510 37.970291137695 37.912536621094 0.057756081223488
511 39.535266876221 39.479904174805 0.05536375194788
512 41.221302032471 41.166660308838 0.054640650749207
513 43.026924133301 42.972724914551 0.054198250174522
514 44.968696594238 44.913619995117 0.055075611919165
515 47.130405426025 47.001686096191 0.12872087955475
516 49.308574676514 49.251842498779 0.056732445955276
517 51.744365692139 51.674118041992 0.070248208940029
518 54.357173919678 54.295963287354 0.061209205538034
519 57.208480834961 57.146591186523 0.061889089643955
520 60.43586730957 60.260677337646 0.17518930137157
521 63.625732421875 63.555992126465 0.069739557802677
522 67.353485107422 67.151298522949 0.20219387114048
523 71.209587097168 71.097076416016 0.11250987648964
524 75.487701416016 75.422149658203 0.065546117722988
525 80.229553222656 80.171531677246 0.058023247867823
526 85.446655273437 85.38907623291 0.057578448206186
527 91.212394714355 91.146827697754 0.065567225217819
528 97.580123901367 97.521064758301 0.059057638049126
529 104.65882110596 104.60042572021 0.05839654058218
530 112.5503616333 112.49212646484 0.058235958218575
531 121.39321899414 121.32789611816 0.065325208008289
532 131.30198669434 131.24787902832 0.054113291203976
533 142.48638916016 142.43110656738 0.055282492190599
534 155.96699523926 155.89726257324 0.069731146097183
535 170.56883239746 170.50915527344 0.059683982282877
536 187.35786437988 187.29769897461 0.060165099799633
537 206.77767944336 206.72157287598 0.056093793362379
538 229.29013061523 229.23347473145 0.056654620915651
539 255.6845703125 255.61337280273 0.071195259690285
540 286.94284057617 286.87976074219 0.063076436519623
541 324.34558105469 324.28756713867 0.058015525341034
542 369.61734008789 369.56137084961 0.055949445813894
543 425.17572021484 425.11853027344 0.057183127850294
544 494.50933837891 494.44927978516 0.060065478086472
545 582.8720703125 582.76391601562 0.10817494988441
546 697.89166259766 697.83435058594 0.057336002588272
547 848.87176513672 848.81524658203 0.056529670953751
548 1.042287109375E+03 1.0422296142578E+03 0.057556115090847
549 1.2833023681641E+03 1.2832202148437E+03 0.082105547189713
550 1.6346810302734E+03 1.6346164550781E+03 0.064558580517769
551 2.1645393066406E+03 2.1641237792969E+03 0.41557046771049
552 2.9907290039062E+03 2.9906567382812E+03 0.072171181440353
553 4.3471953125E+03 4.3471274414062E+03 0.068031348288059
554 6.7233037109375E+03 6.723244140625E+03 0.059426415711641
555 1.106816796875E+04 1.1068109375E+04 0.058257628232241
556 1.8477109375E+04 1.847705078125E+04 0.05786132439971
557 2.4805556640625E+04 2.480549609375E+04 0.061223905533552
558 1.750490625E+04 1.750484375E+04 0.061547104269266
559 1.0507852539063E+04 1.05077890625E+04 0.063939772546291
560 6.4699321289063E+03 6.4698647460937E+03 0.067079678177834
561 4.2425654296875E+03 4.242505859375E+03 0.05959291011095
562 2.9534204101562E+03 2.953361328125E+03 0.059007745236158
563 2.15978125E+03 2.1597202148437E+03 0.060991823673248
564 1.6429038085937E+03 1.6428404541016E+03 0.063390582799911
565 1.2898843994141E+03 1.2898125E+03 0.071891032159328
566 1.0391196289063E+03 1.0389819335938E+03 0.13768655061722
567 854.97241210937 854.81201171875 0.16040572524071
568 715.88787841797 715.81225585937 0.075662240386009
569 608.50256347656 608.43127441406 0.071294844150543
570 523.96600341797 523.80883789062 0.15717667341232
571 456.93460083008 455.96646118164 0.96815037727356
572 400.83023071289 400.75814819336 0.072082571685314
573 355.34716796875 355.23867797852 0.10849894583225
574 317.10116577148 317.02990722656 0.071270801126957
575 285.12118530273 285.0500793457 0.071101762354374
576 257.93249511719 257.85195922852 0.080535173416138
577 234.61534118652 234.52935791016 0.085976995527744
578 214.45417785645 214.37908935547 0.07508085668087
579 196.91400146484 196.84706115723 0.066942781209946
580 181.56672668457 181.50260925293 0.06412835419178
581 168.06468200684 167.99705505371 0.067636519670486
582 156.15756225586 156.01284790039 0.14472453296185
583 145.47152709961 145.39254760742 0.078974388539791
584 135.97639465332 135.90991210937 0.066485092043877
585 127.47169494629 127.4087677002 0.06293011456728
586 119.82081604004 119.75903320312 0.061777133494616
587 112.91375732422 112.85163116455 0.06212617084384
588 106.6572265625 106.59462738037 0.062596797943115
589 100.97754669189 100.91011810303 0.067429333925247
590 95.802803039551 95.731819152832 0.070985905826092
591 91.151733398438 91.00316619873 0.14856907725334
592 86.748458862305 86.67603302002 0.072423011064529
593 82.789566040039 82.71019744873 0.079372987151146
594 79.142013549805 79.073020935059 0.068992041051388
595 75.901031494141 75.72200012207 0.17903673648834
596 72.668472290039 72.601264953613 0.067210473120213
597 69.801666259766 69.736534118652 0.065138570964336
598 67.160705566406 67.095947265625 0.064757831394672
599 64.725036621094 64.658920288086 0.066114492714405
600 62.479423522949 62.409427642822 0.069997861981392
