1 3.8339053280652E-03 2.7142441467731E-05 3.8067628629506E-03
2 4.188141785562E-03 1.0909671254922E-04 4.0790447965264E-03
3 4.4070146977901E-03 2.4767176364549E-04 4.1593429632485E-03
4 4.6642972156405E-03 4.4686248293146E-04 4.2174346745014E-03
5 4.9910400994122E-03 7.1385805495083E-04 4.277182277292E-03
6 5.3905621170998E-03 1.0456857271492E-03 4.3448763899505E-03
7 5.8565540239215E-03 1.4335525920615E-03 4.423001781106E-03
8 6.4155044965446E-03 1.9024112261832E-03 4.5130932703614E-03
9 7.0890672504902E-03 2.4695734027773E-03 4.6194940805435E-03
10 7.8949276357889E-03 3.1552771106362E-03 4.7396500594914E-03
11 8.8797817006707E-03 3.9904676377773E-03 4.8893145285547E-03
12 0.010034039616585 5.0262771546841E-03 5.0077619962394E-03
13 0.011504511348903 6.3358591869473E-03 5.1686521619558E-03
14 0.013378428295255 8.0303708091378E-03 5.3480579517782E-03
15 0.015874462202191 0.010315620340407 5.5588418617845E-03
16 0.019361952319741 0.013591267168522 5.7706851512194E-03
17 0.024596823379397 0.018595915287733 6.0009090229869E-03
18 0.033119831234217 0.026853794232011 6.2660351395607E-03
19 0.048317741602659 0.041764248162508 6.5534953027964E-03
20 0.078153312206268 0.071284987032413 6.8683256395161E-03
21 0.13901014626026 0.13179638981819 7.2137699462473E-03
22 0.23065787553787 0.2230649292469 7.5929365120828E-03
23 0.20832744240761 0.20031602680683 8.0114156007767E-03
24 0.13840736448765 0.12993267178535 8.4747020155191E-03
25 0.096296690404415 0.087321199476719 8.9754918590188E-03
26 0.074146941304207 0.064626030623913 9.5209116116166E-03
27 0.062273733317852 0.052148312330246 0.010125421918929
28 0.055762432515621 0.044962603598833 0.010799827985466
29 0.052370227873325 0.04070957005024 0.011660658754408
30 0.050814475864172 0.038200199604034 0.012614278122783
31 0.050097059458494 0.036795105785131 0.01330195646733
32 0.050438292324543 0.036128848791122 0.014309443533421
33 0.051439467817545 0.03598115593195 0.015458310954273
34 0.052891328930855 0.03621307387948 0.016678255051374
35 0.054873894900084 0.036733452230692 0.018140440806746
36 0.05687703192234 0.037483464926481 0.019393566995859
37 0.059398032724857 0.038414180278778 0.020983852446079
38 0.062317315489054 0.039500344544649 0.022816970944405
39 0.06593282520771 0.040714092552662 0.025218730792403
40 0.070362716913223 0.0420414917171 0.028321223333478
41 0.07517396658659 0.0434690117836 0.03170495480299
42 0.082193680107594 0.044987197965384 0.03720647841692
43 0.088865503668785 0.046588387340307 0.042277112603188
44 0.097020976245403 0.04826533421874 0.048755642026663
45 0.10635888576508 0.05001562461257 0.056343261152506
46 0.11772786080837 0.051834169775248 0.065893694758415
47 0.13186357915401 0.053717829287052 0.078145757317543
48 0.15003032982349 0.055664040148258 0.094366297125816
49 0.17435602843761 0.057670705020428 0.11668532341719
50 0.2093390673399 0.059736113995314 0.14960296452045
51 0.26835855841637 0.061858858913183 0.20649971067905
52 0.39734184741974 0.064037807285786 0.33330404758453
53 0.73924875259399 0.066272042691708 0.67297667264938
54 1.6774047613144 0.068560883402824 1.6088439226151
55 3.8909292221069 0.070903845131397 3.8200254440308
56 8.9323244094849 0.073300674557686 8.8590240478516
57 18.48045539856 0.07575136423111 18.404703140259
58 18.592142105103 0.07825668156147 18.513885498047
59 22.787393569946 0.080816827714443 22.706577301025
60 23.694358825684 0.083433873951435 23.61092376709
61 24.361143112183 0.086111091077328 24.275032043457
62 21.694993972778 0.088855259120464 21.60613822937
63 24.176000595093 0.091677159070969 24.084323883057
64 7.070987701416 0.094602502882481 6.9763851165771
65 2.9630582332611 0.097685992717743 2.8653721809387
66 1.2619127035141 0.10104318708181 1.1608694791794
67 0.62536746263504 0.10478667914867 0.52058082818985
68 0.39734694361687 0.10824503749609 0.2891018986702
69 0.30549624562263 0.11057457327843 0.19492165744305
70 0.25958698987961 0.11302219331264 0.14656479656696
71 0.23230317234993 0.11581025272608 0.11649292707443
72 0.21423861384392 0.11881357431412 0.0954250395298
73 0.20185761153698 0.12194959819317 0.079908013343811
74 0.19328582286835 0.12518012523651 0.068105690181255
75 0.18742853403091 0.12848424911499 0.058944281190634
76 0.18359839916229 0.13185243308544 0.051745962351561
77 0.18105587363243 0.13528163731098 0.045774225145578
78 0.17935322225094 0.13876782357693 0.040585409849882
79 0.17901876568794 0.14230932295322 0.036709446460009
80 0.17884355783463 0.14590521156788 0.032938342541456
81 0.17958636581898 0.14955496788025 0.030031390488148
82 0.18077510595322 0.15325832366943 0.027516776695848
83 0.18239177763462 0.15701518952847 0.025376580655575
84 0.18435937166214 0.16082563996315 0.023533741012216
85 0.18663293123245 0.16468977928162 0.021943150088191
86 0.18892864882946 0.16860787570477 0.020320780575275
87 0.19173461198807 0.17258021235466 0.019154399633408
88 0.19475167989731 0.17660720646381 0.01814447529614
89 0.197967633605 0.18068931996822 0.017278309911489
90 0.20136964321136 0.1848272383213 0.01654240489006
91 0.20495438575745 0.18902194499969 0.015932446345687
92 0.20871175825596 0.19327503442764 0.015436724759638
93 0.21271502971649 0.197589635849 0.015125392004848
94 0.21702574193478 0.2019729912281 0.015052745118737
95 0.22107319533825 0.20644479990005 0.014628400094807
96 0.2264960706234 0.21104899048805 0.015447084791958
97 0.23020166158676 0.21566180884838 0.014539855532348
98 0.23466642200947 0.22008669376373 0.014579731039703
99 0.23953101038933 0.22465428709984 0.014876725152135
100 0.24477310478687 0.22938375174999 0.015389352105558
101 0.24848867952824 0.23414255678654 0.014346129260957
102 0.25438940525055 0.23897153139114 0.015417884103954
103 0.26001986861229 0.24386745691299 0.016152411699295
104 0.2664603292942 0.24882957339287 0.017630748450756
105 0.27311018109322 0.25385814905167 0.019252024590969
106 0.28041744232178 0.25895392894745 0.021463505923748
107 0.2884249985218 0.26411816477776 0.024306822568178
108 0.29736348986626 0.26935222744942 0.028011258691549
109 0.30769377946854 0.27465787529945 0.033035904169083
110 0.31995490193367 0.28003725409508 0.039917625486851
111 0.33850720524788 0.28549319505692 0.053014028817415
112 0.35305735468864 0.29102939367294 0.062027972191572
113 0.37935781478882 0.29665124416351 0.082706578075886
114 0.41973650455475 0.30236712098122 0.11736939102411
115 0.49272078275681 0.30819138884544 0.18452939391136
116 0.63315534591675 0.3141510784626 0.31900426745415
117 1.0135964155197 0.32030138373375 0.69329500198364
118 2.538318157196 0.32675644755363 2.2115619182587
119 5.6962428092957 0.33367666602135 5.3625659942627
120 1.5063903331757 0.34068068861961 1.1657096147537
121 0.80388522148132 0.34631246328354 0.45757278800011
122 0.59008806943893 0.35179299116135 0.23829509317875
123 0.50445038080215 0.35773667693138 0.14671367406845
124 0.47518998384476 0.36402186751366 0.1111681163311
125 0.44575735926628 0.37053474783897 0.075222611427307
126 0.43420499563217 0.37722012400627 0.056984875351191
127 0.4293384552002 0.38405707478523 0.045281376689672
128 0.4291358590126 0.39103570580482 0.03810016065836
129 0.42999801039696 0.3981542289257 0.031843792647123
130 0.43293097615242 0.40541380643845 0.027517164126039
131 0.43761512637138 0.41282057762146 0.024794572964311
132 0.44225689768791 0.42037948966026 0.021877398714423
133 0.44805637001991 0.42809793353081 0.019958447664976
134 0.45423749089241 0.43598437309265 0.018253123387694
135 0.46101173758507 0.44404858350754 0.016963163390756
136 0.46831268072128 0.45230147242546 0.016011223196983
137 0.4771121442318 0.46075534820557 0.016356790438294
138 0.48358830809593 0.46942403912544 0.014164258725941
139 0.49188053607941 0.47832298278809 0.013557576574385
140 0.50059306621552 0.48746946454048 0.013123625889421
141 0.50997376441956 0.49688300490379 0.013090784661472
142 0.52668613195419 0.50658547878265 0.020100645720959
143 0.5294314622879 0.51660168170929 0.012829774059355
144 0.53890067338943 0.52695918083191 0.011941488832235
145 0.55502104759216 0.53769046068192 0.017330585047603
146 0.5599946975708 0.54883128404617 0.011163395829499
147 0.57133430242538 0.56042289733887 0.010911403223872
148 0.58343106508255 0.57251262664795 0.010918435640633
149 0.59684145450592 0.58515471220016 0.01168674044311
150 0.60926300287247 0.59839618206024 0.010866807773709
151 0.62347108125687 0.61234217882156 0.011128883808851
152 0.63741677999496 0.62706065177917 0.010356138460338
153 0.65300315618515 0.6426505446434 0.010352618992329
154 0.67466682195663 0.65922832489014 0.015438458882272
155 0.68702268600464 0.67693138122559 0.010091315954924
156 0.70614504814148 0.69592297077179 0.010222049430013
157 0.72620368003845 0.7163981795311 9.8054828122258E-03
158 0.74831181764603 0.7385915517807 9.7202872857451E-03
159 0.77248072624207 0.76278710365295 9.6935983747244E-03
160 0.79899299144745 0.78933119773865 9.6618020907044E-03
161 0.82829767465591 0.81864959001541 9.6480315551162E-03
162 0.86097538471222 0.85127025842667 9.7051383927464E-03
163 0.89763450622559 0.88785362243652 9.780865162611E-03
164 0.93958419561386 0.92926520109177 0.010318982414901
165 0.99793344736099 0.97651219367981 0.021421240642667
166 1.0433573722839 1.0310057401657 0.012351743876934
167 1.1049118041992 1.0945568084717 0.010354932397604
168 1.1794118881226 1.1695765256882 9.8352506756783E-03
169 1.2690533399582 1.2593268156052 9.7265467047691E-03
170 1.3780392408371 1.3683052062988 9.7341034561396E-03
171 1.5126758813858 1.5028431415558 9.8327305167913E-03
172 1.6819146871567 1.6720676422119 9.8469741642475E-03
173 1.899595618248 1.8894970417023 0.010098541155457
174 2.1860473155975 2.1757862567902 0.010261075571179
175 2.5755994319916 2.5636522769928 0.011947102844715
176 3.1186225414276 3.1071343421936 0.011488155461848
177 3.9103562831879 3.89994597435 0.010410289280117
178 5.1240558624268 5.1140012741089 0.010054729878902
179 7.0949897766113 7.0849628448486 0.010027043521404
180 10.520118713379 10.50887298584 0.0112459436059
181 16.872081756592 16.86199760437 0.010083744302392
182 28.769269943237 28.759057998657 0.010211781598628
183 45.470428466797 45.459812164307 0.010616292245686
184 39.918556213379 39.904293060303 0.014263335615396
185 24.304424285889 24.290683746338 0.013741562142968
186 14.816621780396 14.806018829346 0.010602723807096
187 9.7350254058838 9.72447681427 0.010548246093094
188 6.9017777442932 6.8914494514465 0.010328580625355
189 5.2135334014893 5.2031474113464 0.010385979898274
190 4.1434030532837 4.1329612731934 0.010441796854138
191 3.4297025203705 3.4191558361053 0.010546530596912
192 2.9347007274628 2.9239614009857 0.010739343240857
193 2.5830714702606 2.5712456703186 0.011825693771243
194 2.3242139816284 2.3126583099365 0.01155580766499
195 2.1187617778778 2.1033837795258 0.015377985313535
196 1.9539272785187 1.9411243200302 0.01280299667269
197 1.8275822401047 1.8162602186203 0.011322037316859
198 1.7301399707794 1.7190726995468 0.011067349463701
199 1.6550904512405 1.6434613466263 0.011629150249064
200 1.5982335805893 1.586367726326 0.01186584122479
201 1.56236577034 1.548238992691 0.014126709662378
202 1.5466424226761 1.5350756645203 0.011566764675081
203 1.5624127388 1.5509890317917 0.011423652991652
204 1.5245740413666 1.5133749246597 0.011199150234461
205 1.4529844522476 1.4416539669037 0.011330598965287
206 1.4092937707901 1.3959990739822 0.013294656760991
207 1.3791736364365 1.3673831224442 0.01179052144289
208 1.3609284162521 1.34799015522 0.01293823774904
209 1.349222779274 1.3342174291611 0.01500532310456
210 1.3362575769424 1.3238459825516 0.012411558069289
211 1.3309445381165 1.3163917064667 0.014552774839103
212 1.3230887651443 1.3112331628799 0.01185552123934
213 1.319855928421 1.307931303978 0.011924612335861
214 1.3186105489731 1.3061839342117 0.012426603585482
215 1.3389611244202 1.3057703971863 0.033190775662661
216 1.3187937736511 1.3065193891525 0.01227427367121
217 1.3204047679901 1.3082937002182 0.012111066840589
218 1.3232622146606 1.3109802007675 0.012282054871321
219 1.3266395330429 1.3144843578339 0.012155130505562
220 1.3309372663498 1.3187265396118 0.012210794724524
221 1.3359657526016 1.3236384391785 0.012327367439866
222 1.3416529893875 1.3291878700256 0.012465158477426
223 1.3479529619217 1.3352719545364 0.012680954299867
224 1.3540272712708 1.340975522995 0.013051744550467
225 1.3622126579285 1.3481292724609 0.014083312824368
226 1.3802211284637 1.3557198047638 0.024501368403435
227 1.378240942955 1.3637201786041 0.014520742930472
228 1.3858335018158 1.3721083402634 0.013725148513913
229 1.3951725959778 1.3808691501617 0.014303421601653
230 1.4050862789154 1.3900007009506 0.015085503458977
231 1.4228529930115 1.3995414972305 0.023311417549849
232 1.4265129566193 1.4096636772156 0.016849279403687
233 1.4402363300323 1.4202591180801 0.019977128133178
234 1.4780279397964 1.4299597740173 0.048068109899759
235 1.4627004861832 1.4401161670685 0.022584307938814
236 1.4724493026733 1.4507730007172 0.021676195785403
237 1.5038326978683 1.4617573022842 0.042075507342815
238 1.4908629655838 1.47301197052 0.017850963398814
239 1.5383899211884 1.4845142364502 0.053875736892223
240 1.5123246908188 1.496250629425 0.016074046492577
241 1.5243865251541 1.5082142353058 0.016172321513295
242 1.5459879636765 1.5203981399536 0.025589779019356
243 1.5569828748703 1.5327975749969 0.024185284972191
244 1.56647336483 1.5454087257385 0.021064665168524
245 1.5739691257477 1.5582276582718 0.01574144884944
246 1.5865077972412 1.5712519884109 0.015255785547197
247 1.601328253746 1.5844795703888 0.016848793253303
248 1.6341744661331 1.5979084968567 0.036266051232815
249 1.6334264278412 1.6115375757217 0.021888894960284
250 1.6513390541077 1.6253659725189 0.025973094627261
251 1.6599175930023 1.6393930912018 0.02052447758615
252 1.6696965694427 1.6536189317703 0.016077686101198
253 1.6835424900055 1.6680436134338 0.015498954802752
254 1.697922706604 1.6826677322388 0.015254960395396
255 1.712709903717 1.6974922418594 0.015217679552734
256 1.7278227806091 1.7125183343887 0.015304429456592
257 1.7436294555664 1.727747797966 0.015881605446339
258 1.7634235620499 1.7431825399399 0.020241102203727
259 1.7845056056976 1.7588247060776 0.025680981576443
260 1.7909848690033 1.7746770381927 0.016307853162289
261 1.8069341182709 1.7907425165176 0.016191525384784
262 1.8240067958832 1.8070224523544 0.016984347254038
263 1.8484126329422 1.8235250711441 0.024887569248676
264 1.8611176013947 1.840309381485 0.020808320492506
265 1.8814381361008 1.8572661876678 0.024171881377697
266 1.8915098905563 1.8744574785233 0.0170524045825
267 1.9166654348373 1.8918887376785 0.024776626378298
268 1.9269940853119 1.9095698595047 0.017424257472157
269 1.9441740512848 1.9275003671646 0.016673700883985
270 1.9623625278473 1.9456917047501 0.016670886427164
271 1.9818561077118 1.9641530513763 0.017703022807837
272 2.0012719631195 1.9828995466232 0.018372258171439
273 2.0696711540222 2.001953125 0.067717991769314
274 2.0424485206604 2.021247625351 0.021200919523835
275 2.0619361400604 2.0408537387848 0.021082310006022
276 2.0822789669037 2.0607945919037 0.021484479308128
277 2.1112704277039 2.0810723304749 0.03019817173481
278 2.120055437088 2.1017000675201 0.018355494365096
279 2.1417067050934 2.1226933002472 0.01901326328516
280 2.1624190807343 2.1440703868866 0.018348665907979
281 2.1866171360016 2.1658508777618 0.02076630666852
282 2.2060732841492 2.1880514621735 0.01802191324532
283 2.2320928573608 2.2107074260712 0.021385379135609
284 2.2524082660675 2.2338409423828 0.018567366525531
285 2.277571439743 2.2574820518494 0.020089339464903
286 2.3492486476898 2.2816739082336 0.067574813961983
287 2.3301239013672 2.3064374923706 0.023686395958066
288 2.353217124939 2.3318245410919 0.021392690017819
289 2.4579246044159 2.3578839302063 0.10004077106714
290 2.4046416282654 2.3846714496613 0.019970221444964
291 2.438414812088 2.4122517108917 0.026163298636675
292 2.4604353904724 2.4407007694244 0.019734801724553
293 2.5024442672729 2.4701156616211 0.032328758388758
294 2.5210373401642 2.5006866455078 0.020350906997919
295 2.552120923996 2.5324425697327 0.019678192213178
296 2.5849437713623 2.5650854110718 0.019858364015818
297 2.6208558082581 2.5992901325226 0.021565737202764
298 2.661511182785 2.6352045536041 0.026306657120585
299 2.6994800567627 2.6729454994202 0.026534711942077
300 2.7374176979065 2.712662935257 0.024754570797086
301 2.7867541313171 2.7548208236694 0.031933270394802
302 2.83180975914 2.7999913692474 0.031818423420191
303 2.8890409469604 2.8481619358063 0.040878817439079
304 2.9219064712524 2.9001243114471 0.021782102063298
305 2.9772837162018 2.9565873146057 0.020696440711617
306 3.0384800434113 3.0184478759766 0.020032031461596
307 3.1069779396057 3.0868542194366 0.020123852416873
308 3.1835672855377 3.163293838501 0.020273312926292
309 3.2704503536224 3.2497246265411 0.020725760608912
310 3.3796710968018 3.3487629890442 0.030908217653632
311 3.4849498271942 3.4639720916748 0.020977675914764
312 3.6211597919464 3.6003057956696 0.020854050293565
313 3.786031961441 3.7648158073425 0.02121633477509
314 3.9897003173828 3.9678246974945 0.02187548391521
315 4.2493233680725 4.2249360084534 0.024387529119849
316 4.5977292060852 4.5607061386108 0.037023164331913
317 5.0451278686523 5.0156660079956 0.029461767524481
318 5.6838355064392 5.6610894203186 0.02274621091783
319 6.6557369232178 6.6320972442627 0.023639583960176
320 8.2250757217407 8.1974639892578 0.027611287310719
321 10.766956329346 10.74391746521 0.023038925603032
322 14.458906173706 14.43660736084 0.02229799516499
323 21.606492996216 21.583755493164 0.022738721221685
324 35.954372406006 35.930816650391 0.023555664345622
325 54.71263885498 54.687538146973 0.025102201849222
326 42.408699035645 42.377613067627 0.031084954738617
327 25.478200912476 25.387058258057 0.091143898665905
328 16.231069564819 16.203542709351 0.027526373043656
329 11.543690681458 11.519124984741 0.024565240368247
330 8.9936218261719 8.9701805114746 0.023441933095455
331 7.5018243789673 7.4775910377502 0.024233277887106
332 6.5774064064026 6.5489649772644 0.028441295027733
333 5.9965691566467 5.9442954063416 0.052274122834206
334 5.5632386207581 5.5380082130432 0.025230698287487
335 5.2876348495483 5.2603535652161 0.027281180024147
336 5.0937967300415 5.0695023536682 0.024294355884194
337 4.9588890075684 4.9347910881042 0.024097871035337
338 4.8659410476685 4.8418278694153 0.024112965911627
339 4.8075084686279 4.7831988334656 0.02430964820087
340 4.7758769989014 4.7512979507446 0.024579228833318
341 4.7653079032898 4.7403855323792 0.024922359734774
342 4.7717752456665 4.7459950447083 0.025780415162444
343 4.8006443977356 4.7671642303467 0.033479861915112
344 4.8287534713745 4.8012895584106 0.027464088052511
345 4.8805198669434 4.8471856117249 0.033334154635668
346 4.9323830604553 4.9041514396667 0.028231348842382
347 4.9990854263306 4.9718456268311 0.027240078896284
348 5.0774936676025 5.050226688385 0.027266712859273
349 5.1675543785095 5.139533996582 0.028020590543747
350 5.2699794769287 5.2402691841125 0.029710037633777
351 5.3873205184937 5.3532018661499 0.034118808805943
352 5.5306396484375 5.4793839454651 0.051255870610476
353 5.6739072799683 5.6201844215393 0.053723067045212
354 5.8097143173218 5.7772688865662 0.032444998621941
355 6.0482277870178 5.9529376029968 0.09529036283493
356 6.1825675964355 6.1498069763184 0.032760966569185
357 6.408332824707 6.3712105751038 0.037122152745724
358 6.6764798164368 6.6212959289551 0.055183943361044
359 7.0040311813354 6.9052457809448 0.098785206675529
360 7.2711029052734 7.2295827865601 0.04152000695467
361 7.6430196762085 7.6025857925415 0.040433533489704
362 8.0784921646118 8.0348672866821 0.043624710291624
363 8.5927457809448 8.5401906967163 0.052555043250322
364 9.210765838623 9.1366386413574 0.074126459658146
365 9.9351196289063 9.8483276367188 0.086791798472404
366 10.825587272644 10.707929611206 0.11765799671412
367 12.005079269409 11.760682106018 0.24439708888531
368 13.807175636292 13.070336341858 0.73683929443359
369 15.47532749176 14.729147911072 0.74617993831635
370 17.105123519897 16.874347686768 0.2307750582695
371 19.924409866333 19.716781616211 0.20762848854065
372 23.671096801758 23.592824935913 0.0782720297575
373 29.123857498169 29.063341140747 0.060515116900206
374 37.166362762451 37.113380432129 0.052981667220592
375 49.657596588135 49.581573486328 0.076022297143936
376 70.201965332031 70.146293640137 0.055669035762548
377 106.75771331787 106.70524597168 0.052468772977591
378 176.90873718262 176.85113525391 0.057614803314209
379 313.53329467773 313.48754882813 0.045724637806416
380 500.09799194336 500.06143188477 0.036555528640747
381 393.18203735352 393.14651489258 0.035519581288099
382 225.20002746582 225.1649017334 0.035122763365507
383 133.01712036133 132.98239135742 0.034718845039606
384 85.698440551758 85.663703918457 0.034733142703772
385 59.836559295654 59.801483154297 0.035077445209026
386 44.568176269531 44.531978607178 0.036195889115334
387 34.908130645752 34.851638793945 0.056493826210499
388 28.496315002441 28.459302902222 0.037013173103333
389 24.183395385742 24.147222518921 0.036171555519104
390 21.258192062378 21.222066879272 0.036126296967268
391 18.884477615356 18.847164154053 0.037313718348742
392 16.724113464355 16.681354522705 0.04276018217206
393 15.084349632263 15.031761169434 0.052587818354368
394 13.828381538391 13.789038658142 0.039342608302832
395 12.879257202148 12.829509735107 0.049747213721275
396 12.113484382629 12.069804191589 0.043679729104042
397 11.538973808289 11.46316242218 0.07581203430891
398 11.014718055725 10.971762657166 0.042954843491316
399 10.617134094238 10.571221351624 0.04591216519475
400 10.337097167969 10.243744850159 0.093352548778057
401 10.065204620361 9.9760007858276 0.089203648269176
402 9.8663215637207 9.7578258514404 0.10849602520466
403 9.6510553359985 9.5813426971436 0.069712519645691
404 9.4942293167114 9.4403829574585 0.053846515715122
405 9.3813238143921 9.3300685882568 0.051255352795124
406 9.297905921936 9.2465257644653 0.05137998983264
407 9.2416038513184 9.1866683959961 0.054935969412327
408 9.2254905700684 9.1481218338013 0.077368699014187
409 9.1939516067505 9.1287755966187 0.065175548195839
410 9.1813087463379 9.1186685562134 0.062640279531479
411 9.2012252807617 9.1344528198242 0.066772915422916
412 9.2392921447754 9.165885925293 0.073406487703323
413 9.3426694869995 9.2124166488647 0.13025268912315
414 9.4056253433228 9.2737522125244 0.13187336921692
415 9.4603004455566 9.3498420715332 0.11045905947685
416 9.5585126876831 9.4401998519897 0.11831237375736
417 9.6874570846558 9.5466823577881 0.14077493548393
418 9.8431577682495 9.6692895889282 0.17386867105961
419 10.035709381104 9.8090591430664 0.22665022313595
420 10.282665252686 9.9672431945801 0.3154225051403
421 10.624653816223 10.145956039429 0.47869816422462
422 11.163118362427 10.347400665283 0.81571763753891
423 12.29912853241 10.574613571167 1.7245154380798
424 16.033348083496 10.831589698792 5.2017579078674
425 24.11137008667 11.122843742371 12.988526344299
426 14.398149490356 11.454478263855 2.9436709880829
427 13.046821594238 11.835752487183 1.2110694646835
428 12.922191619873 12.277877807617 0.64431363344193
429 13.2251329422 12.796496391296 0.4286367893219
430 13.709342956543 13.413906097412 0.29543653130531
431 14.379835128784 14.163077354431 0.21675750613213
432 15.263078689575 15.095541954041 0.16753666102886
433 16.435544967651 16.297122955322 0.13842134177685
434 18.043792724609 17.925270080566 0.11852208524942
435 20.410526275635 20.306234359741 0.10429130494595
436 24.320491790771 24.225608825684 0.094882674515247
437 31.670751571655 31.572370529175 0.098380111157894
438 44.200859069824 44.113368988037 0.087487772107124
439 64.353889465332 64.276321411133 0.077569045126438
440 55.326965332031 55.252864837646 0.074099361896515
441 48.166091918945 48.063652038574 0.10244213789701
442 52.903675079346 52.790882110596 0.11279497295618
443 66.954399108887 66.888648986816 0.065750479698181
444 84.396484375 84.336288452148 0.060194790363312
445 121.85878753662 121.79335784912 0.065430887043476
446 201.74574279785 201.66961669922 0.076130695641041
447 364.89422607422 364.83361816406 0.060608699917793
448 550.13317871094 550.07330322266 0.059859413653612
449 368.33724975586 368.20919799805 0.12805433571339
450 204.56674194336 204.51094055176 0.055810160934925
451 122.94338226318 122.8868560791 0.056522868573666
452 82.158683776855 82.093826293945 0.06485553830862
453 59.963470458984 59.906799316406 0.056672129780054
454 46.869823455811 46.816425323486 0.053400047123432
455 38.626071929932 38.57186126709 0.054211642593145
456 33.164779663086 33.112804412842 0.051973976194859
457 29.428531646729 29.36093711853 0.067593574523926
458 26.769283294678 26.713865280151 0.055419269949198
459 24.868307113647 24.816843032837 0.051465138792992
460 23.509412765503 23.456865310669 0.052546571940184
461 22.547603607178 22.490591049194 0.057013064622879
462 21.906053543091 21.83731842041 0.068735219538212
463 21.549814224243 21.439157485962 0.11065702885389
464 21.34613609314 21.261222839355 0.08491413295269
465 21.385959625244 21.327615737915 0.058345280587673
466 21.755674362183 21.691207885742 0.064466297626495
467 22.563911437988 22.482469558716 0.081441126763821
468 24.121862411499 24.025957107544 0.095906510949135
469 27.2770652771 27.160419464111 0.11664628982544
470 33.834449768066 33.75638961792 0.078060030937195
471 41.877071380615 41.512172698975 0.36489561200142
472 40.519496917725 40.449207305908 0.070289708673954
473 48.257614135742 48.097721099854 0.15989477932453
474 70.961799621582 70.893356323242 0.068440973758698
475 81.414535522461 81.342834472656 0.071699902415276
476 53.939586639404 53.599018096924 0.34056550264359
477 37.9716796875 37.880306243896 0.091372668743134
478 30.994451522827 30.909950256348 0.084502004086971
479 27.748815536499 27.65411567688 0.094698905944824
480 26.224016189575 26.064994812012 0.15902145206928
481 25.527902603149 25.324893951416 0.20300869643688
482 25.248104095459 25.083114624023 0.16498890519142
483 25.389533996582 25.190137863159 0.19939659535885
484 25.910730361938 25.617961883545 0.29276740550995
485 26.956132888794 26.432498931885 0.52363431453705
486 29.159322738647 27.909069061279 1.250254034996
487 36.120899200439 30.699327468872 5.421573638916
488 37.614849090576 35.310260772705 2.3045871257782
489 36.563903808594 35.779670715332 0.78423154354095
490 32.594539642334 32.204853057861 0.38968858122826
491 30.65941619873 30.417680740356 0.24173630774021
492 30.069353103638 29.896505355835 0.17284701764584
493 30.116003036499 29.982622146606 0.1333821117878
494 30.491167068481 30.379997253418 0.11116939038038
495 31.060583114624 30.961349487305 0.099233016371727
496 31.792497634888 31.66895866394 0.12353830784559
497 32.614204406738 32.475902557373 0.13830465078354
498 33.455345153809 33.37092590332 0.084421463310719
499 34.445358276367 34.34973526001 0.095625475049019
500 35.495204925537 35.422161102295 0.073042392730713
501 36.691772460938 36.620727539063 0.071043536067009
502 38.127727508545 38.053646087646 0.074082471430302
503 40.124408721924 40.056358337402 0.068052895367146
504 41.694938659668 41.633136749268 0.061802729964256
505 42.401580810547 42.338241577148 0.063338108360767
506 43.481254577637 43.421028137207 0.060226384550333
507 44.955615997314 44.888000488281 0.067615129053593
508 46.664749145508 46.551162719727 0.11358850449324
509 48.420322418213 48.336009979248 0.08431002497673
510 50.324737548828 50.266983032227 0.057756081223488
511 52.400470733643 52.345104217529 0.05536375194788
512 54.636161804199 54.581520080566 0.054640650749207
513 57.030319213867 56.976119995117 0.054198250174522
514 59.604564666748 59.549488067627 0.055075611919165
515 62.446708679199 62.317985534668 0.12872087955475
516 65.358131408691 65.301399230957 0.056732445955276
517 68.58325958252 68.513008117676 0.070248208940029
518 72.050437927246 71.989234924316 0.061209205538034
519 75.830673217773 75.768783569336 0.061889089643955
520 80.07283782959 79.897644042969 0.17518930137157
521 84.336540222168 84.266799926758 0.069739557802677
522 89.235885620117 89.03369140625 0.20219387114048
523 94.377777099609 94.265266418457 0.11250987648964
524 100.0652923584 99.99974822998 0.065546117722988
525 106.35482025146 106.29679107666 0.058023247867823
526 113.27214050293 113.2145614624 0.057578448206186
527 120.91414642334 120.84857940674 0.065567225217819
528 129.35902404785 129.29997253418 0.059057638049126
529 138.74465942383 138.68626403809 0.05839654058218
530 149.20783996582 149.14961242676 0.058235958218575
531 160.92999267578 160.86465454102 0.065325208008289
532 174.07135009766 174.01724243164 0.054113291203976
533 188.89999389648 188.84471130371 0.055282492190599
534 206.76876831055 206.69903564453 0.069731146097183
535 226.13215637207 226.07246398926 0.059683982282877
536 248.3920135498 248.33184814453 0.060165099799633
537 274.14141845703 274.08532714844 0.056093793362379
538 303.98977661133 303.93310546875 0.056654620915651
539 338.98056030273 338.90936279297 0.071195259690285
540 380.42752075195 380.36444091797 0.063076436519623
541 430.0202331543 429.96221923828 0.058015525341034
542 490.04522705078 489.9892578125 0.055949445813894
543 563.70788574219 563.65069580078 0.057183127850294
544 655.63409423828 655.57403564453 0.060065478086472
545 772.77563476562 772.66748046875 0.10817494988441
546 925.29290771484 925.23559570313 0.057336002588272
547 1.12547265625E+03 1.1254161376953E+03 0.056529670953751
548 1.3819154052734E+03 1.3818579101563E+03 0.057556115090847
549 1.7014615478516E+03 1.7013795166016E+03 0.082105547189713
550 2.1673486328125E+03 2.1672841796875E+03 0.064558580517769
551 2.8697561035156E+03 2.8693405761719E+03 0.41557046771049
552 3.9652856445313E+03 3.9652133789062E+03 0.072171181440353
553 5.76378125E+03 5.763712890625E+03 0.068031348288059
554 8.9141875E+03 8.9141279296875E+03 0.059426415711641
555 1.4674900390625E+04 1.4674841796875E+04 0.058257628232241
556 2.4498169921875E+04 2.449811328125E+04 0.05786132439971
557 3.28888515625E+04 3.28887890625E+04 0.061223905533552
558 2.3209158203125E+04 2.320909765625E+04 0.061547104269266
559 1.3931995117187E+04 1.3931931640625E+04 0.063939772546291
560 8.578248046875E+03 8.5781806640625E+03 0.067079678177834
561 5.62505859375E+03 5.6249990234375E+03 0.05959291011095
562 3.9158234863281E+03 3.9157644042969E+03 0.059007745236158
563 2.8635629882813E+03 2.863501953125E+03 0.060991823673248
564 2.1782514648438E+03 2.1781879882813E+03 0.063390582799911
565 1.7101918945312E+03 1.7101199951172E+03 0.071891032159328
566 1.3776896972656E+03 1.3775520019531E+03 0.13768655061722
567 1.1335275878906E+03 1.1333670654297E+03 0.16040572524071
568 949.14752197266 949.07183837891 0.075662240386009
569 806.77032470703 806.69903564453 0.071294844150543
570 694.65808105469 694.50091552734 0.15717667341232
571 605.51904296875 604.55090332031 0.96815037727356
572 531.42413330078 531.35205078125 0.072082571685314
573 471.10775756836 470.99926757813 0.10849894583225
574 420.41076660156 420.33950805664 0.071270801126957
575 378.00964355469 377.93853759766 0.071101762354374
576 341.95794677734 341.87741088867 0.080535173416138
577 311.0407409668 310.95477294922 0.085976995527744
578 284.31326293945 284.23818969727 0.07508085668087
579 261.05996704102 260.99304199219 0.066942781209946
580 240.71246337891 240.64833068848 0.06412835419178
581 222.80940246582 222.74176025391 0.067636519670486
582 206.99700927734 206.85229492188 0.14472453296185
583 192.85015869141 192.77119445801 0.078974388539791
584 180.26496887207 180.19847106934 0.066485092043877
585 168.99002075195 168.92709350586 0.06293011456728
586 158.84634399414 158.78456115723 0.061777133494616
587 149.68838500977 149.62626647949 0.06212617084384
588 141.39289855957 141.33030700684 0.062596797943115
589 133.86083984375 133.79341125488 0.067429333925247
590 126.99864959717 126.92766571045 0.070985905826092
591 120.80666351318 120.65809631348 0.14856907725334
592 114.99332427979 114.9208984375 0.072423011064529
593 109.74209594727 109.66272735596 0.079372987151146
594 104.90930175781 104.84030914307 0.068992041051388
595 100.57633972168 100.39730072021 0.17903673648834
596 96.326835632324 96.259628295898 0.067210473120213
597 92.526504516602 92.461372375488 0.065138570964336
598 89.025062561035 88.960304260254 0.064757831394672
599 85.795249938965 85.729133605957 0.066114492714405
600 82.816604614258 82.746604919434 0.069997861981392
