1 3.8210074417293E-03 1.4244556041376E-05 3.8067628629506E-03
2 4.1362997144461E-03 5.7254768762505E-05 4.0790447965264E-03
3 4.2893229983747E-03 1.2998000602238E-04 4.1593429632485E-03
4 4.4519514776766E-03 2.3451677407138E-04 4.2174346745014E-03
5 4.6518202871084E-03 3.7463803892024E-04 4.277182277292E-03
6 4.8936600796878E-03 5.4878368973732E-04 4.3448763899505E-03
7 5.1753409206867E-03 7.5233913958073E-04 4.423001781106E-03
8 5.5114929564297E-03 9.983996860683E-04 4.5130932703614E-03
9 5.9155444614589E-03 1.296050613746E-03 4.6194940805435E-03
10 6.3955630175769E-03 1.6559130745009E-03 4.7396500594914E-03
11 6.9835418835282E-03 2.0942271221429E-03 4.8893145285547E-03
12 7.6455897651613E-03 2.6378280017525E-03 5.0077619962394E-03
13 8.4937578067183E-03 3.3251063432544E-03 5.1686521619558E-03
14 9.5624560490251E-03 4.2143985629082E-03 5.3480579517782E-03
15 0.010972556658089 5.4137147963047E-03 5.5588418617845E-03
16 0.012903483584523 7.1327988989651E-03 5.7706851512194E-03
17 0.015760185196996 9.7592752426863E-03 6.0009090229869E-03
18 0.020359108224511 0.014093072153628 6.2660351395607E-03
19 0.028471684083343 0.021918188780546 6.5534953027964E-03
20 0.044279221445322 0.037410896271467 6.8683256395161E-03
21 0.076381497085094 0.069167725741863 7.2137699462473E-03
22 0.12465908378363 0.11706614494324 7.5929365120828E-03
23 0.11313876509666 0.10512734949589 8.0114156007767E-03
24 0.076664336025715 0.068189635872841 8.4747020155191E-03
25 0.054802309721708 0.045826815068722 8.9754918590188E-03
26 0.043437138199806 0.033916223794222 9.5209116116166E-03
27 0.037493243813515 0.027367822825909 0.010125421918929
28 0.034396536648273 0.023596709594131 0.010799827985466
29 0.033025346696377 0.021364687010646 0.011660658754408
30 0.032662026584148 0.020047750324011 0.012614278122783
31 0.032612301409245 0.019310345873237 0.01330195646733
32 0.033270131796598 0.018960688263178 0.014309443533421
33 0.034341491758823 0.018883179873228 0.015458310954273
34 0.035683147609234 0.019004890695214 0.016678255051374
35 0.037418432533741 0.019277991726995 0.018140440806746
36 0.039065171033144 0.01967160217464 0.019393566995859
37 0.041143901646137 0.020160049200058 0.020983852446079
38 0.043547045439482 0.020730076357722 0.022816970944405
39 0.046585790812969 0.021367060020566 0.025218730792403
40 0.050384912639856 0.022063689306378 0.028321223333478
41 0.054517816752195 0.022812861949205 0.03170495480299
42 0.060816094279289 0.023609617725015 0.03720647841692
43 0.066727049648762 0.024449935182929 0.042277112603188
44 0.074085652828217 0.025330007076263 0.048755642026663
45 0.082591839134693 0.026248574256897 0.056343261152506
46 0.093096651136875 0.02720296010375 0.065893694758415
47 0.10633727163076 0.028191518038511 0.078145757317543
48 0.12357920408249 0.029212903231382 0.094366297125816
49 0.14695134758949 0.030266016721725 0.11668532341719
50 0.18095292150974 0.031349960714579 0.14960296452045
51 0.23896369338036 0.032463990151882 0.20649971067905
52 0.36691156029701 0.033607516437769 0.33330404758453
53 0.70775675773621 0.034780062735081 0.67297667264938
54 1.6448251008987 0.035981263965368 1.6088439226151
55 3.8572361469269 0.037210870534182 3.8200254440308
56 8.8974924087524 0.038468740880489 8.8590240478516
57 18.444458007813 0.039754882454872 18.404703140259
58 18.554956436157 0.041069690138102 18.513885498047
59 22.748991012573 0.042413275688887 22.706577301025
60 23.654710769653 0.043786723166704 23.61092376709
61 24.320224761963 0.045191742479801 24.275032043457
62 21.652770996094 0.046631902456284 21.60613822937
63 24.132436752319 0.048112858086824 24.084323883057
64 7.0260334014893 0.049648102372885 6.9763851165771
65 2.9166386127472 0.051266338676214 2.8653721809387
66 1.2138977050781 0.053028222173452 1.1608694791794
67 0.57557362318039 0.054992832243443 0.52058082818985
68 0.34590971469879 0.056807804852724 0.2891018986702
69 0.25295203924179 0.058030363172293 0.19492165744305
70 0.20587968826294 0.059314891695976 0.14656479656696
71 0.17727100849152 0.060778085142374 0.11649292707443
72 0.15777929127216 0.062354251742363 0.0954250395298
73 0.14390806853771 0.064000055193901 0.079908013343811
74 0.13380116224289 0.065695464611053 0.068105690181255
75 0.12637376785278 0.06742949038744 0.058944281190634
76 0.12094310671091 0.069197148084641 0.051745962351561
77 0.11677104234695 0.070996813476086 0.045774225145578
78 0.11341179907322 0.072826385498047 0.040585409849882
79 0.11139444261789 0.074684999883175 0.036709446460009
80 0.10951049625874 0.076572149991989 0.032938342541456
81 0.10851895809174 0.078487567603588 0.030031390488148
82 0.10794789344072 0.08043111115694 0.027516776695848
83 0.1077793315053 0.082402750849724 0.025376580655575
84 0.10793623328209 0.084402494132519 0.023533741012216
85 0.10837358236313 0.086430430412292 0.021943150088191
86 0.10880745202303 0.088486671447754 0.020320780575275
87 0.10972578078508 0.090571381151676 0.019154399633408
88 0.11082925647497 0.092684783041477 0.01814447529614
89 0.11210541427135 0.094827108085155 0.017278309911489
90 0.11354112625122 0.09699872136116 0.01654240489006
91 0.1151325777173 0.099200129508972 0.015932446345687
92 0.11686890572309 0.10143218189478 0.015436724759638
93 0.11882190406322 0.10369651764631 0.015125392004848
94 0.12104967981577 0.10599693655968 0.015052745118737
95 0.12297217547894 0.10834377259016 0.014628400094807
96 0.12620717287064 0.11076008528471 0.015447084791958
97 0.12772078812122 0.11318092793226 0.014539855532348
98 0.13008287549019 0.11550314724445 0.014579731039703
99 0.13277697563171 0.11790025234222 0.014876725152135
100 0.13577166199684 0.12038230895996 0.015389352105558
101 0.13722589612007 0.12287976592779 0.014346129260957
102 0.1408319324255 0.12541404366493 0.015417884103954
103 0.14413587749004 0.12798346579075 0.016152411699295
104 0.14821836352348 0.13058762252331 0.017630748450756
105 0.15247868001461 0.13322664797306 0.019252024590969
106 0.15736445784569 0.13590095937252 0.021463505923748
107 0.16291800141335 0.13861118257046 0.024306822568178
108 0.16936931014061 0.14135806262493 0.028011258691549
109 0.1771783977747 0.14414249360561 0.033035904169083
110 0.18688327074051 0.14696565270424 0.039917625486851
111 0.20284299552441 0.14982895553112 0.053014028817415
112 0.21476237475872 0.15273439884186 0.062027972191572
113 0.23839136958122 0.15568478405476 0.082706578075886
114 0.27605390548706 0.15868452191353 0.11736939102411
115 0.34627053141594 0.16174115240574 0.18452939391136
116 0.48387309908867 0.16486883163452 0.31900426745415
117 0.86139154434204 0.16809655725956 0.69329500198364
118 2.3830461502075 0.17148423194885 2.2115619182587
119 5.537682056427 0.17511600255966 5.3625659942627
120 1.3445014953613 0.17879177629948 1.1657096147537
121 0.63932013511658 0.18174736201763 0.45757278800011
122 0.42291867733002 0.18462359905243 0.23829509317875
123 0.33445656299591 0.18774288892746 0.14671367406845
124 0.30220952630043 0.19104139506817 0.1111681163311
125 0.26968201994896 0.19445940852165 0.075222611427307
126 0.25495281815529 0.19796793162823 0.056984875351191
127 0.24683740735054 0.20155602693558 0.045281376689672
128 0.2433186173439 0.20521846413612 0.03810016065836
129 0.24079810082912 0.20895430445671 0.031843792647123
130 0.24028137326241 0.21276420354843 0.027517164126039
131 0.24144588410854 0.21665132045746 0.024794572964311
132 0.24249570071697 0.22061829268932 0.021877398714423
133 0.24462743103504 0.22466899454594 0.019958447664976
134 0.24706098437309 0.22880785167217 0.018253123387694
135 0.25000315904617 0.23304000496864 0.016963163390756
136 0.25338241457939 0.23737119138241 0.016011223196983
137 0.25816464424133 0.24180786311626 0.016356790438294
138 0.26052150130272 0.24635724723339 0.014164258725941
139 0.26458504796028 0.25102746486664 0.013557576574385
140 0.26895123720169 0.25582760572433 0.013123625889421
141 0.27385869622231 0.26076790690422 0.013090784661472
142 0.28596049547195 0.26585984230042 0.020100645720959
143 0.28394618630409 0.27111640572548 0.012829774059355
144 0.28849360346794 0.27655214071274 0.011941488832235
145 0.29951456189156 0.28218397498131 0.017330585047603
146 0.29919415712357 0.28803077340126 0.011163395829499
147 0.30502554774284 0.29411414265633 0.010911403223872
148 0.31137734651566 0.30045890808105 0.010918435640633
149 0.31878033280373 0.30709359049797 0.01168674044311
150 0.32490959763527 0.31404280662537 0.010866807773709
151 0.33249062299728 0.3213617503643 0.011128883808851
152 0.33944225311279 0.32908609509468 0.010356138460338
153 0.34762042760849 0.33726781606674 0.010352618992329
154 0.36140641570091 0.34596794843674 0.015438458882272
155 0.36534997820854 0.35525864362717 0.010091315954924
156 0.37544763088226 0.3652255833149 0.010222049430013
157 0.38577660918236 0.375971108675 9.8054828122258E-03
158 0.39733865857124 0.38761836290359 9.7202872857451E-03
159 0.41000998020172 0.40031638741493 9.6935983747244E-03
160 0.42390871047974 0.41424691677094 9.6618020907044E-03
161 0.43928146362305 0.42963343858719 9.6480315551162E-03
162 0.45645812153816 0.44675299525261 9.7051383927464E-03
163 0.47573310136795 0.46595221757889 9.780865162611E-03
164 0.49800431728363 0.48768532276154 0.010318982414901
165 0.53390216827393 0.51248091459274 0.021421240642667
166 0.55343121290207 0.54107946157455 0.012351743876934
167 0.58478653430939 0.57443159818649 0.010354932397604
168 0.6236377954483 0.61380255222321 9.8352506756783E-03
169 0.67063063383102 0.660904109478 9.7265467047691E-03
170 0.72783088684082 0.71809679269791 9.7341034561396E-03
171 0.7985360622406 0.78870332241058 9.8327305167913E-03
172 0.88736057281494 0.87751364707947 9.8469741642475E-03
173 1.0017206668854 0.99162214994431 0.010098541155457
174 1.1521300077438 1.1418688297272 0.010261075571179
175 1.3573710918427 1.3454239368439 0.011947102844715
176 1.6421355009079 1.6306473016739 0.011488155461848
177 2.0571310520172 2.0467207431793 0.010410289280117
178 2.6939206123352 2.6838660240173 0.010054729878902
179 3.7282683849335 3.7182414531708 0.010027043521404
180 5.5263810157776 5.5151352882385 0.0112459436059
181 8.8593864440918 8.8493022918701 0.010083744302392
182 15.103180885315 15.092968940735 0.010211781598628
183 23.868265151978 23.857648849487 0.010616292245686
184 20.9563331604 20.942070007324 0.014263335615396
185 12.761673927307 12.747932434082 0.013741562142968
186 7.7809119224548 7.7703094482422 0.010602723807096
187 5.1140265464783 5.1034784317017 0.010548246093094
188 3.6270127296448 3.6166841983795 0.010328580625355
189 2.7410364151001 2.7306504249573 0.010385979898274
190 2.179450750351 2.1690089702606 0.010441796854138
191 1.8049451112747 1.7943985462189 0.010546530596912
192 1.5452561378479 1.5345168113708 0.010739343240857
193 1.361234664917 1.3494089841843 0.011825693771243
194 1.2252562046051 1.2137002944946 0.01155580766499
195 1.1192495822906 1.1038715839386 0.015377985313535
196 1.0315195322037 1.0187165737152 0.01280299667269
197 0.9645089507103 0.95318692922592 0.011322037316859
198 0.91324955224991 0.90218216180801 0.011067349463701
199 0.87412989139557 0.86250078678131 0.011629150249064
200 0.84440350532532 0.83253765106201 0.01186584122479
201 0.82665413618088 0.8125274181366 0.014126709662378
202 0.81718593835831 0.80561912059784 0.011566764675081
203 0.82539433240891 0.81397062540054 0.011423652991652
204 0.80542957782745 0.79423046112061 0.011199150234461
205 0.76792132854462 0.75659072399139 0.011330598965287
206 0.74592542648315 0.73263072967529 0.013294656760991
207 0.72940337657928 0.71761286258698 0.01179052144289
208 0.72037357091904 0.70743530988693 0.01293823774904
209 0.71521258354187 0.7002072930336 0.01500532310456
210 0.70717585086823 0.694764316082 0.012411558069289
211 0.70540499687195 0.69085222482681 0.014552774839103
212 0.70000052452087 0.68814498186111 0.01185552123934
213 0.69833678007126 0.6864121556282 0.011924612335861
214 0.69792169332504 0.68549507856369 0.012426603585482
215 0.71846878528595 0.68527805805206 0.033190775662661
216 0.69794541597366 0.68567115068436 0.01227427367121
217 0.69871342182159 0.68660235404968 0.012111066840589
218 0.70029425621033 0.68801218271255 0.012282054871321
219 0.70200634002686 0.68985122442245 0.012155130505562
220 0.70428830385208 0.69207751750946 0.012210794724524
221 0.70698273181915 0.69465535879135 0.012327367439866
222 0.71003288030624 0.69756770133972 0.012465158477426
223 0.71344166994095 0.70076072216034 0.012680954299867
224 0.71680569648743 0.70375394821167 0.013051744550467
225 0.72159165143967 0.70750832557678 0.014083312824368
226 0.73599326610565 0.71149188280106 0.024501368403435
227 0.73021125793457 0.71569055318832 0.014520742930472
228 0.73381787538528 0.72009271383286 0.013725148513913
229 0.73899388313293 0.72469043731689 0.014303421601653
230 0.74456828832626 0.72948276996613 0.015085503458977
231 0.75780129432678 0.73448985815048 0.023311417549849
232 0.75665128231049 0.7398020029068 0.016849279403687
233 0.7653397321701 0.74536263942719 0.019977128133178
234 0.79852169752121 0.75045359134674 0.048068109899759
235 0.77836805582047 0.75578373670578 0.022584307938814
236 0.78305274248123 0.76137655973434 0.021676195785403
237 0.8092166185379 0.76714110374451 0.042075507342815
238 0.79089868068695 0.77304774522781 0.017850963398814
239 0.8329598903656 0.7790841460228 0.053875736892223
240 0.80131757259369 0.78524351119995 0.016074046492577
241 0.80769443511963 0.79152208566666 0.016172321513295
242 0.82350611686707 0.79791629314423 0.025589779019356
243 0.82860893011093 0.80442363023758 0.024185284972191
244 0.83210670948029 0.81104207038879 0.021064665168524
245 0.83351099491119 0.8177695274353 0.01574144884944
246 0.83986055850983 0.82460480928421 0.015255785547197
247 0.8483954668045 0.83154666423798 0.016848793253303
248 0.87486034631729 0.83859431743622 0.036266051232815
249 0.867635846138 0.84574693441391 0.021888894960284
250 0.87897729873657 0.85300421714783 0.025973094627261
251 0.88089025020599 0.86036574840546 0.02052447758615
252 0.88390922546387 0.8678315281868 0.016077686101198
253 0.89090067148209 0.87540173530579 0.015498954802752
254 0.89833152294159 0.883076608181 0.015254960395396
255 0.9060742855072 0.8908566236496 0.015217679552734
256 0.91404688358307 0.89874243736267 0.015304429456592
257 0.9226166009903 0.90673500299454 0.015881605446339
258 0.9350762963295 0.91483521461487 0.020241102203727
259 0.94872534275055 0.9230443239212 0.025680981576443
260 0.94767159223557 0.93136376142502 0.016307853162289
261 0.95598661899567 0.93979507684708 0.016191525384784
262 0.96532320976257 0.94833886623383 0.016984347254038
263 0.98188716173172 0.95699954032898 0.024887569248676
264 0.98661643266678 0.96580809354782 0.020808320492506
265 0.99887907505035 0.97470718622208 0.024171881377697
266 1.0007816553116 0.98372930288315 0.0170524045825
267 1.0176539421082 0.99287736415863 0.024776626378298
268 1.0195808410645 1.002156496048 0.017424257472157
269 1.0282403230667 1.0115666389465 0.016673700883985
270 1.0377844572067 1.0211135149002 0.016670886427164
271 1.0485051870346 1.0308022499084 0.017703022807837
272 1.0590127706528 1.0406404733658 0.018372258171439
273 1.1183578968048 1.0506399869919 0.067717991769314
274 1.0819667577744 1.0607658624649 0.021200919523835
275 1.0921376943588 1.0710552930832 0.021082310006022
276 1.1030048131943 1.081520318985 0.021484479308128
277 1.1223604679108 1.0921623706818 0.03019817173481
278 1.1213433742523 1.1029878854752 0.018355494365096
279 1.1330186128616 1.1140053272247 0.01901326328516
280 1.143572807312 1.1252241134644 0.018348665907979
281 1.1574209928513 1.1366547346115 0.02076630666852
282 1.1663275957108 1.1483056545258 0.01802191324532
283 1.1815811395645 1.1601958274841 0.021385379135609
284 1.1909037828445 1.1723363399506 0.018567366525531
285 1.2048327922821 1.1847434043884 0.020089339464903
286 1.2650142908096 1.1974395513535 0.067574813961983
287 1.2341220378876 1.210435628891 0.023686395958066
288 1.2451516389847 1.2237589359283 0.021392690017819
289 1.3374758958817 1.2374351024628 0.10004077106714
290 1.2714636325836 1.2514933347702 0.019970221444964
291 1.292130947113 1.2659676074982 0.026163298636675
292 1.3006327152252 1.280897974968 0.019734801724553
293 1.3286638259888 1.2963351011276 0.032328758388758
294 1.3327299356461 1.3123790025711 0.020350906997919
295 1.3487230539322 1.3290448188782 0.019678192213178
296 1.3660343885422 1.3461760282516 0.019858364015818
297 1.3856925964355 1.3641269207001 0.021565737202764
298 1.4092817306519 1.3829749822617 0.026306657120585
299 1.4293164014816 1.4027817249298 0.026534711942077
300 1.4483803510666 1.4236258268356 0.024754570797086
301 1.4776837825775 1.4457504749298 0.031933270394802
302 1.5012748241425 1.4694564342499 0.031818423420191
303 1.5356155633926 1.4947366714478 0.040878817439079
304 1.5437890291214 1.5220068693161 0.021782102063298
305 1.5723354816437 1.5516390800476 0.020696440711617
306 1.6041359901428 1.5841040611267 0.020032031461596
307 1.6401280164719 1.6200040578842 0.020123852416873
308 1.680393576622 1.6601202487946 0.020273312926292
309 1.7262054681778 1.7054797410965 0.020725760608912
310 1.7883640527725 1.7574558258057 0.030908217653632
311 1.8388961553574 1.817918419838 0.020977675914764
312 1.910321354866 1.8894673585892 0.020854050293565
313 1.9970197677612 1.9758034944534 0.02121633477509
314 2.1042194366455 2.0823440551758 0.02187548391521
315 2.2416656017303 2.2172780036926 0.024387529119849
316 2.4305157661438 2.3934924602509 0.037023164331913
317 2.6617207527161 2.6322591304779 0.029461767524481
318 2.9937281608582 2.9709820747375 0.02274621091783
319 3.504213809967 3.4805743694305 0.023639583960176
320 4.3297019004822 4.3020906448364 0.027611287310719
321 5.6615271568298 5.6384882926941 0.023038925603032
322 7.5987377166748 7.5764398574829 0.02229799516499
323 11.350054740906 11.32731628418 0.022738721221685
324 18.880317687988 18.856761932373 0.023555664345622
325 28.72553062439 28.700428009033 0.025102201849222
326 22.271173477173 22.240087509155 0.031084954738617
327 13.414461135864 13.323317527771 0.091143898665905
328 8.5312671661377 8.5037403106689 0.027526373043656
329 6.0698881149292 6.04532289505 0.024565240368247
330 4.731059551239 4.7076177597046 0.023441933095455
331 3.9485290050507 3.9242956638336 0.024233277887106
332 3.4653871059418 3.4369456768036 0.028441295027733
333 3.1718847751617 3.1196105480194 0.052274122834206
334 2.9316186904907 2.9063880443573 0.025230698287487
335 2.7879540920258 2.7606730461121 0.027281180024147
336 2.684807062149 2.6605126857758 0.024294355884194
337 2.6139130592346 2.5898151397705 0.024097871035337
338 2.5651404857635 2.541027545929 0.024112965911627
339 2.5345680713654 2.510258436203 0.02430964820087
340 2.5180957317352 2.4935164451599 0.024579228833318
341 2.5127122402191 2.4877898693085 0.024922359734774
342 2.5165140628815 2.4907336235046 0.025780415162444
343 2.535323381424 2.5018434524536 0.033479861915112
344 2.5472166538239 2.51975274086 0.027464088052511
345 2.5771734714508 2.5438392162323 0.033334154635668
346 2.6019668579102 2.5737354755402 0.028231348842382
347 2.636501789093 2.6092617511749 0.027240078896284
348 2.677663564682 2.6503968238831 0.027266712859273
349 2.7252864837646 2.6972658634186 0.028020590543747
350 2.7798426151276 2.75013256073 0.029710037633777
351 2.8435189723969 2.8094003200531 0.034118808805943
352 2.9268774986267 2.8756215572357 0.051255870610476
353 3.0032377243042 2.9495146274567 0.053723067045212
354 3.0643990039825 3.0319540500641 0.032444998621941
355 3.2194364070892 3.1241462230682 0.09529036283493
356 3.2602255344391 3.2274646759033 0.032760966569185
357 3.3807811737061 3.3436589241028 0.037122152745724
358 3.5300896167755 3.4749054908752 0.055183943361044
359 3.7227098941803 3.6239244937897 0.098785206675529
360 3.8356592655182 3.7941391468048 0.04152000695467
361 4.0303273200989 3.989893913269 0.040433533489704
362 4.2603831291199 4.2167582511902 0.043624710291624
363 4.5345106124878 4.4819555282593 0.052555043250322
364 4.8691029548645 4.794976234436 0.074126459658146
365 5.2552680969238 5.1684761047363 0.086791798472404
366 5.73725938797 5.6196012496948 0.11765799671412
367 6.4164910316467 6.1720938682556 0.24439708888531
368 7.5962495803833 6.8594102859497 0.73683929443359
369 8.476146697998 7.7299666404724 0.74617993831635
370 9.0865592956543 8.8557844161987 0.2307750582695
371 10.555143356323 10.347514152527 0.20762848854065
372 12.459962844849 12.381690979004 0.0782720297575
373 15.313174247742 15.252658843994 0.060515116900206
374 19.530361175537 19.477378845215 0.052981667220592
375 26.096801757813 26.020780563354 0.076022297143936
376 36.868968963623 36.813297271729 0.055669035762548
377 56.052181243896 55.999710083008 0.052468772977591
378 92.870407104492 92.812797546387 0.057614803314209
379 164.56632995605 164.52061462402 0.045724637806416
380 262.47253417969 262.43597412109 0.036555528640747
381 206.36175537109 206.32623291016 0.035519581288099
382 118.20334625244 118.16822052002 0.035122763365507
383 69.82487487793 69.790153503418 0.034718845039606
384 44.991687774658 44.956954956055 0.034733142703772
385 31.419342041016 31.38426399231 0.035077445209026
386 23.406911849976 23.370716094971 0.036195889115334
387 18.346893310547 18.290399551392 0.056493826210499
388 14.972667694092 14.935654640198 0.037013173103333
389 12.708814620972 12.672643661499 0.036171555519104
390 11.173624992371 11.137498855591 0.036126296967268
391 9.9284467697144 9.8911323547363 0.037313718348742
392 8.7972593307495 8.7544994354248 0.04276018217206
393 7.9413685798645 7.8887805938721 0.052587818354368
394 7.275933265686 7.236590385437 0.039342608302832
395 6.7827696800232 6.7330226898193 0.049747213721275
396 6.3780031204224 6.3343234062195 0.043679729104042
397 6.0917654037476 6.0159530639648 0.07581203430891
398 5.8010182380676 5.7580633163452 0.042954843491316
399 5.593768119812 5.5478563308716 0.04591216519475
400 5.4693460464478 5.3759937286377 0.093352548778057
401 5.3246836662292 5.2354798316956 0.089203648269176
402 5.2294759750366 5.1209797859192 0.10849602520466
403 5.0980730056763 5.0283603668213 0.069712519645691
404 5.0082297325134 4.9543833732605 0.053846515715122
405 4.947744846344 4.8964896202087 0.051255352795124
406 4.9040260314941 4.8526458740234 0.05137998983264
407 4.8761677742004 4.821231842041 0.054935969412327
408 4.8783712387085 4.8010025024414 0.077368699014187
409 4.8560252189636 4.7908496856689 0.065175548195839
410 4.8481855392456 4.7855453491211 0.062640279531479
411 4.8606019020081 4.7938289642334 0.066772915422916
412 4.883731842041 4.8103251457214 0.073406487703323
413 4.9649977684021 4.8347454071045 0.13025268912315
414 4.9988079071045 4.866934299469 0.13187336921692
415 5.0173258781433 4.9068670272827 0.11045905947685
416 5.0725998878479 4.9542875289917 0.11831237375736
417 5.1509447097778 5.0101699829102 0.14077493548393
418 5.2483839988708 5.0745153427124 0.17386867105961
419 5.3745179176331 5.1478676795959 0.22665022313595
420 5.5463061332703 5.2308835983276 0.3154225051403
421 5.8033714294434 5.3246736526489 0.47869816422462
422 6.2461109161377 5.4303932189941 0.81571763753891
423 7.2741513252258 5.5496363639832 1.7245154380798
424 10.886257171631 5.6844992637634 5.2017579078674
425 18.825878143311 5.8373513221741 12.988526344299
426 8.9550666809082 6.0113959312439 2.9436709880829
427 7.4225606918335 6.2114911079407 1.2110694646835
428 7.0878357887268 6.4435219764709 0.64431363344193
429 7.1443338394165 6.715696811676 0.4286367893219
430 7.3351545333862 7.0397181510925 0.29543653130531
431 7.649646282196 7.4328889846802 0.21675750613213
432 8.0897903442383 7.9222531318665 0.16753666102886
433 8.69127368927 8.5528516769409 0.13842134177685
434 9.5258378982544 9.4073152542114 0.11852208524942
435 10.761155128479 10.656863212585 0.10429130494595
436 12.808663368225 12.713780403137 0.094882674515247
437 16.667797088623 16.569416046143 0.098380111157894
438 23.238513946533 23.151025772095 0.087487772107124
439 33.810264587402 33.732696533203 0.077569045126438
440 29.071216583252 28.997117996216 0.074099361896515
441 25.32660484314 25.22416305542 0.10244213789701
442 27.817844390869 27.705049514771 0.11279497295618
443 35.169414520264 35.103660583496 0.065750479698181
444 44.320510864258 44.260314941406 0.060194790363312
445 63.983497619629 63.918064117432 0.065430887043476
446 105.91384887695 105.83771514893 0.076130695641041
447 191.52801513672 191.46740722656 0.060608699917793
448 288.7424621582 288.68258666992 0.059859413653612
449 193.36698913574 193.23893737793 0.12805433571339
450 107.38468170166 107.32887268066 0.055810160934925
451 64.548461914062 64.491943359375 0.056522868573666
452 43.14831161499 43.08345413208 0.06485553830862
453 31.496208190918 31.439535140991 0.056672129780054
454 24.623010635376 24.569610595703 0.053400047123432
455 20.297012329102 20.24280166626 0.054211642593145
456 17.429822921753 17.377847671509 0.051973976194859
457 15.476432800293 15.408839225769 0.067593574523926
458 14.075055122375 14.019636154175 0.055419269949198
459 13.075530052185 13.0240650177 0.051465138792992
460 12.362884521484 12.310338020325 0.052546571940184
461 11.860243797302 11.803230285645 0.057013064622879
462 11.529123306274 11.460388183594 0.068735219538212
463 11.362087249756 11.251430511475 0.11065702885389
464 11.242962837219 11.158048629761 0.08491413295269
465 11.251236915588 11.192892074585 0.058345280587673
466 11.448174476624 11.383708000183 0.064466297626495
467 11.880409240723 11.798968315125 0.081441126763821
468 12.704908370972 12.609001159668 0.095906510949135
469 14.370636940002 14.25399017334 0.11664628982544
470 17.793664932251 17.715604782104 0.078060030937195
471 22.15079498291 21.785900115967 0.36489561200142
472 21.298336029053 21.228046417236 0.070289708673954
473 25.401937484741 25.242042541504 0.15989477932453
474 37.273807525635 37.205364227295 0.068440973758698
475 42.761028289795 42.68932723999 0.071699902415276
476 28.469732284546 28.129165649414 0.34056550264359
477 19.971240997314 19.879867553711 0.091372668743134
478 16.306274414062 16.221773147583 0.084502004086971
479 14.607786178589 14.513087272644 0.094698905944824
480 13.838125228882 13.679103851318 0.15902145206928
481 13.493701934814 13.290693283081 0.20300869643688
482 13.328795433044 13.163805961609 0.16498890519142
483 13.419368743896 13.219972610474 0.19939659535885
484 13.737265586853 13.444498062134 0.29276740550995
485 14.395606994629 13.87197303772 0.52363431453705
486 15.897142410278 14.646887779236 1.250254034996
487 21.532810211182 16.111236572266 5.421573638916
488 20.835676193237 18.531089782715 2.3045871257782
489 19.561670303345 18.777439117432 0.78423154354095
490 17.291034698486 16.901346206665 0.38968858122826
491 16.20516204834 15.963425636292 0.24173630774021
492 15.862756729126 15.689909934998 0.17284701764584
493 15.868486404419 15.735103607178 0.1333821117878
494 16.054819107056 15.943650245667 0.11116939038038
495 16.347980499268 16.248746871948 0.099233016371727
496 16.743644714355 16.620105743408 0.12353830784559
497 17.181900024414 17.0435962677 0.13830465078354
498 17.597732543945 17.513311386108 0.084421463310719
499 18.122623443604 18.026996612549 0.095625475049019
500 18.662858963013 18.589815139771 0.073042392730713
501 19.289875030518 19.218832015991 0.071043536067009
502 20.044919967651 19.970838546753 0.074082471430302
503 21.089929580688 21.02187538147 0.068052895367146
504 21.911184310913 21.849380493164 0.061802729964256
505 22.282764434814 22.219425201416 0.063338108360767
506 22.847906112671 22.787679672241 0.060226384550333
507 23.625173568726 23.557558059692 0.067615129053593
508 24.54398727417 24.430397033691 0.11358850449324
509 25.451410293579 25.367099761963 0.08431002497673
510 26.438243865967 26.380489349365 0.057756081223488
511 27.526466369629 27.471101760864 0.05536375194788
512 28.699430465698 28.644790649414 0.054640650749207
513 29.95569229126 29.901494979858 0.054198250174522
514 31.307092666626 31.252016067505 0.055075611919165
515 32.83366394043 32.704944610596 0.12872087955475
516 34.327392578125 34.270660400391 0.056732445955276
517 36.026386260986 35.95613861084 0.070248208940029
518 37.841697692871 37.780487060547 0.061209205538034
519 39.825912475586 39.764022827148 0.061889089643955
520 42.106071472168 41.930881500244 0.17518930137157
521 44.293586730957 44.223846435547 0.069739557802677
522 46.927742004395 46.725547790527 0.20219387114048
523 49.583629608154 49.471118927002 0.11250987648964
524 52.546161651611 52.480613708496 0.065546117722988
525 55.843376159668 55.785350799561 0.058023247867823
526 59.473426818848 59.41584777832 0.057578448206186
527 63.487804412842 63.42223739624 0.065567225217819
528 67.916648864746 67.85758972168 0.059057638049126
529 72.841979980469 72.783584594727 0.05839654058218
530 78.333068847656 78.274826049805 0.058235958218575
531 84.488304138184 84.422973632813 0.065325208008289
532 91.379661560059 91.325546264648 0.054113291203976
533 99.162391662598 99.107109069824 0.055282492190599
534 108.54692840576 108.47720336914 0.069731146097183
535 118.70420837402 118.64452362061 0.059683982282877
536 130.3865814209 130.32641601563 0.060165099799633
537 143.89813232422 143.84202575684 0.056093793362379
538 159.56301879883 159.50637817383 0.056654620915651
539 177.93336486816 177.8621673584 0.071195259690285
540 199.68116760254 199.61810302734 0.063076436519623
541 225.70539855957 225.64738464355 0.058015525341034
542 257.20599365234 257.15002441406 0.055949445813894
543 295.86526489258 295.80807495117 0.057183127850294
544 344.11019897461 344.05014038086 0.060065478086472
545 405.60983276367 405.50164794922 0.10817494988441
546 485.62789916992 485.57055664063 0.057336002588272
547 590.68334960937 590.62683105469 0.056529670953751
548 725.26690673828 725.20935058594 0.057556115090847
549 892.97875976563 892.89666748047 0.082105547189713
550 1.1374714355469E+03 1.1374069824219E+03 0.064558580517769
551 1.5062669677734E+03 1.5058513183594E+03 0.41557046771049
552 2.0810458984375E+03 2.0809736328125E+03 0.072171181440353
553 3.0249077148438E+03 3.0248395996094E+03 0.068031348288059
554 4.6782607421875E+03 4.678201171875E+03 0.059426415711641
555 7.7015249023438E+03 7.701466796875E+03 0.058257628232241
556 1.2856850585938E+04 1.285679296875E+04 0.05786132439971
557 1.726034375E+04 1.7260283203125E+04 0.061223905533552
558 1.2180369140625E+04 1.2180307617188E+04 0.061547104269266
559 7.3116455078125E+03 7.3115815429688E+03 0.063939772546291
560 4.5019604492187E+03 4.5018935546875E+03 0.067079678177834
561 2.9521010742188E+03 2.9520415039062E+03 0.05959291011095
562 2.0550815429687E+03 2.0550224609375E+03 0.059007745236158
563 1.5028482666016E+03 1.5027872314453E+03 0.060991823673248
564 1.1431927490234E+03 1.1431292724609E+03 0.063390582799911
565 897.5556640625 897.48376464844 0.071891032159328
566 723.08728027344 722.94958496094 0.13768655061722
567 594.9599609375 594.79956054687 0.16040572524071
568 498.15567016602 498.08001708984 0.075662240386009
569 423.43298339844 423.36166381836 0.071294844150543
570 364.6364440918 364.47924804687 0.15717667341232
571 318.24099731445 317.27282714844 0.96815037727356
572 278.92959594727 278.85751342773 0.072082571685314
573 247.29243469238 247.18394470215 0.10849894583225
574 220.66857910156 220.59732055664 0.071270801126957
575 198.41606140137 198.34497070313 0.071101762354374
576 179.50036621094 179.41983032227 0.080535173416138
577 163.27735900879 163.19137573242 0.085976995527744
578 149.24540710449 149.17031860352 0.07508085668087
579 137.03804016113 136.97109985352 0.066942781209946
580 126.35816955566 126.29404449463 0.06412835419178
581 116.96417999268 116.89653778076 0.067636519670486
582 108.70235443115 108.55762481689 0.14472453296185
583 101.24673461914 101.16776275635 0.078974388539791
584 94.63599395752 94.56950378418 0.066485092043877
585 88.717124938965 88.654197692871 0.06293011456728
586 83.393104553223 83.331329345703 0.061777133494616
587 78.587104797363 78.524978637695 0.06212617084384
588 74.233795166016 74.171203613281 0.062596797943115
589 70.283210754395 70.215782165527 0.067429333925247
590 66.683570861816 66.612586975098 0.070985905826092
591 63.470840454102 63.322273254395 0.14856907725334
592 60.383769989014 60.311347961426 0.072423011064529
593 57.631191253662 57.551818847656 0.079372987151146
594 55.08996963501 55.020977020264 0.068992041051388
595 52.86828994751 52.689254760742 0.17903673648834
596 50.584983825684 50.517772674561 0.067210473120213
597 48.589557647705 48.524417877197 0.065138570964336
598 46.751789093018 46.687034606934 0.064757831394672
599 45.05740737915 44.991291046143 0.066114492714405
600 43.496032714844 43.426036834717 0.069997861981392
