1 3.8103824481368E-03 3.6195028769725E-06 3.8067628629506E-03
2 4.0935929864645E-03 1.4548280887539E-05 4.0790447965264E-03
3 4.1923704557121E-03 3.3027565223165E-05 4.1593429632485E-03
4 4.2770248837769E-03 5.9590071032289E-05 4.2174346745014E-03
5 4.372376948595E-03 9.5194503956009E-05 4.277182277292E-03
6 4.4843209907413E-03 1.3944444071967E-04 4.3448763899505E-03
7 4.6141687780619E-03 1.9116731709801E-04 4.423001781106E-03
8 4.7667836770415E-03 2.5369063951075E-04 4.5130932703614E-03
9 4.9488167278469E-03 3.2932293834165E-04 4.6194940805435E-03
10 5.1604132167995E-03 4.2076298268512E-04 4.7396500594914E-03
11 5.4214517585933E-03 5.3213740466163E-04 4.8893145285547E-03
12 5.678026471287E-03 6.7026488250121E-04 5.0077619962394E-03
13 6.0135521925986E-03 8.4490043809637E-04 5.1686521619558E-03
14 6.4189247786999E-03 1.0708671761677E-03 5.3480579517782E-03
15 6.9344523362815E-03 1.3756101252511E-03 5.5588418617845E-03
16 7.583110127598E-03 1.812424743548E-03 5.7706851512194E-03
17 8.4807146340609E-03 2.4798051454127E-03 6.0009090229869E-03
18 9.8470468074083E-03 3.5810112021863E-03 6.2660351395607E-03
19 0.012122847139835 5.5693523027003E-03 6.5534953027964E-03
20 0.01637433283031 9.5060067251325E-03 6.8683256395161E-03
21 0.024789100512862 0.017575331032276 7.2137699462473E-03
22 0.037339124828577 0.029746187850833 7.5929365120828E-03
23 0.034723989665508 0.026712574064732 8.0114156007767E-03
24 0.025801502168179 0.017326800152659 8.4747020155191E-03
25 0.02061996050179 0.011644468642771 8.9754918590188E-03
26 0.018138932064176 8.618020452559E-03 9.5209116116166E-03
27 0.017079511657357 6.9540892727673E-03 0.010125421918929
28 0.016795687377453 5.9958598576486E-03 0.010799827985466
29 0.017089366912842 5.4287086240947E-03 0.011660658754408
30 0.017708357423544 5.0940788350999E-03 0.012614278122783
31 0.018208662047982 4.906706046313E-03 0.01330195646733
32 0.019127303734422 4.8178592696786E-03 0.014309443533421
33 0.020256476476789 4.7981645911932E-03 0.015458310954273
34 0.021507347002625 4.8290910199285E-03 0.016678255051374
35 0.023038925603032 4.8984847962856E-03 0.018140440806746
36 0.024392068386078 4.9985009245574E-03 0.019393566995859
37 0.026106465607882 5.1226136274636E-03 0.020983852446079
38 0.028084427118301 5.2674557082355E-03 0.022816970944405
39 0.030648043379188 5.4293116554618E-03 0.025218730792403
40 0.033927544951439 5.6063230149448E-03 0.028321223333478
41 0.037501640617847 5.7966862805188E-03 0.03170495480299
42 0.043205618858337 5.9991395100951E-03 0.03720647841692
43 0.048489775508642 6.2126619741321E-03 0.042277112603188
44 0.055191930383444 6.4362860284746E-03 0.048755642026663
45 0.063012950122356 6.6696908324957E-03 0.056343261152506
46 0.072805888950825 6.9121979176998E-03 0.065893694758415
47 0.085309140384197 7.1633877232671E-03 0.078145757317543
48 0.10178922116756 7.4229193851352E-03 0.094366297125816
49 0.12437583506107 7.6905125752091E-03 0.11668532341719
50 0.15756890177727 7.9659391194582E-03 0.14960296452045
51 0.21474871039391 8.2490118220448E-03 0.20649971067905
52 0.3418436050415 8.5395788773894E-03 0.33330404758453
53 0.68181419372559 8.8375192135572E-03 0.67297667264938
54 1.6179865598679 9.142741560936E-03 1.6088439226151
55 3.8294806480408 9.4551807269454E-03 3.8200254440308
56 8.8687982559204 9.7748022526503E-03 8.8590240478516
57 18.414804458618 0.010101607069373 18.404703140259
58 18.524322509766 0.010435695759952 18.513885498047
59 22.717353820801 0.010777097195387 22.706577301025
60 23.622049331665 0.01112608704716 23.61092376709
61 24.286516189575 0.01148309931159 24.275032043457
62 21.617986679077 0.011849039234221 21.60613822937
63 24.096548080444 0.012225346639752 24.084323883057
64 6.9890007972717 0.012615446932614 6.9763851165771
65 2.8783988952637 0.013026637025177 2.8653721809387
66 1.1743438243866 0.013474326580763 1.1608694791794
67 0.53455436229706 0.013973528519273 0.52058082818985
68 0.30353662371635 0.014434708282351 0.2891018986702
69 0.20966702699661 0.014745357446373 0.19492165744305
70 0.16163656115532 0.015071752481163 0.14656479656696
71 0.13193647563457 0.015443545766175 0.11649292707443
72 0.11126908659935 0.015844045206904 0.0954250395298
73 0.096170254051685 0.016262240707874 0.079908013343811
74 0.084798730909824 0.016693038865924 0.068105690181255
75 0.076077930629253 0.01713364943862 0.058944281190634
76 0.069328770041466 0.01758280582726 0.051745962351561
77 0.063814327120781 0.018040098249912 0.045774225145578
78 0.05909039452672 0.018504986539483 0.040585409849882
79 0.055686701089144 0.018977254629135 0.036709446460009
80 0.052395116537809 0.019456773996353 0.032938342541456
81 0.049974869936705 0.019943477585912 0.030031390488148
82 0.047954104840755 0.020437326282263 0.027516776695848
83 0.046314895153046 0.020938314497471 0.025376580655575
84 0.044980183243752 0.021446444094181 0.023533741012216
85 0.043904885649681 0.02196173556149 0.021943150088191
86 0.042805001139641 0.022484222427011 0.020320780575275
87 0.042168341577053 0.023013941943645 0.019154399633408
88 0.041695427149534 0.023550951853395 0.01814447529614
89 0.041373617947102 0.024095309898257 0.017278309911489
90 0.041189514100552 0.024647109210491 0.01654240489006
91 0.041138928383589 0.025206482037902 0.015932446345687
92 0.041210364550352 0.025773640722036 0.015436724759638
93 0.041474394500256 0.026349002495408 0.015125392004848
94 0.041986275464296 0.026933532208204 0.015052745118737
95 0.042158257216215 0.027529858052731 0.014628400094807
96 0.043590921908617 0.028143836185336 0.015447084791958
97 0.043298821896315 0.028758965432644 0.014539855532348
98 0.043928764760494 0.029349034652114 0.014579731039703
99 0.044834855943918 0.029958132654428 0.014876725152135
100 0.045978169888258 0.030588816851377 0.015389352105558
101 0.04556954279542 0.03122341260314 0.014346129260957
102 0.047285251319408 0.031867366284132 0.015417884103954
103 0.048672661185265 0.03252024948597 0.016152411699295
104 0.05081270635128 0.033181957900524 0.017630748450756
105 0.053104553371668 0.033852528780699 0.019252024590969
106 0.05599556863308 0.034532062709332 0.021463505923748
107 0.059527546167374 0.035220723599195 0.024306822568178
108 0.063929952681065 0.035918697714806 0.028011258691549
109 0.069662123918533 0.03662621602416 0.033035904169083
110 0.077261194586754 0.037343569099903 0.039917625486851
111 0.091085158288479 0.038071129471064 0.053014028817415
112 0.1008373722434 0.038809396326542 0.062027972191572
113 0.12226565927267 0.039559081196785 0.082706578075886
114 0.15769070386887 0.040321305394173 0.11736939102411
115 0.22562737762928 0.041097983717918 0.18452939391136
116 0.36089697480202 0.041892722249031 0.31900426745415
117 0.73600786924362 0.04271287843585 0.69329500198364
118 2.2551355361938 0.043573677539825 2.2115619182587
119 5.4070625305176 0.04449649900198 5.3625659942627
120 1.2111401557922 0.04543050006032 1.1657096147537
121 0.50375425815582 0.046181511133909 0.45757278800011
122 0.28520745038986 0.046912353485823 0.23829509317875
123 0.19441862404346 0.047704953700304 0.14671367406845
124 0.15971121191978 0.048543099313974 0.1111681163311
125 0.12463422119617 0.049411606043577 0.075222611427307
126 0.10728798806667 0.050303112715483 0.056984875351191
127 0.09649620950222 0.051214836537838 0.045281376689672
128 0.090245611965656 0.052145451307297 0.03810016065836
129 0.084938511252403 0.05309471860528 0.031843792647123
130 0.081579968333244 0.054062802344561 0.027517164126039
131 0.079845085740089 0.055050510913134 0.024794572964311
132 0.07793590426445 0.056058507412672 0.021877398714423
133 0.077046222984791 0.057087779045105 0.019958447664976
134 0.076392576098442 0.058139454573393 0.018253123387694
135 0.07617799192667 0.05921483039856 0.016963163390756
136 0.076326593756676 0.060315370559692 0.016011223196983
137 0.077799506485462 0.061442717909813 0.016356790438294
138 0.076762966811657 0.062598705291748 0.014164258725941
139 0.077342972159386 0.063785396516323 0.013557576574385
140 0.078128725290298 0.065005101263523 0.013123625889421
141 0.079351201653481 0.066260412335396 0.013090784661472
142 0.087654910981655 0.067554265260696 0.020100645720959
143 0.081719718873501 0.068889945745468 0.012829774059355
144 0.082212634384632 0.070271141827106 0.011941488832235
145 0.089032769203186 0.071702182292938 0.017330585047603
146 0.084351226687431 0.073187835514545 0.011163395829499
147 0.085645005106926 0.074733600020409 0.010911403223872
148 0.087264224886894 0.076345786452293 0.010918435640633
149 0.089718379080296 0.078031644225121 0.01168674044311
150 0.090664230287075 0.07979741692543 0.010866807773709
151 0.092786028981209 0.081657148897648 0.011128883808851
152 0.093976020812988 0.083619885146618 0.010356138460338
153 0.096051454544067 0.085698835551739 0.010352618992329
154 0.10334797203541 0.087909512221813 0.015438458882272
155 0.1003615707159 0.090270258486271 0.010091315954924
156 0.10302487015724 0.092802822589874 0.010222049430013
157 0.10533871501684 0.095533236861229 9.8054828122258E-03
158 0.10821305960417 0.0984927713871 9.7202872857451E-03
159 0.11141289770603 0.10171929746866 9.6935983747244E-03
160 0.11492081731558 0.1052590161562 9.6618020907044E-03
161 0.11881671845913 0.10916868597269 9.6480315551162E-03
162 0.1232238560915 0.11351871490479 9.7051383927464E-03
163 0.12817806005478 0.11839719116688 9.780865162611E-03
164 0.13423849642277 0.12391951680183 0.010318982414901
165 0.15164124965668 0.13021999597549 0.021421240642667
166 0.14983856678009 0.13748683035374 0.012351743876934
167 0.1563164293766 0.14596150815487 0.010354932397604
168 0.16580079495907 0.15596555173397 9.8352506756783E-03
169 0.17766048014164 0.16793392598629 9.7265467047691E-03
170 0.19220054149628 0.1824664324522 9.7341034561396E-03
171 0.21024009585381 0.20040735602379 9.8327305167913E-03
172 0.23282079398632 0.22297382354736 9.8469741642475E-03
173 0.26206701993942 0.25196850299835 0.010098541155457
174 0.30040684342384 0.29014578461647 0.010261075571179
175 0.35381564497948 0.34186854958534 0.011947102844715
176 0.42583119869232 0.41434302926064 0.011488155461848
177 0.5304764509201 0.52006620168686 0.010410289280117
178 0.69201773405075 0.68196302652359 0.010054729878902
179 0.95482206344604 0.94479501247406 0.010027043521404
180 1.4126267433167 1.401380777359 0.0112459436059
181 2.2586672306061 2.2485835552216 0.010083744302392
182 3.8452939987183 3.8350822925568 0.010211781598628
183 6.0727796554565 6.0621633529663 0.010616292245686
184 5.3355865478516 5.3213229179382 0.014263335615396
185 3.2529563903809 3.2392148971558 0.013741562142968
186 1.9850171804428 1.9744144678116 0.010602723807096
187 1.3073282241821 1.2967798709869 0.010548246093094
188 0.92931813001633 0.91898959875107 0.010328580625355
189 0.70423686504364 0.69385087490082 0.010385979898274
190 0.5615810751915 0.55113923549652 0.010441796854138
191 0.46649831533432 0.4559517800808 0.010546530596912
192 0.40065586566925 0.3899165391922 0.010739343240857
193 0.35470682382584 0.34288114309311 0.011825693771243
194 0.31995376944542 0.30839794874191 0.01155580766499
195 0.2958687543869 0.28049075603485 0.015377985313535
196 0.2716560959816 0.25885310769081 0.01280299667269
197 0.25352424383163 0.24220219254494 0.011322037316859
198 0.24030938744545 0.22924202680588 0.011067349463701
199 0.23078824579716 0.21915909647942 0.011629150249064
200 0.22341139614582 0.21154554188251 0.01186584122479
201 0.22058771550655 0.20646099746227 0.014126709662378
202 0.21627239882946 0.20470562577248 0.011566764675081
203 0.21825137734413 0.20682772994041 0.011423652991652
204 0.21301093697548 0.20181179046631 0.011199150234461
205 0.20357824862003 0.19224764406681 0.011330598965287
206 0.19945412874222 0.18615947663784 0.013294656760991
207 0.1941339969635 0.18234346807003 0.01179052144289
208 0.19269561767578 0.179757386446 0.01293823774904
209 0.19292607903481 0.17792075872421 0.01500532310456
210 0.18894927203655 0.17653770744801 0.012411558069289
211 0.19009643793106 0.17554366588593 0.014552774839103
212 0.18671128153801 0.17485576868057 0.01185552123934
213 0.18634006381035 0.17441545426846 0.011924612335861
214 0.18660904467106 0.17418242990971 0.012426603585482
215 0.2073180526495 0.17412728071213 0.033190775662661
216 0.18650144338608 0.17422717809677 0.01227427367121
217 0.18657484650612 0.17446377873421 0.012111066840589
218 0.18710407614708 0.17482201755047 0.012282054871321
219 0.18744444847107 0.17528931796551 0.012155130505562
220 0.18806581199169 0.17585501074791 0.012210794724524
221 0.18883739411831 0.17651003599167 0.012327367439866
222 0.18971522152424 0.17725005745888 0.012465158477426
223 0.19074234366417 0.17806139588356 0.012680954299867
224 0.19187371432781 0.17882196605206 0.013051744550467
225 0.19385924935341 0.17977593839169 0.014083312824368
226 0.2052895128727 0.18078814446926 0.024501368403435
227 0.19637575745583 0.1818550080061 0.014520742930472
228 0.19669875502586 0.1829736083746 0.013725148513913
229 0.19844529032707 0.18414187431335 0.014303421601653
230 0.20044508576393 0.18535958230495 0.015085503458977
231 0.20994329452515 0.18663187325001 0.023311417549849
232 0.20483095943928 0.18798168003559 0.016849279403687
233 0.2093717455864 0.18939460813999 0.019977128133178
234 0.23875632882118 0.19068820774555 0.048068109899759
235 0.21462689340115 0.19204258918762 0.022584307938814
236 0.21513989567757 0.19346369802952 0.021676195785403
237 0.23700398206711 0.19492846727371 0.042075507342815
238 0.21428027749062 0.19642931222916 0.017850963398814
239 0.25183889269829 0.19796316325665 0.053875736892223
240 0.21560227870941 0.19952823221684 0.016074046492577
241 0.21729592978954 0.20112361013889 0.016172321513295
242 0.22833813726902 0.20274835824966 0.025589779019356
243 0.22858713567257 0.20440185070038 0.024185284972191
244 0.22714823484421 0.20608358085155 0.021064665168524
245 0.22353444993496 0.20779301226139 0.01574144884944
246 0.22478561103344 0.2095298320055 0.015255785547197
247 0.22814254462719 0.21129374206066 0.016848793253303
248 0.24935057759285 0.21308453381062 0.036266051232815
249 0.23679089546204 0.21490199863911 0.021888894960284
250 0.24271914362907 0.21674604713917 0.025973094627261
251 0.23914106190205 0.21861658990383 0.02052447758615
252 0.23659132421017 0.2205136269331 0.016077686101198
253 0.23793615400791 0.22243718802929 0.015498954802752
254 0.23964230716228 0.22438734769821 0.015254960395396
255 0.24158191680908 0.22636424005032 0.015217679552734
256 0.24367243051529 0.22836801409721 0.015304429456592
257 0.24628049135208 0.23039889335632 0.015881605446339
258 0.25269824266434 0.23245713114738 0.020241102203727
259 0.26022404432297 0.23454305529594 0.025680981576443
260 0.25296485424042 0.23665699362755 0.016307853162289
261 0.2549909055233 0.23879936337471 0.016191525384784
262 0.25795465707779 0.24097031354904 0.016984347254038
263 0.26805853843689 0.24317097663879 0.024887569248676
264 0.26621752977371 0.24540920555592 0.020808320492506
265 0.2718423306942 0.24767044186592 0.024171881377697
266 0.26701533794403 0.24996294081211 0.0170524045825
267 0.27706405520439 0.25228741765022 0.024776626378298
268 0.27206948399544 0.25464522838593 0.017424257472157
269 0.27371001243591 0.25703632831573 0.016673700883985
270 0.27613306045532 0.25946217775345 0.016670886427164
271 0.27962705492973 0.26192402839661 0.017703022807837
272 0.2827961742878 0.26442393660545 0.018372258171439
273 0.33468273282051 0.26696473360062 0.067717991769314
274 0.29073864221573 0.26953771710396 0.021200919523835
275 0.29323455691338 0.27215224504471 0.021082310006022
276 0.29629585146904 0.27481138706207 0.021484479308128
277 0.30771362781525 0.2775154709816 0.03019817173481
278 0.29862171411514 0.28026622533798 0.018355494365096
279 0.30207899212837 0.28306573629379 0.01901326328516
280 0.30426505208015 0.28591638803482 0.018348665907979
281 0.30958715081215 0.28882086277008 0.02076630666852
282 0.3098032772541 0.29178136587143 0.01802191324532
283 0.31618797779083 0.29480257630348 0.021385379135609
284 0.31645485758781 0.29788747429848 0.018567366525531
285 0.32112941145897 0.30104008316994 0.020089339464903
286 0.37184092402458 0.30426612496376 0.067574813961983
287 0.33125481009483 0.30756840109825 0.023686395958066
288 0.33234649896622 0.3109538257122 0.021392690017819
289 0.41446965932846 0.31442886590958 0.10004077106714
290 0.33797127008438 0.31800106167793 0.019970221444964
291 0.34784224629402 0.32167893648148 0.026163298636675
292 0.34520748257637 0.32547268271446 0.019734801724553
293 0.36172398924828 0.32939520478249 0.032328758388758
294 0.35382282733917 0.33347192406654 0.020350906997919
295 0.35738486051559 0.3377066552639 0.019678192213178
296 0.36191800236702 0.34205964207649 0.019858364015818
297 0.36818668246269 0.34662091732025 0.021565737202764
298 0.37771683931351 0.35141018033028 0.026306657120585
299 0.38297772407532 0.35644301772118 0.026534711942077
300 0.38649401068687 0.36173942685127 0.024754570797086
301 0.39929455518723 0.36736127734184 0.031933270394802
302 0.40520331263542 0.3733848631382 0.031818423420191
303 0.42068734765053 0.37980851531029 0.040878817439079
304 0.40851989388466 0.38673779368401 0.021782102063298
305 0.41496369242668 0.39426726102829 0.020696440711617
306 0.42254853248596 0.40251651406288 0.020032031461596
307 0.43176248669624 0.41163861751556 0.020123852416873
308 0.44210535287857 0.42183202505112 0.020273312926292
309 0.45408350229263 0.43335774540901 0.020725760608912
310 0.47747296094894 0.44656473398209 0.030908217653632
311 0.48290580511093 0.46192812919617 0.020977675914764
312 0.50096255540848 0.48010849952698 0.020854050293565
313 0.52326261997223 0.50204628705978 0.02121633477509
314 0.5509934425354 0.52911794185638 0.02187548391521
315 0.58779180049896 0.56340426206589 0.024387529119849
316 0.64520311355591 0.60817992687225 0.037023164331913
317 0.69831162691116 0.66884982585907 0.029461767524481
318 0.77766466140747 0.75491845607758 0.02274621091783
319 0.90804404020309 0.88440442085266 0.023639583960176
320 1.1207607984543 1.0931494235992 0.027611287310719
321 1.4557633399963 1.4327244758606 0.023038925603032
322 1.9474506378174 1.9251526594162 0.02229799516499
323 2.9009788036346 2.87824010849 0.022738721221685
324 4.8150072097778 4.7914514541626 0.023555664345622
325 7.3178029060364 7.2927002906799 0.025102201849222
326 5.6822304725647 5.6511459350586 0.031084954738617
327 3.4765625 3.3854186534882 0.091143898665905
328 2.1883037090302 2.1607773303986 0.027526373043656
329 1.5606653690338 1.5361001491547 0.024565240368247
330 1.219634771347 1.196192741394 0.023441933095455
331 1.0213861465454 0.99715286493301 0.024233277887106
332 0.90175986289978 0.87331855297089 0.028441295027733
333 0.84495866298676 0.79268455505371 0.052274122834206
334 0.76373600959778 0.73850530385971 0.025230698287487
335 0.72876065969467 0.70147949457169 0.027281180024147
336 0.70032340288162 0.67602902650833 0.024294355884194
337 0.68216282129288 0.65806496143341 0.024097871035337
338 0.66978114843369 0.64566814899445 0.024112965911627
339 0.66215950250626 0.63784980773926 0.02430964820087
340 0.65817499160767 0.63359576463699 0.024579228833318
341 0.65706294775009 0.63214057683945 0.024922359734774
342 0.65866905450821 0.63288861513138 0.025780415162444
343 0.66919147968292 0.63571161031723 0.033479861915112
344 0.66772639751434 0.64026230573654 0.027464088052511
345 0.67971676588058 0.64638262987137 0.033334154635668
346 0.6822105050087 0.65397918224335 0.028231348842382
347 0.69024634361267 0.66300624608994 0.027240078896284
348 0.70072531700134 0.67345857620239 0.027266712859273
349 0.71338850259781 0.68536788225174 0.028020590543747
350 0.72851121425629 0.6988011598587 0.029710037633777
351 0.74797976016998 0.7138609290123 0.034118808805943
352 0.78194350004196 0.73068761825562 0.051255870610476
353 0.8031867146492 0.74946367740631 0.053723067045212
354 0.80285626649857 0.77041125297546 0.032444998621941
355 0.88912737369537 0.79383701086044 0.09529036283493
356 0.85285091400146 0.82008993625641 0.032760966569185
357 0.88673675060272 0.84961462020874 0.037122152745724
358 0.93814796209335 0.88296401500702 0.055183943361044
359 1.0196145772934 0.92082935571671 0.098785206675529
360 1.0056004524231 0.96408045291901 0.04152000695467
361 1.0542546510696 1.0138211250305 0.040433533489704
362 1.1150915622711 1.0714668035507 0.043624710291624
363 1.1914077997208 1.1388527154922 0.052555043250322
364 1.2925169467926 1.2183904647827 0.074126459658146
365 1.4000874757767 1.3132957220078 0.086791798472404
366 1.5455833673477 1.4279253482819 0.11765799671412
367 1.8127093315125 1.5683121681213 0.24439708888531
368 2.4797966480255 1.7429574728012 0.73683929443359
369 2.7103433609009 1.9641634225845 0.74617993831635
370 2.4810056686401 2.250230550766 0.2307750582695
371 2.8369038105011 2.6292753219604 0.20762848854065
372 3.2244257926941 3.1461539268494 0.0782720297575
373 3.9361741542816 3.8756589889526 0.060515116900206
374 5.0021305084229 4.9491486549377 0.052981667220592
375 6.687831401825 6.6118092536926 0.076022297143936
376 9.4098281860352 9.3541593551636 0.055669035762548
377 14.281843185425 14.229373931885 0.052468772977591
378 23.641092300415 23.583478927612 0.057614803314209
379 41.849964141846 41.804237365723 0.045724637806416
380 66.720817565918 66.684265136719 0.036555528640747
381 52.462451934814 52.426933288574 0.035519581288099
382 30.061346054077 30.026224136353 0.035122763365507
383 17.768207550049 17.733488082886 0.034718845039606
384 11.458172798157 11.423439025879 0.034733142703772
385 8.0097332000732 7.9746561050415 0.035077445209026
386 5.9746308326721 5.9384350776672 0.036195889115334
387 4.7040343284607 4.6475405693054 0.056493826210499
388 3.8321223258972 3.7951090335846 0.037013173103333
389 3.2562556266785 3.2200841903687 0.036171555519104
390 2.8661344051361 2.8300080299377 0.036126296967268
391 2.5506236553192 2.5133099555969 0.037313718348742
392 2.2672545909882 2.2244944572449 0.04276018217206
393 2.0571055412292 2.0045177936554 0.052587818354368
394 1.8781405687332 1.8387979269028 0.039342608302832
395 1.7605899572372 1.7108427286148 0.049747213721275
396 1.653214097023 1.6095343828201 0.043679729104042
397 1.6044493913651 1.5286372900009 0.07581203430891
398 1.5060629844666 1.4631081819534 0.042954843491316
399 1.4556072950363 1.409695148468 0.04591216519475
400 1.4593778848648 1.3660253286362 0.093352548778057
401 1.4195247888565 1.3303211927414 0.089203648269176
402 1.4097230434418 1.3012270927429 0.10849602520466
403 1.3474051952362 1.2776926755905 0.069712519645691
404 1.3127418756485 1.258895277977 0.053846515715122
405 1.2954399585724 1.2441846132278 0.051255352795124
406 1.2844240665436 1.2330440282822 0.05137998983264
407 1.2799978256226 1.2250618934631 0.054935969412327
408 1.2972903251648 1.219921708107 0.077368699014187
409 1.2825174331665 1.2173417806625 0.065175548195839
410 1.2786343097687 1.2159940004349 0.062640279531479
411 1.2848718166351 1.2180988788605 0.066772915422916
412 1.2956969738007 1.2222905158997 0.073406487703323
413 1.3587483167648 1.2284955978394 0.13025268912315
414 1.3685481548309 1.236674785614 0.13187336921692
415 1.3572806119919 1.2468215227127 0.11045905947685
416 1.3771833181381 1.2588709592819 0.11831237375736
417 1.4138454198837 1.2730705738068 0.14077493548393
418 1.463289141655 1.2894204854965 0.17386867105961
419 1.5347093343735 1.3080590963364 0.22665022313595
420 1.644575715065 1.3291532993317 0.3154225051403
421 1.8316831588745 1.3529850244522 0.47869816422462
422 2.195565700531 1.3798481225967 0.81571763753891
423 3.1346628665924 1.4101474285126 1.7245154380798
424 6.64617395401 1.444415807724 5.2017579078674
425 14.471781730652 1.4832550287247 12.988526344299
426 4.4711503982544 1.5274792909622 2.9436709880829
427 2.7893924713135 1.5783230066299 1.2110694646835
428 2.281594991684 1.6372814178467 0.64431363344193
429 2.1350769996643 1.7064403295517 0.4286367893219
430 2.0842096805573 1.7887731790543 0.29543653130531
431 2.105434179306 1.8886767625809 0.21675750613213
432 2.1805596351624 2.0130228996277 0.16753666102886
433 2.3116776943207 2.1732563972473 0.13842134177685
434 2.5088953971863 2.3903732299805 0.11852208524942
435 2.8121712207794 2.7078800201416 0.10429130494595
436 3.3254196643829 3.2305369377136 0.094882674515247
437 4.308623790741 4.2102437019348 0.098380111157894
438 5.970100402832 5.8826127052307 0.087487772107124
439 8.6489553451538 8.5713863372803 0.077569045126438
440 7.4421877861023 7.3680882453918 0.074099361896515
441 6.511833190918 6.4093914031982 0.10244213789701
442 7.1525726318359 7.0397777557373 0.11279497295618
443 8.9854955673218 8.9197444915771 0.065750479698181
444 11.306620597839 11.246425628662 0.060194790363312
445 16.306837081909 16.241405487061 0.065430887043476
446 26.969205856323 26.893075942993 0.076130695641041
447 48.71195602417 48.651348114014 0.060608699917793
448 73.41332244873 73.353462219238 0.059859413653612
449 49.229541778564 49.101490020752 0.12805433571339
450 27.327783584595 27.27197265625 0.055810160934925
451 16.443748474121 16.387226104736 0.056522868573666
452 11.012244224548 10.947388648987 0.06485553830862
453 8.0453720092773 7.9887003898621 0.056672129780054
454 6.296471118927 6.2430710792542 0.053400047123432
455 5.1978521347046 5.1436405181885 0.054211642593145
456 4.4676380157471 4.4156637191772 0.051973976194859
457 3.9829375743866 3.9153439998627 0.067593574523926
458 3.6177704334259 3.5623512268066 0.055419269949198
459 3.360844373703 3.3093793392181 0.051465138792992
460 3.1805698871613 3.1280233860016 0.052546571940184
461 3.0561816692352 2.9991686344147 0.057013064622879
462 2.9807887077332 2.9120533466339 0.068735219538212
463 2.9696147441864 2.8589577674866 0.11065702885389
464 2.9201438426971 2.8352296352386 0.08491413295269
465 2.9024286270142 2.8440833091736 0.058345280587673
466 2.9570355415344 2.892569065094 0.064466297626495
467 3.0795266628265 2.9980854988098 0.081441126763821
468 3.2998194694519 3.2039129734039 0.095906510949135
469 3.73854637146 3.6219000816345 0.11664628982544
470 4.5795469284058 4.5014867782593 0.078060030937195
471 5.9006333351135 5.5357375144958 0.36489561200142
472 5.4642786979675 5.3939890861511 0.070289708673954
473 6.5738291740417 6.4139342308044 0.15989477932453
474 9.5222225189209 9.453782081604 0.068440973758698
475 10.918941497803 10.847241401672 0.071699902415276
476 7.4881100654602 7.1475443840027 0.34056550264359
477 5.1427927017212 5.051420211792 0.091372668743134
478 4.20641040802 4.1219081878662 0.084502004086971
479 3.7824347019196 3.6877357959747 0.094698905944824
480 3.6348445415497 3.4758229255676 0.15902145206928
481 3.5801377296448 3.3771288394928 0.20300869643688
482 3.5098762512207 3.3448872566223 0.16498890519142
483 3.5585556030273 3.3591589927673 0.19939659535885
484 3.7089776992798 3.4162104129791 0.29276740550995
485 4.0484647750854 3.5248303413391 0.52363431453705
486 4.9719882011414 3.7217342853546 1.250254034996
487 9.5153942108154 4.0938210487366 5.421573638916
488 7.0132865905762 4.7086992263794 2.3045871257782
489 5.5555276870728 4.7712960243225 0.78423154354095
490 4.6842746734619 4.2945861816406 0.38968858122826
491 4.297999382019 4.0562629699707 0.24173630774021
492 4.1596102714539 3.9867632389069 0.17284701764584
493 4.1316289901733 3.9982469081879 0.1333821117878
494 4.1624073982239 4.0512380599976 0.11116939038038
495 4.2279953956604 4.1287627220154 0.099233016371727
496 4.3466620445251 4.2231240272522 0.12353830784559
497 4.4690361022949 4.3307313919067 0.13830465078354
498 4.5345058441162 4.4500846862793 0.084421463310719
499 4.6762361526489 4.5806107521057 0.095625475049019
500 4.7966637611389 4.7236213684082 0.073042392730713
501 4.954496383667 4.8834528923035 0.071043536067009
502 5.1486177444458 5.074535369873 0.074082471430302
503 5.4096541404724 5.3416013717651 0.068052895367146
504 5.6136708259583 5.5518679618835 0.061802729964256
505 5.7092337608337 5.6458954811096 0.063338108360767
506 5.8505139350891 5.7902874946594 0.060226384550333
507 6.0535264015198 5.9859113693237 0.067615129053593
508 6.3212862014771 6.20769739151 0.11358850449324
509 6.5300207138062 6.4457106590271 0.08431002497673
510 6.7609663009644 6.7032103538513 0.057756081223488
511 7.0356960296631 6.9803323745728 0.05536375194788
512 7.333203792572 7.2785630226135 0.054640650749207
513 7.6520862579346 7.5978879928589 0.054198250174522
514 7.9961280822754 7.9410524368286 0.055075611919165
515 8.4389581680298 8.3102369308472 0.12872087955475
516 8.7648134231567 8.7080812454224 0.056732445955276
517 9.2066049575806 9.1363573074341 0.070248208940029
518 9.6611280441284 9.5999183654785 0.061209205538034
519 10.165819168091 10.103930473328 0.061889089643955
520 10.829711914063 10.654522895813 0.17518930137157
521 11.306898117065 11.23715877533 0.069739557802677
522 12.07502746582 11.872834205627 0.20219387114048
523 12.68298625946 12.570476531982 0.11250987648964
524 13.400727272034 13.335181236267 0.065546117722988
525 14.232929229736 14.174905776978 0.058023247867823
526 15.154983520508 15.097405433655 0.057578448206186
527 16.18098449707 16.115417480469 0.065567225217819
528 17.301486968994 17.242427825928 0.059057638049126
529 18.552507400513 18.494110107422 0.05839654058218
530 19.94765663147 19.889421463013 0.058235958218575
531 21.516973495483 21.451648712158 0.065325208008289
532 23.259685516357 23.205572128296 0.054113291203976
533 25.238130569458 25.182847976685 0.055282492190599
534 27.633491516113 27.563760757446 0.069731146097183
535 30.20693397522 30.147249221802 0.059683982282877
536 33.175750732422 33.115585327148 0.060165099799633
537 36.605960845947 36.549869537354 0.056093793362379
538 40.58678817749 40.530132293701 0.056654620915651
539 45.265487670898 45.194290161133 0.071195259690285
540 50.785491943359 50.722415924072 0.063076436519623
541 57.394401550293 57.336387634277 0.058015525341034
542 65.397071838379 65.341125488281 0.055949445813894
543 75.221214294434 75.164031982422 0.057183127850294
544 87.482269287109 87.422203063965 0.060065478086472
545 103.14504241943 103.03686523438 0.10817494988441
546 123.43949127197 123.38215637207 0.057336002588272
547 150.13319396973 150.07666015625 0.056529670953751
548 184.33126831055 184.2737121582 0.057556115090847
549 226.96472167969 226.88261413574 0.082105547189713
550 289.07656860352 289.0119934082 0.064558580517769
551 383.04830932617 382.63272094727 0.41557046771049
552 528.84191894531 528.76971435547 0.072171181440353
553 768.67156982422 768.603515625 0.068031348288059
554 1.1887775878906E+03 1.1887181396484E+03 0.059426415711641
555 1.9569799804687E+03 1.9569217529297E+03 0.058257628232241
556 3.2669338378906E+03 3.2668759765625E+03 0.05786132439971
557 4.3858520507813E+03 4.385791015625E+03 0.061223905533552
558 3.0950444335937E+03 3.0949829101562E+03 0.061547104269266
559 1.8579168701172E+03 1.8578530273437E+03 0.063939772546291
560 1.1439859619141E+03 1.1439188232422E+03 0.067079678177834
561 750.16528320313 750.10571289063 0.05959291011095
562 522.23461914062 522.17559814453 0.059007745236158
563 381.91513061523 381.85415649414 0.060991823673248
564 290.52944946289 290.46603393555 0.063390582799911
565 228.12007141113 228.04817199707 0.071891032159328
566 183.83720397949 183.69952392578 0.13768655061722
567 151.29734802246 151.13694763184 0.16040572524071
568 126.6364364624 126.56077575684 0.075662240386009
569 107.6463394165 107.575050354 0.071294844150543
570 92.770362854004 92.613182067871 0.15717667341232
571 81.586311340332 80.6181640625 0.96815037727356
572 70.929016113281 70.85693359375 0.072082571685314
573 62.917263031006 62.808765411377 0.10849894583225
574 56.124446868896 56.053176879883 0.071270801126957
575 50.470016479492 50.398914337158 0.071101762354374
576 45.670623779297 45.590087890625 0.080535173416138
577 41.552463531494 41.466484069824 0.085976995527744
578 37.978851318359 37.903774261475 0.07508085668087
579 34.87092590332 34.803981781006 0.066942781209946
580 32.155101776123 32.090972900391 0.06412835419178
581 29.770729064941 29.703092575073 0.067636519670486
582 27.728921890259 27.584197998047 0.14472453296185
583 25.785427093506 25.706453323364 0.078974388539791
584 24.096338272095 24.029853820801 0.066485092043877
585 22.589719772339 22.526790618896 0.06293011456728
586 21.236040115356 21.174263000488 0.061777133494616
587 20.015110015869 19.952983856201 0.06212617084384
588 18.909297943115 18.846700668335 0.062596797943115
589 17.909067153931 17.841638565063 0.067429333925247
590 16.997062683105 16.926076889038 0.070985905826092
591 16.238586425781 16.090017318726 0.14856907725334
592 15.397372245789 15.324949264526 0.072423011064529
593 14.703133583069 14.623760223389 0.079372987151146
594 14.049673080444 13.980680465698 0.068992041051388
595 13.567233085632 13.388195991516 0.17903673648834
596 12.903638839722 12.836427688599 0.067210473120213
597 12.395060539246 12.329922676086 0.065138570964336
598 11.927805900574 11.863047599792 0.064757831394672
599 11.498278617859 11.4321641922 0.066114492714405
600 11.104434967041 11.034437179565 0.069997861981392
