1 3.858481766656E-03 5.1718860049732E-05 3.8067628629506E-03
2 4.2869243770838E-03 2.0787950779777E-04 4.0790447965264E-03
3 4.6312720514834E-03 4.7192888450809E-04 4.1593429632485E-03
4 5.0689135678113E-03 8.5147895151749E-04 4.2174346745014E-03
5 5.6374105624855E-03 1.3602285180241E-03 4.277182277292E-03
6 6.3373898155987E-03 1.9925131928176E-03 4.3448763899505E-03
7 7.1545802056789E-03 2.7315784245729E-03 4.423001781106E-03
8 8.1380633637309E-03 3.6249700933695E-03 4.5130932703614E-03
9 9.3251690268517E-03 4.7056754119694E-03 4.6194940805435E-03
10 0.010751906782389 6.0122571885586E-03 4.7396500594914E-03
11 0.012492993846536 7.6036797836423E-03 4.8893145285547E-03
12 0.014585136435926 9.5773749053478E-03 5.0077619962394E-03
13 0.017241382971406 0.012072731740773 5.1686521619558E-03
14 0.020649615675211 0.015301557257771 5.3480579517782E-03
15 0.025214852765203 0.019656009972095 5.5588418617845E-03
16 0.031668312847614 0.025897627696395 5.7706851512194E-03
17 0.041434697806835 0.035433787852526 6.0009090229869E-03
18 0.057434890419245 0.051168855279684 6.2660351395607E-03
19 0.086133636534214 0.079580135643482 6.5534953027964E-03
20 0.14269907772541 0.13583076000214 6.8683256395161E-03
21 0.25834661722183 0.2511328458786 7.2137699462473E-03
22 0.43263444304466 0.42504149675369 7.5929365120828E-03
23 0.38970577716827 0.38169434666634 8.0114156007767E-03
24 0.25605630874634 0.24758160114288 8.4747020155191E-03
25 0.17536261677742 0.16638712584972 8.9754918590188E-03
26 0.1326632797718 0.12314237654209 9.5209116116166E-03
27 0.10949198901653 0.099366560578346 0.010125421918929
28 0.096474304795265 0.085674479603767 0.010799827985466
29 0.08923114836216 0.077570490539074 0.011660658754408
30 0.085403263568878 0.07278898358345 0.012614278122783
31 0.08341358602047 0.070111632347107 0.01330195646733
32 0.083151549100876 0.068842105567455 0.014309443533421
33 0.084018997848034 0.068560682237148 0.015458310954273
34 0.085680849850178 0.069002591073513 0.016678255051374
35 0.088134594261646 0.069994159042835 0.018140440806746
36 0.090816840529442 0.071423277258873 0.019393566995859
37 0.094180569052696 0.073196716606617 0.020983852446079
38 0.098083332180977 0.075266361236572 0.022816970944405
39 0.10279784351587 0.077579110860825 0.025218730792403
40 0.10842964053154 0.080108411610126 0.028321223333478
41 0.11453345417976 0.082828499376774 0.03170495480299
42 0.12292782217264 0.085721343755722 0.03720647841692
43 0.13104946911335 0.088772349059582 0.042277112603188
44 0.14072334766388 0.091967701911926 0.048755642026663
45 0.1516460776329 0.095302812755108 0.056343261152506
46 0.1646616756916 0.098767980933189 0.065893694758415
47 0.18050298094749 0.10235721617937 0.078145757317543
48 0.20043194293976 0.10606564581394 0.094366297125816
49 0.22657459974289 0.10988926887512 0.11668532341719
50 0.26342779397964 0.11382482200861 0.14960296452045
51 0.32436934113503 0.11786963045597 0.20649971067905
52 0.45532557368279 0.12202152609825 0.33330404758453
53 0.79925549030304 0.12627878785133 0.67297667264938
54 1.7394839525223 0.13064008951187 1.6088439226151
55 3.9551298618317 0.13510450720787 3.8200254440308
56 8.9986953735352 0.13967156410217 8.8590240478516
57 18.549043655396 0.14434126019478 18.404703140259
58 18.663000106812 0.14911504089832 18.513885498047
59 22.860570907593 0.153993293643 22.706577301025
60 23.769903182983 0.15897998213768 23.61092376709
61 24.439113616943 0.16408130526543 24.275032043457
62 21.775447845459 0.16931021213531 21.60613822937
63 24.259010314941 0.17468723654747 24.084323883057
64 7.1566467285156 0.18026135861874 6.9763851165771
65 3.051509141922 0.18613682687283 2.8653721809387
66 1.3534033298492 0.1925338357687 1.1608694791794
67 0.72024774551392 0.19966691732407 0.52058082818985
68 0.49535858631134 0.20625668764114 0.2891018986702
69 0.40561717748642 0.21069552004337 0.19492165744305
70 0.36192417144775 0.21535935997963 0.14656479656696
71 0.33716481924057 0.22067189216614 0.11649292707443
72 0.32181963324547 0.22639460861683 0.0954250395298
73 0.31227818131447 0.23237018287182 0.079908013343811
74 0.30663150548935 0.23852582275867 0.068105690181255
75 0.30376598238945 0.24482169747353 0.058944281190634
76 0.30298560857773 0.25123965740204 0.051745962351561
77 0.30354809761047 0.25777387619019 0.045774225145578
78 0.3050020635128 0.26441663503647 0.040585409849882
79 0.30787429213524 0.27116483449936 0.036709446460009
80 0.3109550178051 0.27801668643951 0.032938342541456
81 0.31500253081322 0.28497114777565 0.030031390488148
82 0.31954452395439 0.29202774167061 0.027516776695848
83 0.32456287741661 0.29918631911278 0.025376580655575
84 0.32998067140579 0.3064469397068 0.023533741012216
85 0.33575308322906 0.31380993127823 0.021943150088191
86 0.34159648418427 0.32127571105957 0.020320780575275
87 0.34799921512604 0.32884481549263 0.019154399633408
88 0.35466259717941 0.33651813864708 0.01814447529614
89 0.36157473921776 0.34429642558098 0.017278309911489
90 0.36872348189354 0.35218107700348 0.01654240489006
91 0.376106351614 0.36017391085625 0.015932446345687
92 0.38371473550797 0.36827799677849 0.015436724759638
93 0.39162468910217 0.37649929523468 0.015125392004848
94 0.39990437030792 0.38485163450241 0.015052745118737
95 0.40800088644028 0.39337247610092 0.014628400094807
96 0.41759267449379 0.40214559435844 0.015447084791958
97 0.42547497153282 0.41093510389328 0.014539855532348
98 0.43394631147385 0.41936659812927 0.014579731039703
99 0.44294667243958 0.42806994915009 0.014876725152135
100 0.45247110724449 0.43708175420761 0.015389352105558
101 0.46049559116364 0.44614946842194 0.014346129260957
102 0.47076877951622 0.45535090565681 0.015417884103954
103 0.48083230853081 0.46467989683151 0.016152411699295
104 0.49176573753357 0.47413501143456 0.017630748450756
105 0.50296878814697 0.48371675610542 0.019252024590969
106 0.51489007472992 0.49342656135559 0.021463505923748
107 0.5275736451149 0.50326681137085 0.024306822568178
108 0.54125136137009 0.51324009895325 0.028011258691549
109 0.5563856959343 0.52334982156754 0.033035904169083
110 0.57351768016815 0.53360003232956 0.039917625486851
111 0.59701013565063 0.54399609565735 0.053014028817415
112 0.61657309532166 0.55454510450363 0.062027972191572
113 0.64796388149261 0.56525731086731 0.082706578075886
114 0.69351810216904 0.57614868879318 0.11736939102411
115 0.77177602052689 0.58724665641785 0.18452939391136
116 0.91760683059692 0.5986025929451 0.31900426745415
117 1.3036167621613 0.61032176017761 0.69329500198364
118 2.8341834545135 0.62262165546417 2.2115619182587
119 5.9983739852905 0.6358078122139 5.3625659942627
120 1.8148633241653 0.64915370941162 1.1657096147537
121 1.1174576282501 0.65988481044769 0.45757278800011
122 0.90862286090851 0.67032778263092 0.23829509317875
123 0.82836693525314 0.68165326118469 0.14671367406845
124 0.80479753017426 0.69362938404083 0.1111681163311
125 0.78126204013824 0.70603942871094 0.075222611427307
126 0.77576303482056 0.71877813339233 0.056984875351191
127 0.7770870923996 0.73180574178696 0.045281376689672
128 0.78320342302322 0.74510324001312 0.03810016065836
129 0.79051107168198 0.75866729021072 0.031843792647123
130 0.80001729726791 0.77250015735626 0.027517164126039
131 0.81140798330307 0.78661340475082 0.024794572964311
132 0.82289403676987 0.80101662874222 0.021877398714423
133 0.83568227291107 0.81572383642197 0.019958447664976
134 0.84900426864624 0.83075112104416 0.018253123387694
135 0.86308032274246 0.84611713886261 0.016963163390756
136 0.87785392999649 0.86184275150299 0.016011223196983
137 0.89430809020996 0.87795132398605 0.016356790438294
138 0.90863341093063 0.89446914196014 0.014164258725941
139 0.92498326301575 0.91142570972443 0.013557576574385
140 0.94197762012482 0.92885398864746 0.013123625889421
141 0.95988190174103 0.94679111242294 0.013090784661472
142 0.98537945747375 0.96527880430222 0.020100645720959
143 0.99719399213791 0.98436427116394 0.012829774059355
144 1.016041636467 1.0041000843048 0.011941488832235
145 1.0418787002563 1.0245481729507 0.017330585047603
146 1.0569399595261 1.0457764863968 0.011163395829499
147 1.0787752866745 1.0678639411926 0.010911403223872
148 1.1018187999725 1.0909003019333 0.010918435640633
149 1.1266762018204 1.11498939991 0.01168674044311
150 1.1510872840881 1.1402205228806 0.010866807773709
151 1.1779229640961 1.1667940616608 0.011128883808851
152 1.2051956653595 1.1948394775391 0.010356138460338
153 1.2348980903625 1.2245454788208 0.010352618992329
154 1.2715722322464 1.2561337947845 0.015438458882272
155 1.2999575138092 1.2898662090302 0.010091315954924
156 1.3362760543823 1.3260539770126 0.010222049430013
157 1.3748741149902 1.3650686740875 9.8054828122258E-03
158 1.4170775413513 1.4073572158813 9.7202872857451E-03
159 1.4631545543671 1.453460931778 9.6935983747244E-03
160 1.5137015581131 1.504039645195 9.6618020907044E-03
161 1.5695527791977 1.5599048137665 9.6480315551162E-03
162 1.6317672729492 1.622062087059 9.7051383927464E-03
163 1.7015511989594 1.6917703151703 9.780865162611E-03
164 1.7809975147247 1.7706785202026 0.010318982414901
165 1.8821270465851 1.8607057332993 0.021421240642667
166 1.9768927097321 1.9645409584045 0.012351743876934
167 2.0959901809692 2.0856351852417 0.010354932397604
168 2.2384176254272 2.2285823822021 9.8352506756783E-03
169 2.4093244075775 2.3995978832245 9.7265467047691E-03
170 2.6169860363007 2.6072518825531 9.7341034561396E-03
171 2.8734414577484 2.8636088371277 9.8327305167913E-03
172 3.1959064006805 3.1860594749451 9.8469741642475E-03
173 3.6104612350464 3.6003625392914 0.010098541155457
174 4.1561365127563 4.145875453949 0.010261075571179
175 4.8968863487244 4.8849391937256 0.011947102844715
176 5.9320111274719 5.9205226898193 0.011488155461848
177 7.4416046142578 7.4311943054199 0.010410289280117
178 9.7545833587646 9.7445287704468 0.010054729878902
179 13.510146141052 13.50011920929 0.010027043521404
180 20.035491943359 20.02424621582 0.0112459436059
181 32.139961242676 32.129875183105 0.010083744302392
182 54.809471130371 54.799259185791 0.010211781598628
183 86.632507324219 86.621887207031 0.010616292245686
184 76.050331115723 76.036064147949 0.014263335615396
185 46.298686981201 46.28494644165 0.013741562142968
186 28.22289276123 28.212289810181 0.010602723807096
187 18.540159225464 18.529609680176 0.010548246093094
188 13.141715049744 13.131386756897 0.010328580625355
189 9.9247789382935 9.9143934249878 0.010385979898274
190 7.8856372833252 7.8751955032349 0.010441796854138
191 6.5256142616272 6.5150675773621 0.010546530596912
192 5.5822334289551 5.571494102478 0.010739343240857
193 4.9112339019775 4.8994078636169 0.011825693771243
194 4.4182357788086 4.4066796302795 0.01155580766499
195 4.0232934951782 4.0079154968262 0.015377985313535
196 3.7115392684937 3.6987361907959 0.01280299667269
197 3.4721345901489 3.4608125686646 0.011322037316859
198 3.2866930961609 3.275625705719 0.011067349463701
199 3.1431803703308 3.131551027298 0.011629150249064
200 3.0346274375916 3.0227615833282 0.01186584122479
201 2.9642355442047 2.9501087665558 0.014126709662378
202 2.9365932941437 2.9250264167786 0.011566764675081
203 2.9667725563049 2.9553489685059 0.011423652991652
204 2.8948757648468 2.8836765289307 0.011199150234461
205 2.7583456039429 2.7470149993896 0.011330598965287
206 2.6733162403107 2.6600215435028 0.013294656760991
207 2.617285490036 2.6054949760437 0.01179052144289
208 2.5814807415009 2.5685424804688 0.01293823774904
209 2.5573043823242 2.5422990322113 0.01500532310456
210 2.534948348999 2.5225367546082 0.012411558069289
211 2.5228855609894 2.5083329677582 0.014552774839103
212 2.5103590488434 2.498503446579 0.01185552123934
213 2.5041365623474 2.4922120571136 0.011924612335861
214 2.5013089179993 2.4888823032379 0.012426603585482
215 2.5212850570679 2.488094329834 0.033190775662661
216 2.5017960071564 2.4895217418671 0.01227427367121
217 2.5050134658813 2.4929025173187 0.012111066840589
218 2.5103034973145 2.498021364212 0.012282054871321
219 2.5168535709381 2.5046985149384 0.012155130505562
220 2.5249924659729 2.5127816200256 0.012210794724524
221 2.5344686508179 2.5221412181854 0.012327367439866
222 2.5451805591583 2.5327153205872 0.012465158477426
223 2.5569894313812 2.544308423996 0.012680954299867
224 2.5682280063629 2.5551762580872 0.013051744550467
225 2.5828909873962 2.5688076019287 0.014083312824368
226 2.6077723503113 2.5832710266113 0.024501368403435
227 2.6130361557007 2.5985152721405 0.014520742930472
228 2.6282238960266 2.6144988536835 0.013725148513913
229 2.6454954147339 2.6311922073364 0.014303421601653
230 2.6636774539948 2.6485919952393 0.015085503458977
231 2.690083026886 2.6667716503143 0.023311417549849
232 2.702908039093 2.6860587596893 0.016849279403687
233 2.7262253761292 2.7062482833862 0.019977128133178
234 2.7728004455566 2.7247323989868 0.048068109899759
235 2.7666692733765 2.7440850734711 0.022584307938814
236 2.7860674858093 2.7643911838531 0.021676195785403
237 2.8273966312408 2.7853212356567 0.042075507342815
238 2.8246176242828 2.8067667484283 0.017850963398814
239 2.882559299469 2.8286836147308 0.053875736892223
240 2.8671209812164 2.851047039032 0.016074046492577
241 2.8900156021118 2.8738431930542 0.016172321513295
242 2.9226489067078 2.8970592021942 0.025589779019356
243 2.9448711872101 2.9206857681274 0.024185284972191
244 2.9657804965973 2.9447157382965 0.021064665168524
245 2.9848833084106 2.9691417217255 0.01574144884944
246 3.0092148780823 2.9939591884613 0.015255785547197
247 3.0360124111176 3.019163608551 0.016848793253303
248 3.0810179710388 3.0447518825531 0.036266051232815
249 3.0926105976105 3.0707216262817 0.021888894960284
250 3.1230442523956 3.0970711708069 0.025973094627261
251 3.1443238258362 3.1237993240356 0.02052447758615
252 3.1669836044312 3.150906085968 0.016077686101198
253 3.1938905715942 3.1783916950226 0.015498954802752
254 3.2215123176575 3.2062573432922 0.015254960395396
255 3.2497227191925 3.2345049381256 0.015217679552734
256 3.2784411907196 3.2631366252899 0.015304429456592
257 3.308037519455 3.2921557426453 0.015881605446339
258 3.3418071269989 3.3215658664703 0.020241102203727
259 3.3770525455475 3.3513715267181 0.025680981576443
260 3.3978853225708 3.3815774917603 0.016307853162289
261 3.4283814430237 3.4121897220612 0.016191525384784
262 3.4601948261261 3.4432103633881 0.016984347254038
263 3.4995431900024 3.4746556282043 0.024887569248676
264 3.5274455547333 3.5066373348236 0.020808320492506
265 3.5631198883057 3.538948059082 0.024171881377697
266 3.5887577533722 3.5717053413391 0.0170524045825
267 3.6296966075897 3.6049199104309 0.024776626378298
268 3.6560347080231 3.6386106014252 0.017424257472157
269 3.6894502639771 3.6727764606476 0.016673700883985
270 3.7241101264954 3.7074394226074 0.016670886427164
271 3.7603197097778 3.7426166534424 0.017703022807837
272 3.7967097759247 3.7783374786377 0.018372258171439
273 3.8823611736298 3.8146431446075 0.067717991769314
274 3.8726091384888 3.8514082431793 0.021200919523835
275 3.9098494052887 3.8887670040131 0.021082310006022
276 3.9482476711273 3.9267632961273 0.021484479308128
277 3.9955999851227 3.9654018878937 0.03019817173481
278 4.0230627059937 4.0047068595886 0.018355494365096
279 4.0637226104736 4.0447092056274 0.01901326328516
280 4.1037907600403 4.0854420661926 0.018348665907979
281 4.1477103233337 4.126944065094 0.02076630666852
282 4.1872682571411 4.1692461967468 0.01802191324532
283 4.2338018417358 4.2124166488647 0.021385379135609
284 4.2750635147095 4.2564964294434 0.018567366525531
285 4.3216328620911 4.301543712616 0.020089339464903
286 4.4152150154114 4.3476405143738 0.067574813961983
287 4.4185128211975 4.3948264122009 0.023686395958066
288 4.4645929336548 4.4432005882263 0.021392690017819
289 4.5928959846497 4.4928555488586 0.10004077106714
290 4.5638680458069 4.5438981056213 0.019970221444964
291 4.6226143836975 4.5964508056641 0.026163298636675
292 4.6703944206238 4.6506595611572 0.019734801724553
293 4.7390370368958 4.7067084312439 0.032328758388758
294 4.7853112220764 4.7649602890015 0.020350906997919
295 4.845148563385 4.8254704475403 0.019678192213178
296 4.907527923584 4.8876695632935 0.019858364015818
297 4.9744114875793 4.9528455734253 0.021565737202764
298 5.0475854873657 5.0212788581848 0.026306657120585
299 5.1197276115417 5.0931925773621 0.026534711942077
300 5.1936278343201 5.1688733100891 0.024754570797086
301 5.2811365127563 5.2492032051086 0.031933270394802
302 5.3670926094055 5.3352742195129 0.031818423420191
303 5.4679398536682 5.4270610809326 0.040878817439079
304 5.5478553771973 5.5260729789734 0.021782102063298
305 5.6543574333191 5.6336612701416 0.020696440711617
306 5.7715663909912 5.7515344619751 0.020032031461596
307 5.902003288269 5.8818798065186 0.020123852416873
308 6.0478057861328 6.0275325775146 0.020273312926292
309 6.2129487991333 6.192223072052 0.020725760608912
310 6.4118447303772 6.3809366226196 0.030908217653632
311 6.6214408874512 6.6004633903503 0.020977675914764
312 6.8810954093933 6.8602414131165 0.020854050293565
313 7.1949253082275 7.1737089157104 0.02121633477509
314 7.5824103355408 7.5605344772339 0.02187548391521
315 8.0748376846313 8.0504503250122 0.024387529119849
316 8.7272691726685 8.6902465820313 0.037023164331913
317 9.5866174697876 9.5571556091309 0.029461767524481
318 10.809730529785 10.786984443665 0.02274621091783
319 12.660840988159 12.637202262878 0.023639583960176
320 15.64755821228 15.619947433472 0.027611287310719
321 20.495153427124 20.472114562988 0.023038925603032
322 27.530689239502 27.508390426636 0.02229799516499
323 41.149738311768 41.126998901367 0.022738721221685
324 68.488319396973 68.464767456055 0.023555664345622
325 104.23006439209 104.20495605469 0.025102201849222
326 80.779968261719 80.748878479004 0.031084954738617
327 48.465187072754 48.374046325684 0.091143898665905
328 30.902744293213 30.875217437744 0.027526373043656
329 21.973806381226 21.949241638184 0.024565240368247
330 17.115768432617 17.09232711792 0.023441933095455
331 14.272490501404 14.24825668335 0.024233277887106
332 12.507237434387 12.478796005249 0.028441295027733
333 11.378895759583 11.326622009277 0.052274122834206
334 10.577688217163 10.552457809448 0.025230698287487
335 10.050679206848 10.023398399353 0.027281180024147
336 9.6840324401855 9.6597385406494 0.024294355884194
337 9.4271488189697 9.4030504226685 0.024097871035337
338 9.2500267028809 9.2259130477905 0.024112965911627
339 9.1385078430176 9.1141977310181 0.02430964820087
340 9.0779905319214 9.0534114837646 0.024579228833318
341 9.057541847229 9.0326194763184 0.024922359734774
342 9.0690879821777 9.0433073043823 0.025780415162444
343 9.1171245574951 9.0836448669434 0.033479861915112
344 9.1761331558228 9.1486692428589 0.027464088052511
345 9.2694568634033 9.2361221313477 0.033334154635668
346 9.3729000091553 9.3446683883667 0.028231348842382
347 9.5008964538574 9.4736566543579 0.027240078896284
348 9.650276184082 9.6230096817017 0.027266712859273
349 9.8212013244629 9.7931804656982 0.028020590543747
350 10.014838218689 9.98512840271 0.029710037633777
351 10.234435081482 10.200316429138 0.034118808805943
352 10.492007255554 10.440751075745 0.051255870610476
353 10.762763977051 10.709040641785 0.053723067045212
354 11.040804862976 11.008359909058 0.032444998621941
355 11.438380241394 11.343089103699 0.09529036283493
356 11.7509765625 11.718215942383 0.032760966569185
357 12.177214622498 12.140091896057 0.037122152745724
358 12.671803474426 12.616620063782 0.055183943361044
359 13.256460189819 13.157675743103 0.098785206675529
360 13.817207336426 13.775687217712 0.04152000695467
361 14.526863098145 14.486430168152 0.040433533489704
362 15.353750228882 15.310125350952 0.043624710291624
363 16.325553894043 16.272998809814 0.052555043250322
364 17.48363494873 17.409507751465 0.074126459658146
365 18.852394104004 18.765604019165 0.086791798472404
366 20.521198272705 20.403539657593 0.11765799671412
367 22.653915405273 22.409519195557 0.24439708888531
368 25.64185333252 24.905014038086 0.73683929443359
369 28.811994552612 28.065813064575 0.74617993831635
370 32.384185791016 32.153408050537 0.2307750582695
371 37.777183532715 37.569557189941 0.20762848854065
372 45.033473968506 44.95520401001 0.0782720297575
373 55.439575195312 55.379058837891 0.060515116900206
374 70.771072387695 70.71809387207 0.052981667220592
375 94.551765441895 94.475746154785 0.076022297143936
376 133.71669006348 133.66101074219 0.055669035762548
377 203.3751373291 203.32266235352 0.052468772977591
378 337.04052734375 336.98291015625 0.057614803314209
379 597.38397216797 597.33825683594 0.045724637806416
380 952.88403320312 952.84747314453 0.036555528640747
381 749.16082763672 749.12530517578 0.035519581288099
382 429.07803344727 429.04290771484 0.035122763365507
383 253.4274597168 253.39274597168 0.034718845039606
384 163.26356506348 163.22883605957 0.034733142703772
385 113.98445892334 113.94937896729 0.035077445209026
386 84.89013671875 84.853942871094 0.036195889115334
387 66.464920043945 66.408432006836 0.056493826210499
388 54.265098571777 54.228084564209 0.037013173103333
389 46.047760009766 46.011589050293 0.036171555519104
390 40.473941802979 40.437816619873 0.036126296967268
391 35.949848175049 35.912532806396 0.037313718348742
392 31.828426361084 31.785665512085 0.04276018217206
393 28.695020675659 28.642433166504 0.052587818354368
394 26.313816070557 26.274473190308 0.039342608302832
395 24.495876312256 24.446128845215 0.049747213721275
396 23.042219161987 22.998538970947 0.043679729104042
397 21.918418884277 21.842607498169 0.07581203430891
398 20.94921875 20.906265258789 0.042954843491316
399 20.188961029053 20.143049240112 0.04591216519475
400 19.612405776978 19.519054412842 0.093352548778057
401 19.098083496094 19.008878707886 0.089203648269176
402 18.701650619507 18.593154907227 0.10849602520466
403 18.326585769653 18.256874084473 0.069712519645691
404 18.042125701904 17.988279342651 0.053846515715122
405 17.829334259033 17.778079986572 0.051255352795124
406 17.670272827148 17.618892669678 0.05137998983264
407 17.559772491455 17.504835128784 0.054935969412327
408 17.508756637573 17.431386947632 0.077368699014187
409 17.459699630737 17.394523620605 0.065175548195839
410 17.437906265259 17.37526512146 0.062640279531479
411 17.472114562988 17.405342102051 0.066772915422916
412 17.538642883301 17.465236663818 0.073406487703323
413 17.684152603149 17.553899765015 0.13025268912315
414 17.802644729614 17.670770645142 0.13187336921692
415 17.926216125488 17.815757751465 0.11045905947685
416 18.106243133545 17.987930297852 0.11831237375736
417 18.331604003906 18.190828323364 0.14077493548393
418 18.598321914673 18.424451828003 0.17386867105961
419 18.917428970337 18.6907787323 0.22665022313595
420 19.307613372803 18.992191314697 0.3154225051403
421 19.811420440674 19.332721710205 0.47869816422462
422 20.532283782959 19.716566085815 0.81571763753891
423 21.874027252197 20.14951133728 1.7245154380798
424 25.840927124023 20.639169692993 5.2017579078674
425 34.182670593262 21.194143295288 12.988526344299
426 24.769731521606 21.826059341431 2.9436709880829
427 23.763631820679 22.552562713623 1.2110694646835
428 24.039329528809 23.395015716553 0.64431363344193
429 24.811859130859 24.383222579956 0.4286367893219
430 25.855108261108 25.559673309326 0.29543653130531
431 27.203947067261 26.987188339233 0.21675750613213
432 28.93150138855 28.763963699341 0.16753666102886
433 31.191951751709 31.05352973938 0.13842134177685
434 34.274421691895 34.155899047852 0.11852208524942
435 38.797023773193 38.692733764648 0.10429130494595
436 46.255832672119 46.160949707031 0.094882674515247
437 60.258296966553 60.159915924072 0.098380111157894
438 84.14379119873 84.056297302246 0.087487772107124
439 122.55358886719 122.47602081299 0.077569045126438
440 105.35626983643 105.28217315674 0.074099361896515
441 91.685844421387 91.583404541016 0.10244213789701
442 100.70375061035 100.5909576416 0.11279497295618
443 127.51944732666 127.45369720459 0.065750479698181
444 160.75968933105 160.6994934082 0.060194790363312
445 232.13790893555 232.07247924805 0.065430887043476
446 384.34967041016 384.27352905273 0.076130695641041
447 695.23681640625 695.17620849609 0.060608699917793
448 1.0482030029297E+03 1.0481431884766E+03 0.059859413653612
449 701.73626708984 701.60821533203 0.12805433571339
450 389.74340820312 389.68759155273 0.055810160934925
451 234.2126159668 234.15609741211 0.056522868573666
452 156.49142456055 156.42657470703 0.06485553830862
453 114.20672607422 114.15005493164 0.056672129780054
454 89.260261535645 89.20686340332 0.053400047123432
455 73.551383972168 73.497169494629 0.054211642593145
456 63.147129058838 63.095153808594 0.051973976194859
457 56.013710021973 55.946117401123 0.067593574523926
458 50.957641601563 50.902221679687 0.055419269949198
459 47.338985443115 47.287521362305 0.051465138792992
460 44.748683929443 44.696136474609 0.052546571940184
461 42.911952972412 42.854942321777 0.057013064622879
462 41.678890228271 41.610157012939 0.068735219538212
463 40.962131500244 40.851474761963 0.11065702885389
464 40.597339630127 40.512424468994 0.08491413295269
465 40.697280883789 40.638935089111 0.058345280587673
466 41.396213531494 41.331745147705 0.064466297626495
467 42.920906066895 42.839466094971 0.081441126763821
468 45.876426696777 45.780517578125 0.095906510949135
469 51.869758605957 51.753112792969 0.11664628982544
470 64.399536132812 64.321479797363 0.078060030937195
471 79.464721679688 79.099822998047 0.36489561200142
472 77.144676208496 77.07438659668 0.070289708673954
473 91.808219909668 91.648323059082 0.15989477932453
474 135.15296936035 135.08451843262 0.068440973758698
475 155.06729125977 154.99559020996 0.071699902415276
476 102.4713973999 102.13083648682 0.34056550264359
477 72.270812988281 72.179443359375 0.091372668743134
478 58.982200622559 58.89769744873 0.084502004086971
479 52.788536071777 52.693836212158 0.094698905944824
480 49.824848175049 49.665824890137 0.15902145206928
481 48.458599090576 48.255592346191 0.20300869643688
482 47.959880828857 47.794895172119 0.16498890519142
483 48.198219299316 47.998821258545 0.19939659535885
484 49.106792449951 48.814025878906 0.29276740550995
485 50.889724731445 50.366088867187 0.52363431453705
486 54.429893493652 53.179637908936 1.250254034996
487 63.917938232422 58.496364593506 5.421573638916
488 69.586906433105 67.282325744629 2.3045871257782
489 68.960990905762 68.176765441895 0.78423154354095
490 61.754772186279 61.365081787109 0.38968858122826
491 58.201435089111 57.959697723389 0.24173630774021
492 57.139469146729 56.966621398926 0.17284701764584
493 57.264095306396 57.130710601807 0.1333821117878
494 57.99906539917 57.887897491455 0.11116939038038
495 59.094871520996 58.995639801025 0.099233016371727
496 60.467498779297 60.343963623047 0.12353830784559
497 62.019863128662 61.8815574646 0.13830465078354
498 63.671409606934 63.586990356445 0.084421463310719
499 65.547698974609 65.452072143555 0.095625475049019
500 67.568588256836 67.495544433594 0.073042392730713
501 69.850410461426 69.779365539551 0.071043536067009
502 72.58381652832 72.509735107422 0.074082471430302
503 76.39387512207 76.325820922852 0.068052895367146
504 79.392112731934 79.330307006836 0.061802729964256
505 80.737197875977 80.673866271973 0.063338108360767
506 82.797294616699 82.73706817627 0.060226384550333
507 85.599937438965 85.532325744629 0.067615129053593
508 88.815002441406 88.701416015625 0.11358850449324
509 92.186683654785 92.102378845215 0.08431002497673
510 95.83952331543 95.781768798828 0.057756081223488
511 99.796913146973 99.741546630859 0.05536375194788
512 104.05759429932 104.00295257568 0.054640650749207
513 108.61996459961 108.56576538086 0.054198250174522
514 113.52429199219 113.46921539307 0.055075611919165
515 118.87319946289 118.74448394775 0.12872087955475
516 124.48598480225 124.42925262451 0.056732445955276
517 130.61911010742 130.54885864258 0.070248208940029
518 137.23387145996 137.17266845703 0.061209205538034
519 144.43634033203 144.37445068359 0.061889089643955
520 152.41702270508 152.24183654785 0.17518930137157
521 160.63682556152 160.56709289551 0.069739557802677
522 169.8524017334 169.65020751953 0.20219387114048
523 179.73129272461 179.61877441406 0.11250987648964
524 190.61114501953 190.54560852051 0.065546117722988
525 202.6024017334 202.54437255859 0.058023247867823
526 215.78349304199 215.72592163086 0.057578448206186
527 230.33779907227 230.27223205566 0.065567225217819
528 246.43508911133 246.37602233887 0.059057638049126
529 264.31964111328 264.26123046875 0.05839654058218
530 284.25698852539 284.19873046875 0.058235958218575
531 306.5866394043 306.52130126953 0.065325208008289
532 331.63714599609 331.58303833008 0.054113291203976
533 359.89147949219 359.83618164062 0.055282492190599
534 393.92666625977 393.85693359375 0.069731146097183
535 430.83190917969 430.77224731445 0.059683982282877
536 473.2467956543 473.18661499023 0.060165099799633
537 522.31494140625 522.25885009766 0.056093793362379
538 579.18933105469 579.13262939453 0.056654620915651
539 645.84973144531 645.77850341797 0.071195259690285
540 724.83264160156 724.76953125 0.063076436519623
541 819.33416748047 819.27618408203 0.058015525341034
542 933.71130371094 933.65533447266 0.055949445813894
543 1.0740715332031E+03 1.0740142822266E+03 0.057183127850294
544 1.2492307128906E+03 1.2491706542969E+03 0.060065478086472
545 1.4723957519531E+03 1.4722875976562E+03 0.10817494988441
546 1.7630574951172E+03 1.7630002441406E+03 0.057336002588272
547 2.1444929199219E+03 2.1444365234375E+03 0.056529670953751
548 2.6331335449219E+03 2.633076171875E+03 0.057556115090847
549 3.241994140625E+03 3.2419118652344E+03 0.082105547189713
550 4.1297397460938E+03 4.1296752929688E+03 0.064558580517769
551 5.4678315429688E+03 5.467416015625E+03 0.41557046771049
552 7.555630859375E+03 7.5555590820312E+03 0.072171181440353
553 1.098259765625E+04 1.0982529296875E+04 0.068031348288059
554 1.698558203125E+04 1.6985521484375E+04 0.059426415711641
555 2.796239453125E+04 2.79623359375E+04 0.058257628232241
556 4.668025390625E+04 4.66801953125E+04 0.05786132439971
557 6.266836328125E+04 6.266830078125E+04 0.061223905533552
558 4.42240859375E+04 4.42240234375E+04 0.061547104269266
559 2.65468125E+04 2.654675E+04 0.063939772546291
560 1.6345455078125E+04 1.6345387695313E+04 0.067079678177834
561 1.0718275390625E+04 1.0718215820312E+04 0.05959291011095
562 7.4613950195312E+03 7.4613359375E+03 0.059007745236158
563 5.4563520507813E+03 5.456291015625E+03 0.060991823673248
564 4.1505151367187E+03 4.1504516601563E+03 0.063390582799911
565 3.258638671875E+03 3.2585666503906E+03 0.071891032159328
566 2.6250090332031E+03 2.6248713378906E+03 0.13768655061722
567 2.1597470703125E+03 2.1595866699219E+03 0.16040572524071
568 1.8084948730469E+03 1.8084193115234E+03 0.075662240386009
569 1.5372047119141E+03 1.5371334228516E+03 0.071294844150543
570 1.3235014648437E+03 1.3233442382812E+03 0.15717667341232
571 1.1529162597656E+03 1.1519481201172E+03 0.96815037727356
572 1.0125425415039E+03 1.0124704589844E+03 0.072082571685314
573 897.57916259766 897.47064208984 0.10849894583225
574 801.01171875 800.94049072266 0.071270801126957
575 720.21813964844 720.14703369141 0.071101762354374
576 651.51458740234 651.43402099609 0.080535173416138
577 592.59808349609 592.51208496094 0.085976995527744
578 541.67980957031 541.60473632813 0.07508085668087
579 497.37896728516 497.31201171875 0.066942781209946
580 458.6100769043 458.54595947266 0.06412835419178
581 424.49334716797 424.42568969727 0.067636519670486
582 394.2936706543 394.14892578125 0.14472453296185
583 367.39694213867 367.31796264648 0.078974388539791
584 343.42761230469 343.36114501953 0.066485092043877
585 321.94686889648 321.88394165039 0.06293011456728
586 302.61953735352 302.55776977539 0.061777133494616
587 285.16909790039 285.10699462891 0.06212617084384
588 269.36196899414 269.29937744141 0.062596797943115
589 255.00552368164 254.93809509277 0.067429333925247
590 241.92668151855 241.85569763184 0.070985905826092
591 230.05784606934 229.90928649902 0.14856907725334
592 219.04969787598 218.97727966309 0.072423011064529
593 209.03739929199 208.95802307129 0.079372987151146
594 199.83810424805 199.76910400391 0.068992041051388
595 191.48216247559 191.30313110352 0.17903673648834
596 183.48616027832 183.4189453125 0.067210473120213
597 176.2466583252 176.18151855469 0.065138570964336
598 169.57513427734 169.51037597656 0.064757831394672
599 163.41963195801 163.353515625 0.066114492714405
600 157.74041748047 157.67041015625 0.069997861981392
