1 3.812633221969E-03 5.8701466514322E-06 3.8067628629506E-03
2 4.102639388293E-03 2.359454992984E-05 4.0790447965264E-03
3 4.2129075154662E-03 5.35644358024E-05 4.1593429632485E-03
4 4.3140784837306E-03 9.6643787401263E-05 4.2174346745014E-03
5 4.4315694831312E-03 1.5438740956597E-04 4.277182277292E-03
6 4.5710289850831E-03 2.2615240595769E-04 4.3448763899505E-03
7 4.7330386005342E-03 3.1003711046651E-04 4.423001781106E-03
8 4.9245310947299E-03 4.1143802809529E-04 4.5130932703614E-03
9 5.1535931415856E-03 5.3409923566505E-04 4.6194940805435E-03
10 5.4220478050411E-03 6.8239768734202E-04 4.7396500594914E-03
11 5.7523404248059E-03 8.630258962512E-04 4.8893145285547E-03
12 6.094804033637E-03 1.0870423866436E-03 5.0077619962394E-03
13 6.5389201045036E-03 1.3702680589631E-03 5.1686521619558E-03
14 7.0848008617759E-03 1.7367432592437E-03 5.3480579517782E-03
15 7.789820432663E-03 2.2309785708785E-03 5.5588418617845E-03
16 8.7100937962532E-03 2.9394088778645E-03 5.7706851512194E-03
17 0.010022682137787 4.0217731148005E-03 6.0009090229869E-03
18 0.012073755264282 5.8077201247215E-03 6.2660351395607E-03
19 0.015585927292705 9.0324319899082E-03 6.5534953027964E-03
20 0.022285263985395 0.015416937880218 6.8683256395161E-03
21 0.035717621445656 0.028503850102425 7.2137699462473E-03
22 0.055835604667664 0.048242669552565 7.5929365120828E-03
23 0.051334138959646 0.04332272335887 8.0114156007767E-03
24 0.036575481295586 0.028100779280066 8.4747020155191E-03
25 0.027860609814525 0.018885118886828 8.9754918590188E-03
26 0.023497704416513 0.013976792804897 9.5209116116166E-03
27 0.021403634920716 0.011278212070465 0.010125421918929
28 0.02052397467196 9.7241457551718E-03 0.010799827985466
29 0.020464994013309 8.8043343275785E-03 0.011660658754408
30 0.020875906571746 8.2616284489632E-03 0.012614278122783
31 0.0212597027421 7.9577462747693E-03 0.01330195646733
32 0.022123096510768 7.8136529773474E-03 0.014309443533421
33 0.023240022361279 7.7817118726671E-03 0.015458310954273
34 0.024510124698281 7.8318687155843E-03 0.016678255051374
35 0.026084853336215 7.9444125294685E-03 0.018140440806746
36 0.027500186115503 8.1066191196442E-03 0.019393566995859
37 0.029291758313775 8.3079067990184E-03 0.020983852446079
38 0.031359784305096 8.5428133606911E-03 0.022816970944405
39 0.03402404487133 8.8053131476045E-03 0.025218730792403
40 0.037413615733385 9.0923914685845E-03 0.028321223333478
41 0.041106078773737 9.401123970747E-03 0.03170495480299
42 0.046935942023993 9.729465469718E-03 0.03720647841692
43 0.052352871745825 0.010075758211315 0.042277112603188
44 0.059194076806307 0.010438433848321 0.048755642026663
45 0.067160233855247 0.010816972702742 0.056343261152506
46 0.077103964984417 0.011210273019969 0.065893694758415
47 0.089763410389423 0.011617654934525 0.078145757317543
48 0.10640486329794 0.0120385652408 0.094366297125816
49 0.12915787100792 0.012472551316023 0.11668532341719
50 0.16252219676971 0.012919240631163 0.14960296452045
51 0.21987803280354 0.013378330506384 0.20649971067905
52 0.34715360403061 0.013849575072527 0.33330404758453
53 0.68730944395065 0.01433277875185 0.67297667264938
54 1.6236716508865 0.014827790670097 1.6088439226151
55 3.8353598117828 0.015334507450461 3.8200254440308
56 8.8748769760132 0.015852872282267 8.8590240478516
57 18.421085357666 0.016382889822125 18.404703140259
58 18.530811309814 0.016924718394876 18.513885498047
59 22.724056243896 0.017478406429291 22.706577301025
60 23.628969192505 0.018044400960207 23.61092376709
61 24.293657302856 0.018623406067491 24.275032043457
62 21.625354766846 0.019216891378164 21.60613822937
63 24.104150772095 0.0198271907866 24.084323883057
64 6.9968452453613 0.020459860563278 6.9763851165771
65 2.8864989280701 0.021126730367541 2.8653721809387
66 1.1827223300934 0.021852798759937 1.1608694791794
67 0.54324322938919 0.022662410512567 0.52058082818985
68 0.31251227855682 0.02341035567224 0.2891018986702
69 0.21883583068848 0.02391416952014 0.19492165744305
70 0.17100831866264 0.024443520233035 0.14656479656696
71 0.14153942465782 0.025046499446034 0.11649292707443
72 0.12112107127905 0.025696033611894 0.0954250395298
73 0.10628227889538 0.026374265551567 0.079908013343811
74 0.095178626477718 0.027072940021753 0.068105690181255
75 0.086731806397438 0.027787527069449 0.058944281190634
76 0.080261930823326 0.028515974059701 0.051745962351561
77 0.075031839311123 0.029257614165545 0.045774225145578
78 0.070596985518932 0.03001157566905 0.040585409849882
79 0.067486949265003 0.030777502804995 0.036709446460009
80 0.064493536949158 0.031555194407701 0.032938342541456
81 0.062375925481319 0.032344531267881 0.030031390488148
82 0.060662239789963 0.03314546495676 0.027516776695848
83 0.059334550052881 0.033957969397306 0.025376580655575
84 0.058315798640251 0.034782059490681 0.023533741012216
85 0.057560916990042 0.035617765039206 0.021943150088191
86 0.056785918772221 0.036465138196945 0.020320780575275
87 0.056478641927242 0.037324242293835 0.019154399633408
88 0.056339647620916 0.038195170462132 0.01814447529614
89 0.056356325745583 0.039078015834093 0.017278309911489
90 0.056515336036682 0.039972931146622 0.01654240489006
91 0.056812576949596 0.040880128741264 0.015932446345687
92 0.057236675173044 0.041799951344728 0.015436724759638
93 0.057858470827341 0.042733076959848 0.015125392004848
94 0.058733820915222 0.04368107393384 0.015052745118737
95 0.059276603162289 0.044648203998804 0.014628400094807
96 0.061091043055058 0.045643959194422 0.015447084791958
97 0.06118143722415 0.046641580760479 0.014539855532348
98 0.062178291380405 0.04759855940938 0.014579731039703
99 0.063463129103184 0.048586402088404 0.014876725152135
100 0.064998604357243 0.049609251320362 0.015389352105558
101 0.064984574913979 0.050638448446989 0.014346129260957
102 0.067100703716278 0.051682818681002 0.015417884103954
103 0.068894080817699 0.052741669118404 0.016152411699295
104 0.07144558429718 0.053814835846424 0.017630748450756
105 0.074154399335384 0.054902374744415 0.019252024590969
106 0.077467955648899 0.056004449725151 0.021463505923748
107 0.081428147852421 0.057121329009533 0.024306822568178
108 0.086264565587044 0.058253306895494 0.028011258691549
109 0.092436671257019 0.059400770813227 0.033035904169083
110 0.10048180818558 0.060564182698727 0.039917625486851
111 0.11475817114115 0.061744146049023 0.053014028817415
112 0.12496944516897 0.06294146925211 0.062027972191572
113 0.14686389267445 0.06415731459856 0.082706578075886
114 0.18276289105415 0.065393500030041 0.11736939102411
115 0.25118252635002 0.066653124988079 0.18452939391136
116 0.38694629073143 0.067942038178444 0.31900426745415
117 0.76256716251373 0.069272175431252 0.69329500198364
118 2.2822301387787 0.0706682279706 2.2115619182587
119 5.4347310066223 0.072164878249168 5.3625659942627
120 1.2393893003464 0.073679648339748 1.1657096147537
121 0.53247040510178 0.074897639453411 0.45757278800011
122 0.31437802314758 0.076082929968834 0.23829509317875
123 0.22408205270767 0.077368378639221 0.14671367406845
124 0.18989580869675 0.078727684915066 0.1111681163311
125 0.15535885095596 0.080136239528656 0.075222611427307
126 0.1385669708252 0.081582099199295 0.056984875351191
127 0.12834212183952 0.083060741424561 0.045281376689672
128 0.1226701810956 0.084570020437241 0.03810016065836
129 0.11795334517956 0.086109556257725 0.031843792647123
130 0.11519676446915 0.087679602205753 0.027517164126039
131 0.11407604813576 0.089281477034092 0.024794572964311
132 0.11279365420341 0.090916253626347 0.021877398714423
133 0.11254398524761 0.092585533857346 0.019958447664976
134 0.11254427582026 0.094291150569916 0.018253123387694
135 0.11299837380648 0.096035212278366 0.016963163390756
136 0.11383130401373 0.097820080816746 0.016011223196983
137 0.11600521206856 0.099648423492908 0.016356790438294
138 0.11568747460842 0.10152321308851 0.014164258725941
139 0.11700537800789 0.10344780236483 0.013557576574385
140 0.11854955554008 0.10542593151331 0.013123625889421
141 0.12055259943008 0.10746181756258 0.013090784661472
142 0.1296608299017 0.10956019163132 0.020100645720959
143 0.124556183815 0.11172641068697 0.012829774059355
144 0.1259079426527 0.11396645009518 0.011941488832235
145 0.13361790776253 0.11628732085228 0.017330585047603
146 0.12986016273499 0.11869676411152 0.011163395829499
147 0.13211511075497 0.12120371311903 0.010911403223872
148 0.13473680615425 0.12381836771965 0.010918435640633
149 0.13823924958706 0.1265525072813 0.01168674044311
150 0.14028307795525 0.12941625714302 0.010866807773709
151 0.14356127381325 0.13243238627911 0.011128883808851
152 0.14597171545029 0.13561557233334 0.010356138460338
153 0.14933985471725 0.13898724317551 0.010352618992329
154 0.15801100432873 0.14257253706455 0.015438458882272
155 0.15649253129959 0.14640121161938 0.010091315954924
156 0.16073061525822 0.15050856769085 0.010222049430013
157 0.16474224627018 0.15493677556515 9.8054828122258E-03
158 0.16945685446262 0.15973657369614 9.7202872857451E-03
159 0.17466299235821 0.16496938467026 9.6935983747244E-03
160 0.18037194013596 0.17071013152599 9.6618020907044E-03
161 0.18669891357422 0.1770508736372 9.6480315551162E-03
162 0.19381093978882 0.1841057986021 9.7051383927464E-03
163 0.20179863274097 0.19201776385307 9.780865162611E-03
164 0.21129290759563 0.2009739279747 0.010318982414901
165 0.23261335492134 0.21119211614132 0.021421240642667
166 0.23532927036285 0.22297751903534 0.012351743876934
167 0.24707677960396 0.23672184348106 0.010354932397604
168 0.26278176903725 0.25294649600983 9.8352506756783E-03
169 0.28208351135254 0.27235695719719 9.7265467047691E-03
170 0.30566000938416 0.29592591524124 9.7341034561396E-03
171 0.33485540747643 0.32502269744873 9.8327305167913E-03
172 0.37146818637848 0.36162120103836 9.8469741642475E-03
173 0.41874358057976 0.40864506363869 0.010098541155457
174 0.48082241415977 0.4705613553524 0.010261075571179
175 0.56639301776886 0.55444586277008 0.011947102844715
176 0.68347388505936 0.67198574542999 0.011488155461848
177 0.85385888814926 0.84344863891602 0.010410289280117
178 1.116069316864 1.1060146093369 0.010054729878902
179 1.5423051118851 1.5322780609131 0.010027043521404
180 2.2840194702148 2.2727735042572 0.0112459436059
181 3.6568593978882 3.6467757225037 0.010083744302392
182 6.2299871444702 6.2197751998901 0.010211781598628
183 9.8422946929932 9.8316783905029 0.010616292245686
184 8.6444387435913 8.6301755905151 0.014263335615396
185 5.2671327590942 5.2533912658691 0.013741562142968
186 3.2127280235291 3.2021253108978 0.010602723807096
187 2.1136791706085 2.1031308174133 0.010548246093094
188 1.5007551908493 1.490426659584 0.010328580625355
189 1.1356803178787 1.1252943277359 0.010385979898274
190 0.90428501367569 0.89384323358536 0.010441796854138
191 0.75001376867294 0.73946726322174 0.010546530596912
192 0.64310991764069 0.63237059116364 0.010739343240857
193 0.56791377067566 0.55608808994293 0.011825693771243
194 0.51171875 0.50016289949417 0.01155580766499
195 0.4702807366848 0.45490276813507 0.015377985313535
196 0.43261358141899 0.41981056332588 0.01280299667269
197 0.40412801504135 0.39280599355698 0.011322037316859
198 0.38285440206528 0.3717870414257 0.011067349463701
199 0.36706358194351 0.35543444752693 0.011629150249064
200 0.35495254397392 0.34308671951294 0.01186584122479
201 0.34896725416183 0.33484053611755 0.014126709662378
202 0.34356042742729 0.33199366927147 0.011566764675081
203 0.34685894846916 0.33543530106544 0.011423652991652
204 0.33849954605103 0.32730039954185 0.011199150234461
205 0.32311978936195 0.31178918480873 0.011330598965287
206 0.31520998477936 0.30191531777382 0.013294656760991
207 0.30751702189445 0.29572647809982 0.01179052144289
208 0.30447059869766 0.29153233766556 0.01293823774904
209 0.30355900526047 0.28855368494987 0.01500532310456
210 0.29872220754623 0.28631064295769 0.012411558069289
211 0.29925125837326 0.28469848632813 0.014552774839103
212 0.2954383790493 0.28358286619186 0.01185552123934
213 0.29479336738586 0.28286874294281 0.011924612335861
214 0.29491743445396 0.28249084949493 0.012426603585482
215 0.31559216976166 0.28240138292313 0.033190775662661
216 0.29483768343925 0.28256338834763 0.01227427367121
217 0.2950581908226 0.28294712305069 0.012111066840589
218 0.29581019282341 0.28352811932564 0.012282054871321
219 0.29644110798836 0.28428599238396 0.012155130505562
220 0.29741424322128 0.28520345687866 0.012210794724524
221 0.29859313368797 0.28626576066017 0.012327367439866
222 0.29993110895157 0.28746592998505 0.012465158477426
223 0.30146270990372 0.28878176212311 0.012680954299867
224 0.30306702852249 0.29001528024673 0.013051744550467
225 0.30564576387405 0.29156243801117 0.014083312824368
226 0.31770542263985 0.29320403933525 0.024501368403435
227 0.309455037117 0.29493430256844 0.014520742930472
228 0.31047359108925 0.29674842953682 0.013725148513913
229 0.31294655799866 0.29864314198494 0.014303421601653
230 0.31570357084274 0.3006180524826 0.015085503458977
231 0.32599288225174 0.30268144607544 0.023311417549849
232 0.32171985507011 0.30487057566643 0.016849279403687
233 0.32713922858238 0.30716210603714 0.019977128133178
234 0.35732817649841 0.30926007032394 0.048068109899759
235 0.33404091000557 0.31145662069321 0.022584307938814
236 0.33543759584427 0.31376138329506 0.021676195785403
237 0.3582124710083 0.3161369562149 0.042075507342815
238 0.33642202615738 0.31857106089592 0.017850963398814
239 0.37493440508842 0.32105866074562 0.053875736892223
240 0.3396709561348 0.32359692454338 0.016074046492577
241 0.34235662221909 0.32618430256844 0.016172321513295
242 0.35440912842751 0.32881933450699 0.025589779019356
243 0.35568627715111 0.33150100708008 0.024185284972191
244 0.35529309511185 0.33422842621803 0.021064665168524
245 0.35274225473404 0.33700081706047 0.01574144884944
246 0.3550733923912 0.33981761336327 0.015255785547197
247 0.35952714085579 0.34267833828926 0.016848793253303
248 0.38184869289398 0.34558263421059 0.036266051232815
249 0.37041914463043 0.34853023290634 0.021888894960284
250 0.37749403715134 0.35152092576027 0.025973094627261
251 0.37507909536362 0.35455459356308 0.02052447758615
252 0.37370893359184 0.35763123631477 0.016077686101198
253 0.3762498497963 0.36075088381767 0.015498954802752
254 0.3791686296463 0.36391368508339 0.015254960395396
255 0.38233748078346 0.36711981892586 0.015217679552734
256 0.38567396998405 0.37036955356598 0.015304429456592
257 0.38954484462738 0.37366324663162 0.015881605446339
258 0.39724242687225 0.37700134515762 0.020241102203727
259 0.40606528520584 0.38038429617882 0.025680981576443
260 0.40012055635452 0.38381272554398 0.016307853162289
261 0.40347877144814 0.38728722929955 0.016191525384784
262 0.4077924489975 0.39080810546875 0.016984347254038
263 0.41926473379135 0.39437717199326 0.024887569248676
264 0.41881546378136 0.3980071246624 0.020808320492506
265 0.42584630846977 0.40167444944382 0.024171881377697
266 0.42244482040405 0.40539240837097 0.0170524045825
267 0.43393895030022 0.40916231274605 0.024776626378298
268 0.43041050434113 0.41298624873161 0.017424257472157
269 0.43353781104088 0.41686409711838 0.016673700883985
270 0.43746927380562 0.42079836130142 0.016670886427164
271 0.44249406456947 0.42479103803635 0.017703022807837
272 0.44721764326096 0.42884540557861 0.018372258171439
273 0.50068414211273 0.43296614289284 0.067717991769314
274 0.45833992958069 0.43713900446892 0.021200919523835
275 0.46246159076691 0.44137927889824 0.021082310006022
276 0.46717634797096 0.445691883564 0.021484479308128
277 0.48027557134628 0.45007738471031 0.03019817173481
278 0.47289407253265 0.45453858375549 0.018355494365096
279 0.47809213399887 0.45907884836197 0.01901326328516
280 0.48205077648163 0.46370211243629 0.018348665907979
281 0.48917889595032 0.46841260790825 0.02076630666852
282 0.49123585224152 0.47321394085884 0.01802191324532
283 0.4994992017746 0.47811383008957 0.021385379135609
284 0.50168430805206 0.48311692476273 0.018567366525531
285 0.50831919908524 0.48822984099388 0.020089339464903
286 0.56103670597076 0.49346187710762 0.067574813961983
287 0.52250397205353 0.49881756305695 0.023686395958066
288 0.52570074796677 0.50430804491043 0.021392690017819
289 0.60998469591141 0.50994396209717 0.10004077106714
290 0.53570753335953 0.5157373547554 0.019970221444964
291 0.54786545038223 0.52170217037201 0.026163298636675
292 0.5475897192955 0.52785485982895 0.019734801724553
293 0.56654524803162 0.53421652317047 0.032328758388758
294 0.56117904186249 0.54082816839218 0.020350906997919
295 0.5673742890358 0.54769611358643 0.019678192213178
296 0.57461416721344 0.55475580692291 0.019858364015818
297 0.5837190747261 0.56215333938599 0.021565737202764
298 0.59622722864151 0.5699205994606 0.026306657120585
299 0.60461759567261 0.57808285951614 0.026534711942077
300 0.61142724752426 0.58667266368866 0.024754570797086
301 0.62772351503372 0.59579020738602 0.031933270394802
302 0.63737779855728 0.60555934906006 0.031818423420191
303 0.65685611963272 0.61597734689713 0.040878817439079
304 0.64899736642838 0.62721526622772 0.021782102063298
305 0.66012305021286 0.63942664861679 0.020696440711617
306 0.67283737659454 0.65280538797379 0.020032031461596
307 0.68772357702255 0.66759967803955 0.020123852416873
308 0.70440477132797 0.68413150310516 0.020273312926292
309 0.72354978322983 0.70282399654388 0.020725760608912
310 0.755151450634 0.72424322366714 0.030908217653632
311 0.77013736963272 0.74915969371796 0.020977675914764
312 0.79949885606766 0.7786448597908 0.020854050293565
313 0.8354400396347 0.81422370672226 0.02121633477509
314 0.8800043463707 0.85812884569168 0.02187548391521
315 0.9381223320961 0.91373479366302 0.024387529119849
316 1.0233755111694 0.98635238409042 0.037023164331913
317 1.1142092943192 1.0847474336624 0.029461767524481
318 1.2470805644989 1.224334359169 0.02274621091783
319 1.4579756259918 1.434336066246 0.023639583960176
320 1.8004921674728 1.7728809118271 0.027611287310719
321 2.3466460704803 2.323606967926 0.023038925603032
322 3.1445300579071 3.1222321987152 0.02229799516499
323 4.6906976699829 4.6679587364197 0.022738721221685
324 7.7943806648254 7.7708249092102 0.023555664345622
325 11.852478027344 11.827375411987 0.025102201849222
326 9.1961708068848 9.1650857925415 0.031084954738617
327 5.5816502571106 5.4905061721802 0.091143898665905
328 3.5318970680237 3.5043706893921 0.027526373043656
329 2.5158278942108 2.4912626743317 0.024565240368247
330 1.9634394645691 1.9399975538254 0.023441933095455
331 1.6414258480072 1.6171926259995 0.024233277887106
332 1.4447982311249 1.416356921196 0.028441295027733
333 1.3378579616547 1.2855838537216 0.052274122834206
334 1.2229460477829 1.1977154016495 0.025230698287487
335 1.1649477481842 1.1376664638519 0.027281180024147
336 1.1206851005554 1.0963907241821 0.024294355884194
337 1.0913542509079 1.0672564506531 0.024097871035337
338 1.0712641477585 1.0471512079239 0.024112965911627
339 1.0587810277939 1.0344712734222 0.02430964820087
340 1.0521512031555 1.0275720357895 0.024579228833318
341 1.0501344203949 1.0252120494843 0.024922359734774
342 1.0522055625916 1.026425242424 0.025780415162444
343 1.0644834041595 1.0310035943985 0.033479861915112
344 1.065847992897 1.0383838415146 0.027464088052511
345 1.0816440582275 1.0483099222183 0.033334154635668
346 1.0888613462448 1.0606299638748 0.028231348842382
347 1.1025103330612 1.0752702951431 0.027240078896284
348 1.1194887161255 1.0922219753265 0.027266712859273
349 1.1395572423935 1.1115366220474 0.028020590543747
350 1.1630328893661 1.1333228349686 0.029710037633777
351 1.1918656826019 1.1577469110489 0.034118808805943
352 1.2362924814224 1.1850365400314 0.051255870610476
353 1.2692108154297 1.2154877185822 0.053723067045212
354 1.2819057703018 1.2494608163834 0.032444998621941
355 1.3827432394028 1.2874529361725 0.09529036283493
356 1.3627911806107 1.3300302028656 0.032760966569185
357 1.4150357246399 1.3779135942459 0.037122152745724
358 1.4871839284897 1.432000041008 0.055183943361044
359 1.5921956300735 1.4934103488922 0.098785206675529
360 1.6050753593445 1.5635553598404 0.04152000695467
361 1.6846590042114 1.6442254781723 0.040433533489704
362 1.7813404798508 1.7377157211304 0.043624710291624
363 1.8995579481125 1.8470029830933 0.052555043250322
364 2.0501244068146 1.9759979248047 0.074126459658146
365 2.21670794487 2.1299161911011 0.086791798472404
366 2.4334819316864 2.3158237934113 0.11765799671412
367 2.7879016399384 2.5435047149658 0.24439708888531
368 3.5635852813721 2.8267459869385 0.73683929443359
369 3.9316802024841 3.1855001449585 0.74617993831635
370 3.8802218437195 3.6494467258453 0.2307750582695
371 4.4718136787415 4.2641854286194 0.20762848854065
372 5.1807360649109 5.1024641990662 0.0782720297575
373 6.3460984230042 6.2855830192566 0.060515116900206
374 8.0795612335205 8.0265798568726 0.052981667220592
375 10.799121856689 10.723099708557 0.076022297143936
376 15.226338386536 15.170669555664 0.055669035762548
377 23.129812240601 23.077342987061 0.052468772977591
378 38.30553817749 38.247924804688 0.057614803314209
379 67.844261169434 67.798538208008 0.045724637806416
380 108.18577575684 108.14921569824 0.036555528640747
381 85.062049865723 85.02653503418 0.035519581288099
382 48.731956481934 48.696834564209 0.035122763365507
383 28.795068740845 28.76035118103 0.034718845039606
384 18.561382293701 18.526649475098 0.034733142703772
385 12.968455314636 12.933378219604 0.035077445209026
386 9.6672096252441 9.6310138702393 0.036195889115334
387 7.5939226150513 7.5374283790588 0.056493826210499
388 6.1919593811035 6.1549463272095 0.037013173103333
389 5.2585368156433 5.2223649024963 0.036171555519104
390 4.625862121582 4.5897359848022 0.036126296967268
391 4.1134252548218 4.0761113166809 0.037313718348742
392 3.650467634201 3.6077075004578 0.04276018217206
393 3.3035349845886 3.2509472370148 0.052587818354368
394 3.0215237140656 2.9821810722351 0.039342608302832
395 2.8244092464447 2.7746620178223 0.049747213721275
396 2.6540389060974 2.6103591918945 0.043679729104042
397 2.5549714565277 2.4791595935822 0.07581203430891
398 2.4158384799957 2.3728835582733 0.042954843491316
399 2.332170009613 2.2862577438354 0.04591216519475
400 2.3087861537933 2.2154335975647 0.093352548778057
401 2.2467319965363 2.1575284004211 0.089203648269176
402 2.2188391685486 2.1103432178497 0.10849602520466
403 2.1418874263763 2.0721750259399 0.069712519645691
404 2.0955357551575 2.041689157486 0.053846515715122
405 2.0690865516663 2.017831325531 0.051255352795124
406 2.0511434078217 1.9997633695602 0.05137998983264
407 2.0417537689209 1.9868178367615 0.054935969412327
408 2.0558500289917 1.9784812927246 0.077368699014187
409 2.0394728183746 1.97429728508 0.065175548195839
410 2.0347516536713 1.9721114635468 0.062640279531479
411 2.042298078537 1.9755251407623 0.066772915422916
412 2.0557296276093 1.9823231697083 0.073406487703323
413 2.1226394176483 1.9923865795135 0.13025268912315
414 2.1375250816345 2.0056517124176 0.13187336921692
415 2.1325666904449 2.0221078395844 0.11045905947685
416 2.159961938858 2.0416495800018 0.11831237375736
417 2.2054536342621 2.0646786689758 0.14077493548393
418 2.2650640010834 2.0911953449249 0.17386867105961
419 2.348073720932 2.1214234828949 0.22665022313595
420 2.4710566997528 2.1556341648102 0.3154225051403
421 2.6729829311371 2.1942849159241 0.47869816422462
422 3.053569316864 2.2378516197205 0.81571763753891
423 4.0115065574646 2.2869913578033 1.7245154380798
424 7.5443263053894 2.3425681591034 5.2017579078674
425 15.39408493042 2.4055581092834 12.988526344299
426 5.4209523200989 2.477281332016 2.9436709880829
427 3.7708096504211 2.5597403049469 1.2110694646835
428 3.2996730804443 2.6553595066071 0.64431363344193
429 3.1961588859558 2.7675220966339 0.4286367893219
430 3.1964869499207 2.901050567627 0.29543653130531
431 3.2798326015472 3.0630750656128 0.21675750613213
432 3.4322776794434 3.2647409439087 0.16753666102886
433 3.6630306243896 3.5246093273163 0.13842134177685
434 3.9952535629272 3.87673163414 0.11852208524942
435 4.4959583282471 4.3916673660278 0.10429130494595
436 5.3342003822327 5.2393174171448 0.094882674515247
437 6.9265956878662 6.8282155990601 0.098380111157894
438 9.627968788147 9.5404806137085 0.087487772107124
439 13.978729248047 13.901160240173 0.077569045126438
440 12.023739814758 11.949640274048 0.074099361896515
441 10.49725818634 10.394815444946 0.10244213789701
442 11.529977798462 11.417182922363 0.11279497295618
443 14.531883239746 14.466133117676 0.065750479698181
444 18.29976272583 18.239566802979 0.060194790363312
445 26.405908584595 26.340476989746 0.065430887043476
446 43.691593170166 43.615463256836 0.076130695641041
447 78.963859558105 78.903251647949 0.060608699917793
448 119.0252456665 118.96538543701 0.059859413653612
449 79.761344909668 79.633293151855 0.12805433571339
450 44.285774230957 44.229961395264 0.055810160934925
451 26.633493423462 26.576969146729 0.056522868573666
452 17.819440841675 17.754585266113 0.06485553830862
453 13.012826919556 12.956154823303 0.056672129780054
454 10.178475379944 10.125075340271 0.053400047123432
455 8.3962202072144 8.3420085906982 0.054211642593145
456 7.2133421897888 7.1613683700562 0.051973976194859
457 6.4175381660461 6.3499445915222 0.067593574523926
458 5.8328766822815 5.7774572372437 0.055419269949198
459 5.4186501502991 5.3671851158142 0.051465138792992
460 5.1256065368652 5.0730600357056 0.052546571940184
461 4.9210953712463 4.8640823364258 0.057013064622879
462 4.7915329933167 4.722797870636 0.068735219538212
463 4.7473435401917 4.6366868019104 0.11065702885389
464 4.6831183433533 4.5982041358948 0.08491413295269
465 4.6709084510803 4.6125631332397 0.058345280587673
466 4.7556643486023 4.6911978721619 0.064466297626495
467 4.9437665939331 4.862325668335 0.081441126763821
468 5.2920451164246 5.196138381958 0.095906510949135
469 5.9906806945801 5.8740344047546 0.11664628982544
470 7.3786172866821 7.3005571365356 0.078060030937195
471 9.3428106307983 8.977915763855 0.36489561200142
472 8.8183155059814 8.748025894165 0.070289708673954
473 10.562078475952 10.402183532715 0.15989477932453
474 15.400680541992 15.332239151001 0.068440973758698
475 17.663866043091 17.592166900635 0.071699902415276
476 11.932525634766 11.591959953308 0.34056550264359
477 8.2838172912598 8.1924448013306 0.091372668743134
478 6.7694544792175 6.6849527359009 0.084502004086971
479 6.0755062103271 5.9808073043823 0.094698905944824
480 5.7961463928223 5.6371250152588 0.15902145206928
481 5.680070400238 5.4770617485046 0.20300869643688
482 5.5897607803345 5.4247722625732 0.16498890519142
483 5.6473145484924 5.4479179382324 0.19939659535885
484 5.8332118988037 5.5404443740845 0.29276740550995
485 6.2402400970459 5.7166056632996 0.52363431453705
486 7.2862005233765 6.0359463691711 1.250254034996
487 12.060974121094 6.6394009590149 5.421573638916
488 9.9412031173706 7.636616230011 2.3045871257782
489 8.522367477417 7.7381362915039 0.78423154354095
490 7.3546919822693 6.965003490448 0.38968858122826
491 6.8202247619629 6.5784883499146 0.24173630774021
492 6.6386203765869 6.4657731056213 0.17284701764584
493 6.6177797317505 6.4843974113464 0.1333821117878
494 6.68150806427 6.5703387260437 0.11116939038038
495 6.7953019142151 6.6960687637329 0.099233016371727
496 6.9726433753967 6.8491048812866 0.12353830784559
497 7.161928653717 7.0236239433289 0.13830465078354
498 7.3016138076782 7.2171921730042 0.084421463310719
499 7.5245065689087 7.4288811683655 0.095625475049019
500 7.733859539032 7.6608171463013 0.073042392730713
501 7.9910769462585 7.920033454895 0.071043536067009
502 8.3040151596069 8.2299327850342 0.074082471430302
503 8.7311162948608 8.6630630493164 0.068052895367146
504 9.065878868103 9.0040760040283 0.061802729964256
505 9.2199087142944 9.1565704345703 0.063338108360767
506 9.4509735107422 9.3907470703125 0.060226384550333
507 9.7756261825562 9.7080116271973 0.067615129053593
508 10.181295394897 10.067707061768 0.11358850449324
509 10.538029670715 10.453719139099 0.08431002497673
510 10.929090499878 10.871334075928 0.057756081223488
511 11.376137733459 11.320774078369 0.05536375194788
512 11.859087944031 11.804447174072 0.054640650749207
513 12.376530647278 12.322332382202 0.054198250174522
514 12.933954238892 12.878878593445 0.055075611919165
515 13.60634803772 13.477626800537 0.12872087955475
516 14.179587364197 14.122854232788 0.056732445955276
517 14.887684822083 14.817436218262 0.070248208940029
518 15.63045501709 15.56924533844 0.061209205538034
519 16.448545455933 16.386655807495 0.061889089643955
520 17.454801559448 17.279613494873 0.17518930137157
521 18.294277191162 18.224538803101 0.069739557802677
522 19.457675933838 19.255481719971 0.20219387114048
523 20.499435424805 20.386926651001 0.11250987648964
524 21.692678451538 21.627132415771 0.065546117722988
525 23.047029495239 22.98900604248 0.058023247867823
526 24.54270362854 24.485124588013 0.057578448206186
527 26.20171546936 26.13614654541 0.065567225217819
528 28.023002624512 27.963945388794 0.059057638049126
529 30.052331924438 29.993936538696 0.05839654058218
530 32.315101623535 32.256862640381 0.058235958218575
531 34.855827331543 34.790500640869 0.065325208008289
532 37.689144134521 37.635032653809 0.054113291203976
533 40.897079467773 40.841796875 0.055282492190599
534 44.772918701172 44.703186035156 0.069731146097183
535 48.952800750732 48.893115997314 0.059683982282877
536 53.767356872559 53.707191467285 0.060165099799633
537 59.333042144775 59.276947021484 0.056093793362379
538 65.788833618164 65.73218536377 0.056654620915651
539 73.367752075195 73.296562194824 0.071195259690285
540 82.325202941895 82.26212310791 0.063076436519623
541 93.046745300293 92.988731384277 0.058015525341034
542 106.02684020996 105.97089385986 0.055949445813894
543 121.95896911621 121.9017868042 0.057183127850294
544 141.84228515625 141.78221130371 0.060065478086472
545 167.21440124512 167.10623168945 0.10817494988441
546 200.15975952148 200.10243225098 0.057336002588272
547 243.45239257812 243.39585876465 0.056529670953751
548 298.91455078125 298.85699462891 0.057556115090847
549 368.04263305664 367.96051025391 0.082105547189713
550 468.78713989258 468.72259521484 0.064558580517769
551 620.97320556641 620.5576171875 0.41557046771049
552 857.63629150391 857.56408691406 0.072171181440353
553 1.2465970458984E+03 1.2465289306641E+03 0.068031348288059
554 1.9279345703125E+03 1.9278751220703E+03 0.059426415711641
555 3.1738137207031E+03 3.1737553710937E+03 0.058257628232241
556 5.298310546875E+03 5.2982524414062E+03 0.05786132439971
557 7.1129814453125E+03 7.112919921875E+03 0.061223905533552
558 5.0195361328125E+03 5.019474609375E+03 0.061547104269266
559 3.0131486816406E+03 3.0130847167969E+03 0.063939772546291
560 1.8552862548828E+03 1.8552192382812E+03 0.067079678177834
561 1.2165886230469E+03 1.2165290527344E+03 0.05959291011095
562 846.9287109375 846.86968994141 0.059007745236158
563 619.35589599609 619.294921875 0.060991823673248
564 471.14416503906 471.0807800293 0.063390582799911
565 369.92272949219 369.85083007813 0.071891032159328
566 298.06344604492 297.92575073242 0.13768655061722
567 245.27583312988 245.11541748047 0.16040572524071
568 205.33320617676 205.2575378418 0.075662240386009
569 174.53759765625 174.46630859375 0.071294844150543
570 150.35818481445 150.20100402832 0.15717667341232
571 131.71549987793 130.7473449707 0.96815037727356
572 114.98857879639 114.91649627686 0.072082571685314
573 101.97238922119 101.86389160156 0.10849894583225
574 90.978881835937 90.907608032227 0.071270801126957
575 81.808570861816 81.73747253418 0.071101762354374
576 74.019004821777 73.938468933105 0.080535173416138
577 67.33674621582 67.250762939453 0.085976995527744
578 61.547801971436 61.472721099854 0.07508085668087
579 56.512393951416 56.445449829102 0.066942781209946
580 52.109592437744 52.045463562012 0.06412835419178
581 48.240413665771 48.172775268555 0.067636519670486
582 44.881053924561 44.736331939697 0.14472453296185
583 41.769958496094 41.690986633301 0.078974388539791
584 39.038345336914 38.971858978271 0.066485092043877
585 36.597106933594 36.534175872803 0.06293011456728
586 34.402412414551 34.340633392334 0.061777133494616
587 32.422077178955 32.359951019287 0.06212617084384
588 30.628366470337 30.565769195557 0.062596797943115
589 29.003179550171 28.935749053955 0.067429333925247
590 27.521867752075 27.450881958008 0.070985905826092
591 26.243520736694 26.094951629639 0.14856907725334
592 24.926580429077 24.854158401489 0.072423011064529
593 23.796335220337 23.716962814331 0.079372987151146
594 22.743001937866 22.67400932312 0.068992041051388
595 21.892148971558 21.713111877441 0.17903673648834
596 20.885459899902 20.818248748779 0.067210473120213
597 20.061931610107 19.996793746948 0.065138570964336
598 19.304368972778 19.239610671997 0.064757831394672
599 18.606914520264 18.540800094604 0.066114492714405
600 17.965761184692 17.895763397217 0.069997861981392
