1 3.8111903704703E-03 4.4274020183366E-06 3.8067628629506E-03
2 4.0968405082822E-03 1.7795560779632E-05 4.0790447965264E-03
3 4.1997423395514E-03 4.039955092594E-05 4.1593429632485E-03
4 4.2903255671263E-03 7.2891001764219E-05 4.2174346745014E-03
5 4.3936246074736E-03 1.1644259939203E-04 4.277182277292E-03
6 4.5154457911849E-03 1.7056943033822E-04 4.3448763899505E-03
7 4.6568387188017E-03 2.3383722873405E-04 4.423001781106E-03
8 4.823409486562E-03 3.1031618709676E-04 4.5130932703614E-03
9 5.0223241560161E-03 4.0283016278408E-04 4.6194940805435E-03
10 5.2543305791914E-03 5.1468028686941E-04 4.7396500594914E-03
11 5.5402289144695E-03 6.5091432770714E-04 4.8893145285547E-03
12 5.8276345953345E-03 8.1987277371809E-04 5.0077619962394E-03
13 6.2021403573453E-03 1.0334881953895E-03 5.1686521619558E-03
14 6.6579501144588E-03 1.3098923955113E-03 5.3480579517782E-03
15 7.2414982132614E-03 1.6826561186463E-03 5.5588418617845E-03
16 7.9876556992531E-03 2.2169707808644E-03 5.7706851512194E-03
17 9.0342247858644E-03 3.0333155300468E-03 6.0009090229869E-03
18 0.010646353475749 4.3803183361888E-03 6.2660351395607E-03
19 0.013365966267884 6.8124714307487E-03 6.5534953027964E-03
20 0.018496140837669 0.011627814732492 6.8683256395161E-03
21 0.028712039813399 0.021498270332813 7.2137699462473E-03
22 0.043978687375784 0.036385748535395 7.5929365120828E-03
23 0.040686424821615 0.032675009220839 8.0114156007767E-03
24 0.029668968170881 0.021194266155362 8.4747020155191E-03
25 0.023219089955091 0.01424359716475 8.9754918590188E-03
26 0.020062536001205 0.010541624389589 9.5209116116166E-03
27 0.018631713464856 8.5062915459275E-03 0.010125421918929
28 0.018134007230401 7.3341783136129E-03 0.010799827985466
29 0.018301093950868 6.6404351964593E-03 0.011660658754408
30 0.01884539052844 6.2311133369803E-03 0.012614278122783
31 0.019303875043988 6.0019181109965E-03 0.01330195646733
32 0.020202683284879 5.8932397514582E-03 0.014309443533421
33 0.021327460184693 5.8691492304206E-03 0.015458310954273
34 0.022585233673453 5.9069786220789E-03 0.016678255051374
35 0.024132302030921 5.9918616898358E-03 0.018140440806746
36 0.02550776861608 6.1142016202211E-03 0.019393566995859
37 0.027249868959188 6.2660174444318E-03 0.020983852446079
38 0.029260160401464 6.4431894570589E-03 0.022816970944405
39 0.031859904527664 6.6411728039384E-03 0.025218730792403
40 0.035178918391466 6.8576945923269E-03 0.028321223333478
41 0.038795500993729 7.0905475877225E-03 0.03170495480299
42 0.044544667005539 7.3381904512644E-03 0.03720647841692
43 0.049876485019922 7.5993719510734E-03 0.042277112603188
44 0.056628555059433 7.872911170125E-03 0.048755642026663
45 0.06450167298317 8.1584136933088E-03 0.056343261152506
46 0.074348740279675 8.4550501778722E-03 0.065893694758415
47 0.086908064782619 8.7623074650764E-03 0.078145757317543
48 0.10344606637955 9.0797673910856E-03 0.094366297125816
49 0.12609241902828 9.40709002316E-03 0.11668532341719
50 0.1593469530344 9.7439931705594E-03 0.14960296452045
51 0.21658995747566 0.010090249590576 0.20649971067905
52 0.34374970197678 0.010445673950016 0.33330404758453
53 0.68378680944443 0.010810116305947 0.67297667264938
54 1.6200273036957 0.011183466762304 1.6088439226151
55 3.831591129303 0.011565644294024 3.8200254440308
56 8.8709802627563 0.011956607922912 8.8590240478516
57 18.417058944702 0.012356357648969 18.404703140259
58 18.526651382446 0.01276501826942 18.513885498047
59 22.719760894775 0.013182622380555 22.706577301025
60 23.624532699585 0.013609508052468 23.61092376709
61 24.289079666138 0.014046208932996 24.275032043457
62 21.620632171631 0.014493829570711 21.60613822937
63 24.099277496338 0.014954131096601 24.084323883057
64 6.9918165206909 0.015431304462254 6.9763851165771
65 2.8813066482544 0.015934275463223 2.8653721809387
66 1.1773513555527 0.016481891274452 1.1608694791794
67 0.53767335414886 0.017092520371079 0.52058082818985
68 0.30675855278969 0.01765663921833 0.2891018986702
69 0.21295829117298 0.018036626279354 0.19492165744305
70 0.16500067710876 0.018435874953866 0.14656479656696
71 0.13538357615471 0.018890654668212 0.11649292707443
72 0.11480558663607 0.019380548968911 0.0954250395298
73 0.099800102412701 0.01989208906889 0.079908013343811
74 0.088524736464024 0.020419044420123 0.068105690181255
75 0.079902283847332 0.020958002656698 0.058944281190634
76 0.073253370821476 0.021507414057851 0.051745962351561
77 0.067841000854969 0.022066775709391 0.045774225145578
78 0.063220843672752 0.022635431960225 0.040585409849882
79 0.059922557324171 0.023213112726808 0.036709446460009
80 0.056738007813692 0.023799665272236 0.032938342541456
81 0.054426394402981 0.024395002052188 0.030031390488148
82 0.052515860646963 0.024999083951116 0.027516776695848
83 0.050988472998142 0.025611894205213 0.025376580655575
84 0.049767181277275 0.026233442127705 0.023533741012216
85 0.04880690202117 0.026863751932979 0.021943150088191
86 0.047823641449213 0.027502860873938 0.020320780575275
87 0.047305215150118 0.028150817379355 0.019154399633408
88 0.046952165663242 0.028807690367103 0.01814447529614
89 0.046751864254475 0.029473554342985 0.017278309911489
90 0.046690925955772 0.030148521065712 0.01654240489006
91 0.046765197068453 0.030832748860121 0.015932446345687
92 0.046963226050138 0.031526502221823 0.015436724759638
93 0.047355677932501 0.032230287790298 0.015125392004848
94 0.047998033463955 0.032945290207863 0.015052745118737
95 0.048303119838238 0.033674716949463 0.014628400094807
96 0.049872826784849 0.034425742924213 0.015447084791958
97 0.049718026071787 0.035178169608116 0.014539855532348
98 0.050479680299759 0.035899948328733 0.014579731039703
99 0.051521725952625 0.036644998937845 0.014876725152135
100 0.052805811166763 0.037416458129883 0.015389352105558
101 0.052538830786943 0.038192700594664 0.014346129260957
102 0.054398275911808 0.038980390876532 0.015417884103954
103 0.055931411683559 0.039778999984264 0.016152411699295
104 0.058219157159328 0.040588408708572 0.017630748450756
105 0.060660678893328 0.041408654302359 0.019252024590969
106 0.063703373074532 0.042239867150784 0.021463505923748
107 0.067389063537121 0.043082240968943 0.024306822568178
108 0.071947261691093 0.043936006724834 0.028011258691549
109 0.077837355434895 0.044801447540522 0.033035904169083
110 0.085596546530724 0.045678921043873 0.039917625486851
111 0.099582903087139 0.046568877995014 0.053014028817415
112 0.10949990153313 0.047471929341555 0.062027972191572
113 0.1310955286026 0.048388946801424 0.082706578075886
114 0.16669070720673 0.049321308732033 0.11736939102411
115 0.23480074107647 0.050271347165108 0.18452939391136
116 0.37024772167206 0.051243476569653 0.31900426745415
117 0.74554169178009 0.052246697247028 0.69329500198364
118 2.2648613452911 0.053299631923437 2.2115619182587
119 5.4169945716858 0.054428435862064 5.3625659942627
120 1.2212805747986 0.055570911616087 1.1657096147537
121 0.51406234502792 0.056489549577236 0.45757278800011
122 0.29567861557007 0.05738352611661 0.23829509317875
123 0.20506671071053 0.058353040367365 0.14671367406845
124 0.17054638266563 0.059378262609243 0.1111681163311
125 0.13566324114799 0.060440625995398 0.075222611427307
126 0.11851600557566 0.061531126499176 0.056984875351191
127 0.10792773216963 0.062646351754665 0.045281376689672
128 0.10188484936953 0.063784688711166 0.03810016065836
129 0.096789635717869 0.064945839345455 0.031843792647123
130 0.093647174537182 0.066130004823208 0.027517164126039
131 0.092132747173309 0.067338176071644 0.024794572964311
132 0.090448565781116 0.068571165204048 0.021877398714423
133 0.089788623154163 0.069830179214478 0.019958447664976
134 0.089369714260101 0.071116596460342 0.018253123387694
135 0.08939516544342 0.07243200391531 0.016963163390756
136 0.089789420366287 0.073778189718723 0.016011223196983
137 0.091513961553574 0.075157172977924 0.016356790438294
138 0.09073544293642 0.076571181416512 0.014164258725941
139 0.091580331325531 0.078022748231888 0.013557576574385
140 0.092638328671455 0.07951470464468 0.013123625889421
141 0.094140999019146 0.081050209701061 0.013090784661472
142 0.10273350030184 0.082632854580879 0.020100645720959
143 0.09709644317627 0.084266670048237 0.012829774059355
144 0.09789764881134 0.085956163704395 0.011941488832235
145 0.10503720492125 0.087706618010998 0.017330585047603
146 0.1006872728467 0.089523874223232 0.011163395829499
147 0.10232607275248 0.091414675116539 0.010911403223872
148 0.10430514812469 0.093386709690094 0.010918435640633
149 0.10713560134172 0.095448859035969 0.01168674044311
150 0.1084755808115 0.097608774900436 0.010866807773709
151 0.11101248860359 0.09988360106945 0.011128883808851
152 0.11264057457447 0.1022844389081 0.010356138460338
153 0.11518004536629 0.10482742637396 0.010352618992329
154 0.12297000735998 0.10753154754639 0.015438458882272
155 0.12051053345203 0.1104192212224 0.010091315954924
156 0.12373912334442 0.11351707577705 0.010222049430013
157 0.12666241824627 0.11685693264008 9.8054828122258E-03
158 0.13019734621048 0.12047705799341 9.7202872857451E-03
159 0.13411736488342 0.12442377209663 9.6935983747244E-03
160 0.13841538131237 0.12875357270241 9.6618020907044E-03
161 0.1431839466095 0.13353592157364 9.6480315551162E-03
162 0.14856204390526 0.13885690271854 9.7051383927464E-03
163 0.15460515022278 0.14482428133488 9.780865162611E-03
164 0.16189821064472 0.15157923102379 0.010318982414901
165 0.18070727586746 0.15928603708744 0.021421240642667
166 0.18052659928799 0.16817486286163 0.012351743876934
167 0.18889608979225 0.17854115366936 0.010354932397604
168 0.20061342418194 0.19077816605568 9.8352506756783E-03
169 0.2151445299387 0.20541797578335 9.7265467047691E-03
170 0.23292835056782 0.22319424152374 9.7341034561396E-03
171 0.25497245788574 0.24513971805573 9.8327305167913E-03
172 0.28259015083313 0.27274316549301 9.8469741642475E-03
173 0.31830820441246 0.30820965766907 0.010098541155457
174 0.36516946554184 0.35490837693214 0.010261075571179
175 0.43012315034866 0.41817605495453 0.011947102844715
176 0.51831549406052 0.50682735443115 0.011488155461848
177 0.64655894041061 0.63614869117737 0.010410289280117
178 0.84423679113388 0.83418202400208 0.010054729878902
179 1.1657069921494 1.1556799411774 0.010027043521404
180 1.7254248857498 1.7141789197922 0.0112459436059
181 2.7605671882629 2.7504835128784 0.010083744302392
182 4.7013115882874 4.6911001205444 0.010211781598628
183 7.4258980751038 7.4152817726135 0.010616292245686
184 6.5233435630798 6.5090804100037 0.014263335615396
185 3.9759721755981 3.962230682373 0.013741562142968
186 2.4257204532623 2.4151177406311 0.010602723807096
187 1.5967787504196 1.5862303972244 0.010548246093094
188 1.1344431638718 1.1241146326065 0.010328580625355
189 0.85910928249359 0.84872329235077 0.010385979898274
190 0.68459928035736 0.67415744066238 0.010441796854138
191 0.56827002763748 0.55772346258163 0.010546530596912
192 0.48768803477287 0.4769486784935 0.010739343240857
193 0.43124035000801 0.41941463947296 0.011825693771243
194 0.38879036903381 0.37723457813263 0.01155580766499
195 0.35847628116608 0.34309828281403 0.015377985313535
196 0.32943394780159 0.3166309595108 0.01280299667269
197 0.30758547782898 0.2962634563446 0.011322037316859
198 0.29147782921791 0.28041049838066 0.011067349463701
199 0.27970612049103 0.26807695627213 0.011629150249064
200 0.27062985301018 0.25876402854919 0.01186584122479
201 0.26667127013206 0.25254458189011 0.014126709662378
202 0.26196414232254 0.25039738416672 0.011566764675081
203 0.2644168138504 0.25299313664436 0.011423652991652
204 0.25805675983429 0.24685761332512 0.011199150234461
205 0.24648928642273 0.23515869677067 0.011330598965287
206 0.24100625514984 0.22771160304546 0.013294656760991
207 0.23483435809612 0.22304382920265 0.01179052144289
208 0.23281875252724 0.21988050639629 0.01293823774904
209 0.23263926804066 0.21763394773006 0.01500532310456
210 0.22835375368595 0.2159421890974 0.012411558069289
211 0.22927904129028 0.21472626924515 0.014552774839103
212 0.22574034333229 0.21388481557369 0.01185552123934
213 0.22527083754539 0.2133462280035 0.011924612335861
214 0.22548779845238 0.21306119859219 0.012426603585482
215 0.24618451297283 0.2129937261343 0.033190775662661
216 0.22539019584656 0.21311591565609 0.01227427367121
217 0.22551640868187 0.21340534090996 0.012111066840589
218 0.2261255979538 0.21384353935719 0.012282054871321
219 0.22657027840614 0.21441514790058 0.012155130505562
220 0.22731789946556 0.21510711312294 0.012210794724524
221 0.22823569178581 0.21590831875801 0.012327367439866
222 0.22927869856358 0.21681353449821 0.012465158477426
223 0.2304869145155 0.21780596673489 0.012680954299867
224 0.23178803920746 0.21873630583286 0.013051744550467
225 0.23398652672768 0.21990321576595 0.014083312824368
226 0.24564272165298 0.22114135324955 0.024501368403435
227 0.23696708679199 0.22244635224342 0.014520742930472
228 0.23753976821899 0.22381462156773 0.013725148513913
229 0.23954707384109 0.22524364292622 0.014303421601653
230 0.24181866645813 0.22673316299915 0.015085503458977
231 0.25160086154938 0.22828944027424 0.023311417549849
232 0.24678981304169 0.229940533638 0.016849279403687
233 0.25164595246315 0.23166884481907 0.019977128133178
234 0.28131929039955 0.23325118422508 0.048068109899759
235 0.25749218463898 0.23490786552429 0.022584307938814
236 0.25832238793373 0.23664617538452 0.021676195785403
237 0.28051340579987 0.23843789100647 0.042075507342815
238 0.25812470912933 0.24027374386787 0.017850963398814
239 0.2960256934166 0.24214994907379 0.053875736892223
240 0.26013839244843 0.24406436085701 0.016074046492577
241 0.26218816637993 0.24601583182812 0.016172321513295
242 0.27359300851822 0.24800324440002 0.025589779019356
243 0.27421107888222 0.25002580881119 0.024185284972191
244 0.27314755320549 0.25208288431168 0.021064665168524
245 0.26991534233093 0.25417390465736 0.01574144884944
246 0.27155417203903 0.25629839301109 0.015255785547197
247 0.27530482411385 0.25845602154732 0.016848793253303
248 0.29691255092621 0.26064652204514 0.036266051232815
249 0.28475853800774 0.26286965608597 0.021888894960284
250 0.29109838604927 0.26512530446053 0.025973094627261
251 0.28793784976006 0.26741337776184 0.02052447758615
252 0.28581154346466 0.26973384618759 0.016077686101198
253 0.28758570551872 0.27208676934242 0.015498954802752
254 0.28972718119621 0.27447220683098 0.015254960395396
255 0.29210802912712 0.27689033746719 0.015217679552734
256 0.29464581608772 0.27934136986732 0.015304429456592
257 0.29770717024803 0.28182557225227 0.015881605446339
258 0.30458432435989 0.28434321284294 0.020241102203727
259 0.31257569789886 0.28689473867416 0.025680981576443
260 0.30578836798668 0.28948053717613 0.016307853162289
261 0.30829262733459 0.292101085186 0.016191525384784
262 0.31174096465111 0.29475662112236 0.016984347254038
263 0.3223360478878 0.29744848608971 0.024887569248676
264 0.32099461555481 0.30018627643585 0.020808320492506
265 0.32712411880493 0.30295225977898 0.024171881377697
266 0.32280886173248 0.3057564496994 0.0170524045825
267 0.33337640762329 0.30859977006912 0.024776626378298
268 0.3289081454277 0.31148388981819 0.017424257472157
269 0.3310823738575 0.314408659935 0.016673700883985
270 0.33404687047005 0.31737598776817 0.016670886427164
271 0.33809036016464 0.32038733363152 0.017703022807837
272 0.34181749820709 0.32344523072243 0.018372258171439
273 0.39427116513252 0.32655316591263 0.067717991769314
274 0.35090136528015 0.32970044016838 0.021200919523835
275 0.35398086905479 0.33289855718613 0.021082310006022
276 0.35763570666313 0.33615124225616 0.021484479308128
277 0.36965706944466 0.33945888280869 0.03019817173481
278 0.36117911338806 0.3428236246109 0.018355494365096
279 0.36526128649712 0.34624800086021 0.01901326328516
280 0.36808362603188 0.34973496198654 0.018348665907979
281 0.37405404448509 0.3532877266407 0.02076630666852
282 0.37493094801903 0.35690903663635 0.01802191324532
283 0.38199001550674 0.36060464382172 0.021385379135609
284 0.38294544816017 0.36437809467316 0.018567366525531
285 0.38832369446754 0.36823436617851 0.020089339464903
286 0.43975529074669 0.37218049168587 0.067574813961983
287 0.39990624785423 0.37621986865997 0.023686395958066
288 0.40175360441208 0.38036093115807 0.021392690017819
289 0.48465242981911 0.38461163640022 0.10004077106714
290 0.40895137190819 0.38898116350174 0.019970221444964
291 0.419643253088 0.39347997307777 0.026163298636675
292 0.41785529255867 0.39812049269676 0.019734801724553
293 0.43524733185768 0.40291857719421 0.032328758388758
294 0.42825612425804 0.40790522098541 0.020350906997919
295 0.43276339769363 0.41308519244194 0.019678192213178
296 0.43826815485954 0.41840979456902 0.019858364015818
297 0.44555494189262 0.42398920655251 0.021565737202764
298 0.45615410804749 0.42984744906425 0.026306657120585
299 0.46253833174706 0.43600362539291 0.026534711942077
300 0.46723684668541 0.44248226284981 0.024754570797086
301 0.48129218816757 0.44935891032219 0.031933270394802
302 0.48854547739029 0.45672702789307 0.031818423420191
303 0.50546330213547 0.46458449959755 0.040878817439079
304 0.49484252929688 0.47306042909622 0.021782102063298
305 0.50296694040298 0.48227050900459 0.020696440711617
306 0.51239311695099 0.49236106872559 0.020032031461596
307 0.52364313602448 0.50351929664612 0.020123852416873
308 0.53626126050949 0.51598793268204 0.020273312926292
309 0.55081206560135 0.53008627891541 0.020725760608912
310 0.57714939117432 0.54624116420746 0.030908217653632
311 0.58601146936417 0.5650337934494 0.020977675914764
312 0.60812616348267 0.58727216720581 0.020854050293565
313 0.63532292842865 0.6141065955162 0.02121633477509
314 0.66909635066986 0.64722084999084 0.02187548391521
315 0.71354764699936 0.68916016817093 0.024387529119849
316 0.78095316886902 0.74393004179001 0.037023164331913
317 0.84760367870331 0.81814193725586 0.029461767524481
318 0.94616782665253 0.92342162132263 0.02274621091783
319 1.1054494380951 1.08180975914 0.023639583960176
320 1.3647595643997 1.3371481895447 0.027611287310719
321 1.775557756424 1.7525187730789 0.023038925603032
322 2.3771584033966 2.3548605442047 0.02229799516499
323 3.543422460556 3.5206837654114 0.022738721221685
324 5.8844933509827 5.8609380722046 0.023555664345622
325 8.9455852508545 8.9204835891724 0.025102201849222
326 6.9436068534851 6.9125218391418 0.031084954738617
327 4.2322120666504 4.1410684585571 0.091143898665905
328 2.6706047058105 2.643078327179 0.027526373043656
329 1.9035338163376 1.8789685964584 0.024565240368247
330 1.4866334199905 1.4631915092468 0.023441933095455
331 1.2439577579498 1.2197244167328 0.024233277887106
332 1.0966907739639 1.068249464035 0.028441295027733
333 1.0218914747238 0.96961736679077 0.052274122834206
334 0.92857563495636 0.90334492921829 0.025230698287487
335 0.88533586263657 0.85805469751358 0.027281180024147
336 0.85121786594391 0.82692354917526 0.024294355884194
337 0.82904762029648 0.80494976043701 0.024097871035337
338 0.81389886140823 0.78978586196899 0.024112965911627
339 0.80453211069107 0.78022247552872 0.02430964820087
340 0.79959809780121 0.77501887083054 0.024579228833318
341 0.79816126823425 0.77323889732361 0.024922359734774
342 0.79993432760239 0.77415388822556 0.025780415162444
343 0.81108683347702 0.77760696411133 0.033479861915112
344 0.81063747406006 0.78317338228226 0.027464088052511
345 0.82399398088455 0.79065984487534 0.033334154635668
346 0.82818329334259 0.79995197057724 0.028231348842382
347 0.8382340669632 0.8109940290451 0.027240078896284
348 0.85104608535767 0.82377934455872 0.027266712859273
349 0.86636751890182 0.83834689855576 0.028020590543747
350 0.88448864221573 0.85477858781815 0.029710037633777
351 0.90731859207153 0.87319982051849 0.034118808805943
352 0.94503819942474 0.8937823176384 0.051255870610476
353 0.97047233581543 0.91674929857254 0.053723067045212
354 0.97481751441956 0.9423725605011 0.032444998621941
355 1.0663174390793 0.971027135849 0.09529036283493
356 1.0359008312225 1.0031398534775 0.032760966569185
357 1.0763767957687 1.0392546653748 0.037122152745724
358 1.1352318525314 1.0800478458405 0.055183943361044
359 1.2251502275467 1.1263650655746 0.098785206675529
360 1.2207900285721 1.179270029068 0.04152000695467
361 1.2805467844009 1.2401132583618 0.040433533489704
362 1.3542505502701 1.310625910759 0.043624710291624
363 1.4456077814102 1.393052816391 0.052555043250322
364 1.5644702911377 1.4903438091278 0.074126459658146
365 1.6932244300842 1.6064326763153 0.086791798472404
366 1.8643064498901 1.7466485500336 0.11765799671412
367 2.1627678871155 1.9183707237244 0.24439708888531
368 2.8688371181488 2.1319978237152 0.73683929443359
369 3.148758649826 2.402578830719 0.74617993831635
370 2.983273267746 2.7524981498718 0.2307750582695
371 3.4237766265869 3.2161481380463 0.20762848854065
372 3.9266698360443 3.848397731781 0.0782720297575
373 4.8012490272522 4.7407336235046 0.060515116900206
374 6.1068158149719 6.0538339614868 0.052981667220592
375 8.1636343002319 8.0876121520996 0.076022297143936
376 11.497742652893 11.442073822021 0.055669035762548
377 17.457941055298 17.405471801758 0.052468772977591
378 28.905094146729 28.847478866577 0.057614803314209
379 51.180969238281 51.135242462158 0.045724637806416
380 81.605224609375 81.568672180176 0.036555528640747
381 64.164520263672 64.128997802734 0.035519581288099
382 36.763412475586 36.728290557861 0.035122763365507
383 21.726448059082 21.691728591919 0.034718845039606
384 14.007966041565 13.973232269287 0.034733142703772
385 9.7897338867188 9.7546558380127 0.035077445209026
386 7.3001317977905 7.2639360427856 0.036195889115334
387 5.7413988113403 5.6849050521851 0.056493826210499
388 4.6792178153992 4.6422047615051 0.037013173103333
389 3.975001335144 3.9388298988342 0.036171555519104
390 3.4978125095367 3.4616861343384 0.036126296967268
391 3.1116123199463 3.074298620224 0.037313718348742
392 2.7637774944305 2.7210173606873 0.04276018217206
393 2.5045282840729 2.4519402980804 0.052587818354368
394 2.2885732650757 2.2492306232452 0.039342608302832
395 2.1424622535706 2.0927150249481 0.049747213721275
396 2.0124735832214 1.9687938690186 0.043679729104042
397 1.9456521272659 1.8698400259018 0.07581203430891
398 1.8326392173767 1.7896842956543 0.042954843491316
399 1.7702612876892 1.7243491411209 0.04591216519475
400 1.764284491539 1.6709319353104 0.093352548778057
401 1.7164620161057 1.6272583007813 0.089203648269176
402 1.7001662254333 1.5916702747345 0.10849602520466
403 1.6325953006744 1.5628827810287 0.069712519645691
404 1.5937361717224 1.5398896932602 0.053846515715122
405 1.5731508731842 1.5218955278397 0.051255352795124
406 1.5596482753754 1.5082683563232 0.05137998983264
407 1.553440451622 1.4985044002533 0.054935969412327
408 1.5695855617523 1.4922169446945 0.077368699014187
409 1.5542367696762 1.4890612363815 0.065175548195839
410 1.5500528812408 1.487412571907 0.062640279531479
411 1.5567601919174 1.4899872541428 0.066772915422916
412 1.5685210227966 1.4951144456863 0.073406487703323
413 1.6329572200775 1.5027046203613 0.13025268912315
414 1.6445827484131 1.5127093791962 0.13187336921692
415 1.6355799436569 1.525120973587 0.11045905947685
416 1.658172249794 1.5398598909378 0.11831237375736
417 1.6980038881302 1.5572289228439 0.14077493548393
418 1.7510970830917 1.5772284269333 0.17386867105961
419 1.826677441597 1.6000273227692 0.22665022313595
420 1.9412522315979 1.6258296966553 0.3154225051403
421 2.133679151535 1.6549808979034 0.47869816422462
422 2.5035576820374 1.6878399848938 0.81571763753891
423 3.4494178295135 1.7249023914337 1.7245154380798
424 6.9685778617859 1.7668195962906 5.2017579078674
425 14.802854537964 1.8143281936646 12.988526344299
426 4.8120946884155 1.8684235811234 2.9436709880829
427 3.1416854858398 1.930615901947 1.2110694646835
428 2.647047996521 2.0027341842651 0.64431363344193
429 2.5159666538239 2.087329864502 0.4286367893219
430 2.4834766387939 2.1880400180817 0.29543653130531
431 2.5270004272461 2.3102428913116 0.21675750613213
432 2.6298806667328 2.4623439311981 0.16753666102886
433 2.7967641353607 2.6583428382874 0.13842134177685
434 3.0424437522888 2.923921585083 0.11852208524942
435 3.4165894985199 3.3122980594635 0.10429130494595
436 4.046498298645 3.9516158103943 0.094882674515247
437 5.2483801841736 5.1500000953674 0.098380111157894
438 7.2831416130066 7.1956539154053 0.087487772107124
439 10.562149047852 10.484580039978 0.077569045126438
440 9.0867977142334 9.0126981735229 0.074099361896515
441 7.942455291748 7.8400130271912 0.10244213789701
442 8.7239007949829 8.6111059188843 0.11279497295618
443 10.976446151733 10.910695075989 0.065750479698181
444 13.816903114319 13.756708145142 0.060194790363312
445 19.932035446167 19.866603851318 0.065430887043476
446 32.97193145752 32.895801544189 0.076130695641041
447 59.571285247803 59.510673522949 0.060608699917793
448 89.786338806152 89.72647857666 0.059859413653612
449 60.189346313477 60.061290740967 0.12805433571339
450 33.41508102417 33.359272003174 0.055810160934925
451 20.101495742798 20.044971466064 0.056522868573666
452 13.455779075623 13.390923500061 0.06485553830862
453 9.8285074234009 9.7718353271484 0.056672129780054
454 7.6899690628052 7.6365685462952 0.053400047123432
455 6.3459496498108 6.2917380332947 0.054211642593145
456 5.453245639801 5.4012713432312 0.051973976194859
457 4.856870174408 4.789276599884 0.067593574523926
458 4.4129128456116 4.3574934005737 0.055419269949198
459 4.0995216369629 4.048056602478 0.051465138792992
460 3.8787670135498 3.8262205123901 0.052546571940184
461 3.725617647171 3.6686046123505 0.057013064622879
462 3.6307797431946 3.5620443820953 0.068735219538212
463 3.6077544689178 3.497097492218 0.11065702885389
464 3.5529873371124 3.4680731296539 0.08491413295269
465 3.537248134613 3.478903055191 0.058345280587673
466 3.6026775836945 3.538211107254 0.064466297626495
467 3.7487208843231 3.6672797203064 0.081441126763821
468 4.0149555206299 3.9190490245819 0.095906510949135
469 4.546980381012 4.4303340911865 0.11664628982544
470 5.5843110084534 5.5062508583069 0.078060030937195
471 7.1362495422363 6.7713537216187 0.36489561200142
472 6.6682553291321 6.5979657173157 0.070289708673954
473 8.0054655075073 7.8455700874329 0.15989477932453
474 11.632374763489 11.563933372498 0.068440973758698
475 13.340123176575 13.268423080444 0.071699902415276
476 9.0834932327271 8.7429275512695 0.34056550264359
477 6.2703061103821 6.1789331436157 0.091372668743134
478 5.1264495849609 5.0419473648071 0.084502004086971
479 4.6055636405945 4.5108647346497 0.094698905944824
480 4.4106731414795 4.2516512870789 0.15902145206928
481 4.3339366912842 4.1309280395508 0.20300869643688
482 4.2564787864685 4.0914897918701 0.16498890519142
483 4.3083438873291 4.1089472770691 0.19939659535885
484 4.4715003967285 4.1787328720093 0.29276740550995
485 4.8352317810059 4.3115978240967 0.52363431453705
486 5.8027057647705 4.5524520874023 1.250254034996
487 10.429164886475 5.0075912475586 5.421573638916
488 8.0643014907837 5.7597146034241 2.3045871257782
489 6.6205148696899 5.8362832069397 0.78423154354095
490 5.6428570747375 5.2531685829163 0.38968858122826
491 5.2033863067627 4.9616498947144 0.24173630774021
492 5.0494842529297 4.8766374588013 0.17284701764584
493 5.0240664482117 4.8906841278076 0.1333821117878
494 5.0666728019714 4.955502986908 0.11116939038038
495 5.149564743042 5.0503315925598 0.099233016371727
496 5.2892932891846 5.1657552719116 0.12353830784559
497 5.4356861114502 5.297381401062 0.13830465078354
498 5.5277967453003 5.4433751106262 0.084421463310719
499 5.6986613273621 5.6030359268188 0.095625475049019
500 5.8510098457336 5.7779674530029 0.073042392730713
501 6.044517993927 5.9734745025635 0.071043536067009
502 6.2812905311584 6.2072081565857 0.074082471430302
503 6.6019377708435 6.5338850021362 0.068052895367146
504 6.8528871536255 6.7910847663879 0.061802729964256
505 6.9694380760193 6.9060997962952 0.063338108360767
506 7.1429471969604 7.0827207565308 0.060226384550333
507 7.3896241188049 7.3220090866089 0.067615129053593
508 7.7068881988525 7.5932998657227 0.11358850449324
509 7.9687495231628 7.8844394683838 0.08431002497673
510 8.2571706771851 8.1994142532349 0.057756081223488
511 8.5937557220459 8.5383920669556 0.05536375194788
512 8.9578313827515 8.903190612793 0.054640650749207
513 9.3479890823364 9.2937908172607 0.054198250174522
514 9.768627166748 9.7135515213013 0.055075611919165
515 10.293862342834 10.165141105652 0.12872087955475
516 10.708519935608 10.651786804199 0.056732445955276
517 11.245904922485 11.175657272339 0.070248208940029
518 11.803897857666 11.74268913269 0.061209205538034
519 12.421088218689 12.359199523926 0.061889089643955
520 13.207877159119 13.032688140869 0.17518930137157
521 13.815112113953 13.745372772217 0.069739557802677
522 14.725129127502 14.522934913635 0.20219387114048
523 15.488805770874 15.376296043396 0.11250987648964
524 16.377235412598 16.311689376831 0.065546117722988
525 17.396869659424 17.338846206665 0.058023247867823
526 18.524831771851 18.467252731323 0.057578448206186
527 19.778060913086 19.712493896484 0.065567225217819
528 21.150119781494 21.091060638428 0.059057638049126
529 22.68052482605 22.622127532959 0.05839654058218
530 24.387117385864 24.328882217407 0.058235958218575
531 26.30513381958 26.239809036255 0.065325208008289
532 28.439334869385 28.385221481323 0.054113291203976
533 30.859121322632 30.803838729858 0.055282492190599
534 33.785919189453 33.716190338135 0.069731146097183
535 36.936016082764 36.876331329346 0.059683982282877
536 40.567386627197 40.507221221924 0.060165099799633
537 44.764152526855 44.708061218262 0.056093793362379
538 49.633403778076 49.576747894287 0.056654620915651
539 55.353176116943 55.281978607178 0.071195259690285
540 62.107097625732 62.044017791748 0.063076436519623
541 70.192291259766 70.13427734375 0.058015525341034
542 79.981674194336 79.925727844238 0.055949445813894
543 91.998359680176 91.941177368164 0.057183127850294
544 106.9955291748 106.93546295166 0.060065478086472
545 126.14360046387 126.0354309082 0.10817494988441
546 150.97926330566 150.92193603516 0.057336002588272
547 183.63137817383 183.57484436035 0.056529670953751
548 225.4624786377 225.40492248535 0.057556115090847
549 277.60653686523 277.5244140625 0.082105547189713
550 353.58609008789 353.52154541016 0.064558580517769
551 468.45465087891 468.03909301758 0.41557046771049
552 646.86706542969 646.794921875 0.072171181440353
553 940.22930908203 940.16131591797 0.068031348288059
554 1.4541079101562E+03 1.4540485839844E+03 0.059426415711641
555 2.3937788085937E+03 2.393720703125E+03 0.058257628232241
556 3.9961237792969E+03 3.9960659179688E+03 0.05786132439971
557 5.3647919921875E+03 5.36473046875E+03 0.061223905533552
558 3.7858666992187E+03 3.7858051757812E+03 0.061547104269266
559 2.2726030273438E+03 2.2725390625E+03 0.063939772546291
560 1.3993167724609E+03 1.3992496337891E+03 0.067079678177834
561 917.59423828125 917.53466796875 0.05959291011095
562 638.78796386719 638.72894287109 0.059007745236158
563 467.14770507812 467.08670043945 0.060991823673248
564 355.36352539062 355.30014038086 0.063390582799911
565 279.02203369141 278.95016479492 0.071891032159328
566 224.8402557373 224.7025604248 0.13768655061722
567 185.03219604492 184.87178039551 0.16040572524071
568 154.88569641113 154.81004333496 0.075662240386009
569 131.65786743164 131.58656311035 0.071294844150543
570 113.44228363037 113.28511047363 0.15717667341232
571 99.580863952637 98.61270904541 0.96815037727356
572 86.744789123535 86.672706604004 0.072082571685314
573 76.936630249023 76.828132629395 0.10849894583225
574 68.635917663574 68.564643859863 0.071270801126957
575 61.719413757324 61.64831161499 0.071101762354374
576 55.846656799316 55.766120910645 0.080535173416138
577 50.808078765869 50.722099304199 0.085976995527744
578 46.439247131348 46.364166259766 0.07508085668087
579 42.639423370361 42.572479248047 0.066942781209946
580 39.318035125732 39.25390625 0.06412835419178
581 36.4006690979 36.333034515381 0.067636519670486
582 33.88591003418 33.741188049316 0.14472453296185
583 31.523290634155 31.444316864014 0.078974388539791
584 29.45997428894 29.393487930298 0.066485092043877
585 27.617860794067 27.554929733276 0.06293011456728
586 25.962285995483 25.900508880615 0.061777133494616
587 24.468757629395 24.406631469727 0.06212617084384
588 23.116014480591 23.053417205811 0.062596797943115
589 21.891448974609 21.824018478394 0.067429333925247
590 20.77508354187 20.704097747803 0.070985905826092
591 19.829992294312 19.681423187256 0.14856907725334
592 18.8180103302 18.745586395264 0.072423011064529
593 17.967260360718 17.887887954712 0.079372987151146
594 17.170259475708 17.101268768311 0.068992041051388
595 16.555574417114 16.376537322998 0.17903673648834
596 15.768820762634 15.701610565186 0.067210473120213
597 15.147187232971 15.082048416138 0.065138570964336
598 14.575722694397 14.510964393616 0.064757831394672
599 14.050019264221 13.983904838562 0.066114492714405
600 13.567400932312 13.497403144836 0.069997861981392
