1 3.8457706104964E-03 3.9007572922856E-05 3.8067628629506E-03
2 4.2358324863017E-03 1.5678758791182E-04 4.0790447965264E-03
3 4.5152828097343E-03 3.5593978827819E-04 4.1593429632485E-03
4 4.859640263021E-03 6.4220529748127E-04 4.2174346745014E-03
5 5.3030983544886E-03 1.0259160771966E-03 4.277182277292E-03
6 5.8476766571403E-03 1.5028000343591E-03 4.3448763899505E-03
7 6.4832218922675E-03 2.0602201111615E-03 4.423001781106E-03
8 7.2471303865314E-03 2.7340371161699E-03 4.5130932703614E-03
9 8.1686247140169E-03 3.5491304006428E-03 4.6194940805435E-03
10 9.2742349952459E-03 4.5345849357545E-03 4.7396500594914E-03
11 0.010624187067151 5.7348730042577E-03 4.8893145285547E-03
12 0.012231240980327 7.223479449749E-03 5.0077619962394E-03
13 0.014274188317358 9.1055361554027E-03 5.1686521619558E-03
14 0.016888849437237 0.01154079195112 5.3480579517782E-03
15 0.02038386464119 0.014825022779405 5.5588418617845E-03
16 0.025303279981017 0.019532594829798 5.7706851512194E-03
17 0.032725900411606 0.026724990457296 6.0009090229869E-03
18 0.044858779758215 0.038592744618654 6.2660351395607E-03
19 0.066574692726135 0.060021199285984 6.5534953027964E-03
20 0.10931505262852 0.10244672745466 6.8683256395161E-03
21 0.19662402570248 0.18941025435925 7.2137699462473E-03
22 0.32816916704178 0.32057622075081 7.5929365120828E-03
23 0.29589420557022 0.28788280487061 8.0114156007767E-03
24 0.19520653784275 0.1867318302393 8.4747020155191E-03
25 0.13446854054928 0.12549304962158 8.9754918590188E-03
26 0.10239776968956 0.092876851558685 9.5209116116166E-03
27 0.085070006549358 0.074944585561752 0.010125421918929
28 0.075417518615723 0.064617693424225 0.010799827985466
29 0.070166133344173 0.058505475521088 0.011660658754408
30 0.067513428628445 0.054899152368307 0.012614278122783
31 0.066181786358356 0.052879828959703 0.01330195646733
32 0.066231764853001 0.05192232131958 0.014309443533421
33 0.06716837733984 0.051710069179535 0.015458310954273
34 0.068721622228622 0.052043367177248 0.016678255051374
35 0.070931665599346 0.052791226655245 0.018140440806746
36 0.073262669146061 0.053869102150202 0.019393566995859
37 0.076190523803234 0.055206675082445 0.020983852446079
38 0.079584613442421 0.056767646223307 0.022816970944405
39 0.083730705082417 0.058511976152658 0.025218730792403
40 0.088740862905979 0.060419637709856 0.028321223333478
41 0.094176143407822 0.062471188604832 0.03170495480299
42 0.1018595173955 0.064653038978577 0.03720647841692
43 0.10923129320145 0.066954180598259 0.042277112603188
44 0.118119828403 0.069364190101624 0.048755642026663
45 0.12822286784649 0.071879610419273 0.056343261152506
46 0.14038680493832 0.074493117630482 0.065893694758415
47 0.15534596145153 0.077200204133987 0.078145757317543
48 0.17436347901821 0.079997189342976 0.094366297125816
49 0.19956637918949 0.082881055772305 0.11668532341719
50 0.23545229434967 0.085849344730377 0.14960296452045
51 0.29539972543716 0.088900029659271 0.20649971067905
52 0.42533552646637 0.092031486332417 0.33330404758453
53 0.76821911334991 0.095242410898209 0.67297667264938
54 1.7073756456375 0.098531797528267 1.6088439226151
55 3.9219243526459 0.10189897567034 3.8200254440308
56 8.9643669128418 0.10534355044365 8.8590240478516
57 18.513568878174 0.10886555165052 18.404703140259
58 18.626352310181 0.11246604472399 18.513885498047
59 22.822723388672 0.11614534258842 22.706577301025
60 23.73083114624 0.11990641802549 23.61092376709
61 24.3987865448 0.12375395745039 24.275032043457
62 21.733835220337 0.1276977211237 21.60613822937
63 24.216075897217 0.13175319135189 24.084323883057
64 7.1123428344727 0.13595733046532 6.9763851165771
65 3.0057611465454 0.14038874208927 2.8653721809387
66 1.3060829639435 0.14521351456642 1.1608694791794
67 0.67117428779602 0.15059344470501 0.52058082818985
68 0.44466552138329 0.15556360781193 0.2891018986702
69 0.35383313894272 0.15891148149967 0.19492165744305
70 0.30899387598038 0.16242906451225 0.14656479656696
71 0.28292882442474 0.16643589735031 0.11649292707443
72 0.26617714762688 0.17075209319592 0.0954250395298
73 0.25516703724861 0.17525900900364 0.079908013343811
74 0.24800744652748 0.17990174889565 0.068105690181255
75 0.24359452724457 0.18465024232864 0.058944281190634
76 0.24123677611351 0.18949082493782 0.051745962351561
77 0.24019329249859 0.1944190710783 0.045774225145578
78 0.24001461267471 0.19942919909954 0.040585409849882
79 0.24122829735279 0.20451885461807 0.036709446460009
80 0.24262501299381 0.20968666672707 0.032938342541456
81 0.24496327340603 0.21493189036846 0.030031390488148
82 0.24777090549469 0.22025413811207 0.027516776695848
83 0.25102987885475 0.2256532907486 0.025376580655575
84 0.254663169384 0.23112943768501 0.023533741012216
85 0.25862592458725 0.23668277263641 0.021943150088191
86 0.26263442635536 0.24231363832951 0.020320780575275
87 0.26717683672905 0.2480224519968 0.019154399633408
88 0.27195429801941 0.25380983948708 0.01814447529614
89 0.27695471048355 0.25967639684677 0.017278309911489
90 0.28216558694839 0.26562318205833 0.01654240489006
91 0.28758400678635 0.27165156602859 0.015932446345687
92 0.29320061206818 0.2777638733387 0.015436724759638
93 0.2990899682045 0.28396457433701 0.015125392004848
94 0.30531683564186 0.29026407003403 0.015052745118737
95 0.31131911277771 0.29669070243835 0.014628400094807
96 0.31875467300415 0.3033075928688 0.015447084791958
97 0.32447671890259 0.30993685126305 0.014539855532348
98 0.33087581396103 0.31629607081413 0.014579731039703
99 0.33773708343506 0.32286036014557 0.014876725152135
100 0.34504663944244 0.32965728640556 0.015389352105558
101 0.35084247589111 0.33649635314941 0.014346129260957
102 0.35885417461395 0.34343627095222 0.015417884103954
103 0.36662483215332 0.35047242045403 0.016152411699295
104 0.37523445487022 0.35760369896889 0.017630748450756
105 0.38408249616623 0.36483046412468 0.019252024590969
106 0.39361736178398 0.37215384840965 0.021463505923748
107 0.40388241410255 0.37957558035851 0.024306822568178
108 0.415108948946 0.38709768652916 0.028011258691549
109 0.42775854468346 0.39472264051437 0.033035904169083
110 0.44237121939659 0.40245360136032 0.039917625486851
111 0.46330857276917 0.4102945625782 0.053014028817415
112 0.48027884960175 0.41825085878372 0.062027972191572
113 0.50903683900833 0.42633026838303 0.082706578075886
114 0.55191421508789 0.43454480171204 0.11736939102411
115 0.62744450569153 0.44291511178017 0.18452939391136
116 0.77048432826996 0.45148003101349 0.31900426745415
117 1.1536139249802 0.4603188931942 0.69329500198364
118 2.6811575889587 0.46959578990936 2.2115619182587
119 5.84210729599 0.47954109311104 5.3625659942627
120 1.6553165912628 0.48960688710213 1.1657096147537
121 0.95527333021164 0.49770054221153 0.45757278800011
122 0.743871986866 0.50557684898376 0.23829509317875
123 0.66083246469498 0.51411879062653 0.14671367406845
124 0.63431960344315 0.52315151691437 0.1111681163311
125 0.60773408412933 0.53251141309738 0.075222611427307
126 0.59910416603088 0.54211926460266 0.056984875351191
127 0.59722632169724 0.55194497108459 0.045281376689672
128 0.60007441043854 0.56197428703308 0.03810016065836
129 0.604048371315 0.57220458984375 0.031843792647123
130 0.6101548075676 0.58263766765594 0.027517164126039
131 0.61807680130005 0.5932822227478 0.024794572964311
132 0.62602287530899 0.60414546728134 0.021877398714423
133 0.63519638776779 0.61523795127869 0.019958447664976
134 0.6448250412941 0.62657189369202 0.018253123387694
135 0.65512448549271 0.63816130161285 0.016963163390756
136 0.66603314876556 0.65002191066742 0.016011223196983
137 0.67852813005447 0.66217136383057 0.016356790438294
138 0.68879377841949 0.67462950944901 0.014164258725941
139 0.70097613334656 0.68741852045059 0.013557576574385
140 0.71368700265884 0.70056337118149 0.013123625889421
141 0.72718274593353 0.71409195661545 0.013090784661472
142 0.7481364607811 0.72803580760956 0.020100645720959
143 0.75526028871536 0.74243050813675 0.012829774059355
144 0.76925724744797 0.75731575489044 0.011941488832235
145 0.79006868600845 0.77273815870285 0.017330585047603
146 0.79991245269775 0.78874909877777 0.011163395829499
147 0.81631928682327 0.80540788173676 0.010911403223872
148 0.83370095491409 0.82278251647949 0.010918435640633
149 0.85263782739639 0.84095108509064 0.01168674044311
150 0.87084776163101 0.85998094081879 0.010866807773709
151 0.89115220308304 0.88002330064774 0.011128883808851
152 0.91153198480606 0.90117585659027 0.010356138460338
153 0.93393343687057 0.92358082532883 0.010352618992329
154 0.9628438949585 0.94740545749664 0.015438458882272
155 0.98293858766556 0.97284722328186 0.010091315954924
156 1.0103628635406 1.0001409053802 0.010222049430013
157 1.039372086525 1.0295666456223 9.8054828122258E-03
158 1.071182012558 1.061461687088 9.7202872857451E-03
159 1.1059278249741 1.0962342023849 9.6935983747244E-03
160 1.1440436840057 1.1343818902969 9.6618020907044E-03
161 1.1861646175385 1.1765166521072 9.6480315551162E-03
162 1.2331022024155 1.2233971357346 9.7051383927464E-03
163 1.2857536077499 1.2759727239609 9.780865162611E-03
164 1.3458060026169 1.3354870080948 0.010318982414901
165 1.4248089790344 1.4033877849579 0.021421240642667
166 1.4940544366837 1.4817026853561 0.012351743876934
167 1.5833896398544 1.5730347633362 0.010354932397604
168 1.6906840801239 1.6808488368988 9.8352506756783E-03
169 1.8195593357086 1.8098326921463 9.7265467047691E-03
170 1.9761843681335 1.966450214386 9.7341034561396E-03
171 2.1696333885193 2.15980052948 9.8327305167913E-03
172 2.4128475189209 2.4030005931854 9.8469741642475E-03
173 2.7255761623383 2.7154774665833 0.010098541155457
174 3.1371772289276 3.1269161701202 0.010261075571179
175 3.6962823867798 3.684335231781 0.011947102844715
176 4.4768848419189 4.4653964042664 0.011488155461848
177 5.6151905059814 5.6047801971436 0.010410289280117
178 7.3596057891846 7.3495512008667 0.010054729878902
179 10.192131996155 10.182105064392 0.010027043521404
180 15.11399936676 15.102753639221 0.0112459436059
181 24.243186950684 24.233102798462 0.010083744302392
182 41.341091156006 41.330879211426 0.010211781598628
183 65.342864990234 65.332252502441 0.010616292245686
184 57.362438201904 57.348175048828 0.014263335615396
185 34.922927856445 34.909187316895 0.013741562142968
186 21.288970947266 21.278367996216 0.010602723807096
187 13.986013412476 13.975464820862 0.010548246093094
188 9.9143266677856 9.903998374939 0.010328580625355
189 7.4880528450012 7.4776668548584 0.010385979898274
190 5.9500980377197 5.9396562576294 0.010441796854138
191 4.9243626594543 4.9138159751892 0.010546530596912
192 4.2128901481628 4.2021508216858 0.010739343240857
193 3.7070736885071 3.6952478885651 0.011825693771243
194 3.3351767063141 3.3236207962036 0.01155580766499
195 3.0382416248322 3.0228636264801 0.015377985313535
196 2.8024761676788 2.7896733283997 0.01280299667269
197 2.6215476989746 2.6102256774902 0.011322037316859
198 2.4816207885742 2.4705533981323 0.011067349463701
199 2.3735182285309 2.361888885498 0.011629150249064
200 2.2917032241821 2.2798373699188 0.01186584122479
201 2.2391676902771 2.2250409126282 0.014126709662378
202 2.2176899909973 2.2061233520508 0.011566764675081
203 2.240416765213 2.2289931774139 0.011423652991652
204 2.1861352920532 2.1749362945557 0.011199150234461
205 2.0831935405731 2.0718629360199 0.011330598965287
206 2.0195450782776 2.0062503814697 0.013294656760991
207 1.9769155979156 1.9651250839233 0.01179052144289
208 1.9501929283142 1.9372546672821 0.01293823774904
209 1.9324666261673 1.9174613952637 0.01500532310456
210 1.9149676561356 1.902556180954 0.012411558069289
211 1.9063960313797 1.8918431997299 0.014552774839103
212 1.8962852954865 1.884429693222 0.01185552123934
213 1.8916090726852 1.8796844482422 0.011924612335861
214 1.8895998001099 1.8771731853485 0.012426603585482
215 1.9097695350647 1.8765788078308 0.033190775662661
216 1.8899296522141 1.8776553869247 0.01227427367121
217 1.8923163414001 1.8802052736282 0.012111066840589
218 1.896348118782 1.8840661048889 0.012282054871321
219 1.901257276535 1.889102101326 0.012155130505562
220 1.9074094295502 1.8951987028122 0.012210794724524
221 1.9145851135254 1.9022578001022 0.012327367439866
222 1.9226982593536 1.9102331399918 0.012465158477426
223 1.9316577911377 1.9189769029617 0.012680954299867
224 1.9402253627777 1.927173614502 0.013051744550467
225 1.9515379667282 1.93745470047 0.014083312824368
226 1.9728646278381 1.9483633041382 0.024501368403435
227 1.974381685257 1.9598609209061 0.014520742930472
228 1.9856412410736 1.9719160795212 0.013725148513913
229 1.9988099336624 1.9845064878464 0.014303421601653
230 2.0127153396606 1.9976298809052 0.015085503458977
231 2.0346527099609 2.0113413333893 0.023311417549849
232 2.0427374839783 2.0258882045746 0.016849279403687
233 2.0610926151276 2.0411155223846 0.019977128133178
234 2.1031248569489 2.055056810379 0.048068109899759
235 2.0922372341156 2.0696530342102 0.022584307938814
236 2.1066446304321 2.084968328476 0.021676195785403
237 2.1428298950195 2.1007542610168 0.042075507342815
238 2.1347799301147 2.1169290542603 0.017850963398814
239 2.1873350143433 2.1334593296051 0.053875736892223
240 2.1664001941681 2.1503262519836 0.016074046492577
241 2.1836919784546 2.167519569397 0.016172321513295
242 2.2106194496155 2.1850297451019 0.025589779019356
243 2.2270348072052 2.2028493881226 0.024185284972191
244 2.2420380115509 2.2209734916687 0.021064665168524
245 2.2551374435425 2.2393960952759 0.01574144884944
246 2.2733697891235 2.258113861084 0.015255785547197
247 2.293972492218 2.2771236896515 0.016848793253303
248 2.3326890468597 2.296422958374 0.036266051232815
249 2.3378989696503 2.3160099983215 0.021888894960284
250 2.3618564605713 2.3358833789825 0.025973094627261
251 2.3765668869019 2.3560423851013 0.02052447758615
252 2.392564535141 2.3764870166779 0.016077686101198
253 2.4127161502838 2.3972172737122 0.015498954802752
254 2.4334890842438 2.4182341098785 0.015254960395396
255 2.4547567367554 2.4395391941071 0.015217679552734
256 2.4764382839203 2.4611339569092 0.015304429456592
257 2.4989023208618 2.4830207824707 0.015881605446339
258 2.5254437923431 2.5052025318146 0.020241102203727
259 2.5533635616302 2.5276827812195 0.025680981576443
260 2.5667726993561 2.5504648685455 0.016307853162289
261 2.5897448062897 2.5735533237457 0.016191525384784
262 2.6139340400696 2.5969495773315 0.016984347254038
263 2.6455538272858 2.6206662654877 0.024887569248676
264 2.6655960083008 2.6447877883911 0.020808320492506
265 2.6933290958405 2.6691572666168 0.024171881377697
266 2.7109160423279 2.6938636302948 0.0170524045825
267 2.743691444397 2.7189147472382 0.024776626378298
268 2.7617492675781 2.7443251609802 0.017424257472157
269 2.7867674827576 2.7700939178467 0.016673700883985
270 2.8129081726074 2.7962372303009 0.016670886427164
271 2.8404719829559 2.8227689266205 0.017703022807837
272 2.8680827617645 2.8497104644775 0.018372258171439
273 2.9448108673096 2.8770930767059 0.067717991769314
274 2.9260230064392 2.9048221111298 0.021200919523835
275 2.9540812969208 2.9329988956451 0.021082310006022
276 2.9831409454346 2.9616565704346 0.021484479308128
277 3.0209968090057 2.9907987117767 0.03019817173481
278 3.0387990474701 3.0204436779022 0.018355494365096
279 3.0696272850037 3.050614118576 0.01901326328516
280 3.0996844768524 3.0813357830048 0.018348665907979
281 3.1334037780762 3.1126375198364 0.02076630666852
282 3.1625647544861 3.1445429325104 0.01802191324532
283 3.1984882354736 3.177102804184 0.021385379135609
284 3.2289161682129 3.2103488445282 0.018567366525531
285 3.2644138336182 3.2443246841431 0.020089339464903
286 3.3466665744781 3.279091835022 0.067574813961983
287 3.3383672237396 3.314680814743 0.023686395958066
288 3.3725581169128 3.3511655330658 0.021392690017819
289 3.4886572360992 3.3886163234711 0.10004077106714
290 3.4470841884613 3.4271140098572 0.019970221444964
291 3.4929139614105 3.4667506217957 0.026163298636675
292 3.527370929718 3.5076360702515 0.019734801724553
293 3.5822381973267 3.5499093532562 0.032328758388758
294 3.6141951084137 3.5938441753387 0.020350906997919
295 3.6591606140137 3.6394824981689 0.019678192213178
296 3.7062530517578 3.6863946914673 0.019858364015818
297 3.7571175098419 3.7355518341064 0.021565737202764
298 3.8134725093842 3.7871658802032 0.026306657120585
299 3.8679397106171 3.841404914856 0.026534711942077
300 3.9232394695282 3.8984847068787 0.024754570797086
301 3.9910047054291 3.9590716362 0.031933270394802
302 4.0558066368103 4.0239882469177 0.031818423420191
303 4.1340951919556 4.09321641922 0.040878817439079
304 4.1896753311157 4.167893409729 0.021782102063298
305 4.2697353363037 4.2490386962891 0.020696440711617
306 4.357973575592 4.3379416465759 0.020032031461596
307 4.4563746452332 4.4362511634827 0.020123852416873
308 4.566379070282 4.5461058616638 0.020273312926292
309 4.6910448074341 4.6703190803528 0.020725760608912
310 4.8435597419739 4.8126511573792 0.030908217653632
311 4.99920129776 4.978223323822 0.020977675914764
312 5.1950082778931 5.1741542816162 0.020854050293565
313 5.4317951202393 5.4105787277222 0.02121633477509
314 5.7242074012756 5.7023315429688 0.02187548391521
315 6.0962247848511 6.0718374252319 0.024387529119849
316 6.5914101600647 6.5543866157532 0.037023164331913
317 7.2376914024353 7.2082295417786 0.029461767524481
318 8.1585416793823 8.1357955932617 0.02274621091783
319 9.5549125671387 9.5312728881836 0.023639583960176
320 11.808540344238 11.780928611755 0.027611287310719
321 15.463584899902 15.440546035767 0.023038925603032
322 20.76976776123 20.747470855713 0.02229799516499
323 31.041683197021 31.018943786621 0.022738721221685
324 51.661281585693 51.637725830078 0.023555664345622
325 78.618919372559 78.593811035156 0.025102201849222
326 60.933776855469 60.902690887451 0.031084954738617
327 36.575977325439 36.484832763672 0.091143898665905
328 23.314336776733 23.286809921265 0.027526373043656
329 16.579196929932 16.554630279541 0.024565240368247
330 12.914874076843 12.891431808472 0.023441933095455
331 10.770601272583 10.746368408203 0.024233277887106
332 9.4402408599854 9.4117994308472 0.028441295027733
333 8.5950765609741 8.5428028106689 0.052274122834206
334 7.9841408729553 7.9589099884033 0.025230698287487
335 7.5871620178223 7.55988073349 0.027281180024147
336 7.3098945617676 7.2856001853943 0.024294355884194
337 7.1160984039307 7.0920004844666 0.024097871035337
338 6.9825124740601 6.9583992958069 0.024112965911627
339 6.8984503746033 6.8741407394409 0.02430964820087
340 6.8528738021851 6.8282947540283 0.024579228833318
341 6.8375344276428 6.8126120567322 0.024922359734774
342 6.8464541435242 6.8206739425659 0.025780415162444
343 6.8845772743225 6.8510971069336 0.033479861915112
344 6.9276041984558 6.9001398086548 0.027464088052511
345 6.9994330406189 6.9660992622375 0.033334154635668
346 7.0761985778809 7.0479674339294 0.028231348842382
347 7.1724934577942 7.1452531814575 0.027240078896284
348 7.285165309906 7.2578983306885 0.027266712859273
349 7.4142661094666 7.3862457275391 0.028020590543747
350 7.5607266426086 7.5310168266296 0.029710037633777
351 7.7274355888367 7.6933164596558 0.034118808805943
352 7.9259142875671 7.8746585845947 0.051255870610476
353 8.1307315826416 8.0770092010498 0.053723067045212
354 8.3352069854736 8.3027620315552 0.032444998621941
355 8.6505136489868 8.5552234649658 0.09529036283493
356 8.8709135055542 8.8381519317627 0.032760966569185
357 9.1934633255005 9.1563415527344 0.037122152745724
358 9.57093334198 9.5157489776611 0.055183943361044
359 10.022611618042 9.9238262176514 0.098785206675529
360 10.431465148926 10.389945030212 0.04152000695467
361 10.966437339783 10.926003456116 0.040433533489704
362 11.590878486633 11.547253608704 0.043624710291624
363 12.326030731201 12.273475646973 0.052555043250322
364 13.204783439636 13.130657196045 0.074126459658146
365 14.24024772644 14.153455734253 0.086791798472404
366 15.506484031677 15.388826370239 0.11765799671412
367 17.146179199219 16.901782989502 0.24439708888531
368 19.520782470703 18.78394317627 0.73683929443359
369 21.914072036743 21.167892456055 0.74617993831635
370 24.481628417969 24.250852584839 0.2307750582695
371 28.543464660645 28.335836410522 0.20762848854065
372 33.984535217285 33.906265258789 0.0782720297575
373 41.828693389893 41.768180847168 0.060515116900206
374 53.390216827393 53.33723449707 0.052981667220592
375 71.331832885742 71.255813598633 0.076022297143936
376 100.8659286499 100.81025695801 0.055669035762548
377 153.40316772461 153.35070800781 0.052468772977591
378 254.21798706055 254.16036987305 0.057614803314209
379 450.57217407227 450.52645874023 0.045724637806416
380 718.69635009766 718.65979003906 0.036555528640747
381 565.04333496094 565.0078125 0.035519581288099
382 323.62930297852 323.59417724609 0.035122763365507
383 191.14944458008 191.11473083496 0.034718845039606
384 123.14573669434 123.11100006104 0.034733142703772
385 85.978363037109 85.943283081055 0.035077445209026
386 64.035018920898 63.998825073242 0.036195889115334
387 50.143283843994 50.08678817749 0.056493826210499
388 40.937103271484 40.900089263916 0.037013173103333
389 34.739185333252 34.703014373779 0.036171555519104
390 30.535270690918 30.499145507813 0.036126296967268
391 27.123384475708 27.086071014404 0.037313718348742
392 24.0162525177 23.973491668701 0.04276018217206
393 21.655380249023 21.602792739868 0.052587818354368
394 19.856163024902 19.816820144653 0.039342608302832
395 18.487588882446 18.437841415405 0.049747213721275
396 17.389715194702 17.346035003662 0.043679729104042
397 16.550016403198 16.474203109741 0.07581203430891
398 15.810947418213 15.767992973328 0.042954843491316
399 15.238269805908 15.192358016968 0.04591216519475
400 14.815078735352 14.721726417542 0.093352548778057
401 14.426144599915 14.336940765381 0.089203648269176
402 14.131887435913 14.023391723633 0.10849602520466
403 13.839473724365 13.76976108551 0.069712519645691
404 13.621026992798 13.567180633545 0.053846515715122
405 13.459897994995 13.40864276886 0.051255352795124
406 13.339960098267 13.288579940796 0.05137998983264
407 13.25749206543 13.202555656433 0.054935969412327
408 13.224528312683 13.147159576416 0.077368699014187
409 13.184532165527 13.119356155396 0.065175548195839
410 13.167471885681 13.104830741882 0.062640279531479
411 13.194288253784 13.127515792847 0.066772915422916
412 13.246095657349 13.172688484192 0.073406487703323
413 13.369813919067 13.239561080933 0.13025268912315
414 13.459582328796 13.327708244324 0.13187336921692
415 13.547519683838 13.43706035614 0.11045905947685
416 13.685230255127 13.566917419434 0.11831237375736
417 13.860722541809 13.719947814941 0.14077493548393
418 14.070020675659 13.896152496338 0.17386867105961
419 14.323671340942 14.097021102905 0.22665022313595
420 14.639776229858 14.324354171753 0.3154225051403
421 15.059887886047 14.581190109253 0.47869816422462
422 15.686412811279 14.870695114136 0.81571763753891
423 16.921747207642 15.197232246399 1.7245154380798
424 20.768301010132 15.566543579102 5.2017579078674
425 28.973644256592 15.985116958618 12.988526344299
426 19.405395507813 16.461723327637 2.9436709880829
427 18.220739364624 17.00966835022 1.2110694646835
428 18.289381027222 17.645067214966 0.64431363344193
429 18.819032669067 18.390396118164 0.4286367893219
430 19.573139190674 19.277702331543 0.29543653130531
431 20.571125030518 20.354368209839 0.21675750613213
432 21.861989974976 21.694454193115 0.16753666102886
433 23.559719085693 23.421297073364 0.13842134177685
434 25.879699707031 25.761177062988 0.11852208524942
435 29.287254333496 29.182964324951 0.10429130494595
436 34.910549163818 34.81566619873 0.094882674515247
437 45.472393035889 45.374011993408 0.098380111157894
438 63.484710693359 63.39722442627 0.087487772107124
439 92.451843261719 92.37427520752 0.077569045126438
440 79.480369567871 79.406272888184 0.074099361896515
441 69.176788330078 69.074340820312 0.10244213789701
442 75.980842590332 75.868049621582 0.11279497295618
443 96.194305419922 96.128555297852 0.065750479698181
444 121.26351165771 121.20331573486 0.060194790363312
445 175.09991455078 175.03448486328 0.065430887043476
446 289.90420532227 289.82806396484 0.076130695641041
447 524.37872314453 524.31811523437 0.060608699917793
448 790.59393310547 790.53405761719 0.059859413653612
449 529.29736328125 529.16931152344 0.12805433571339
450 293.96728515625 293.91146850586 0.055810160934925
451 176.6625213623 176.60598754883 0.056522868573666
452 118.04543304443 117.98057556152 0.06485553830862
453 86.151313781738 86.094635009766 0.056672129780054
454 67.335296630859 67.281898498535 0.053400047123432
455 55.487495422363 55.433284759521 0.054211642593145
456 47.639812469482 47.587841033936 0.051973976194859
457 42.26346206665 42.195865631104 0.067593574523926
458 38.447063446045 38.39164352417 0.055419269949198
459 35.716819763184 35.665351867676 0.051465138792992
460 33.763416290283 33.710872650146 0.052546571940184
461 32.379211425781 32.322196960449 0.057013064622879
462 31.452087402344 31.383352279663 0.068735219538212
463 30.921792984009 30.811136245728 0.11065702885389
464 30.640331268311 30.555418014526 0.08491413295269
465 30.709178924561 30.650833129883 0.058345280587673
466 31.23783493042 31.173368453979 0.064466297626495
467 32.391967773438 32.310523986816 0.081441126763821
468 34.624641418457 34.528736114502 0.095906510949135
469 39.150054931641 39.033405303955 0.11664628982544
470 48.5908203125 48.512760162354 0.078060030937195
471 60.023830413818 59.658931732178 0.36489561200142
472 58.201587677002 58.131298065186 0.070289708673954
473 69.283203125 69.123306274414 0.15989477932453
474 101.95233917236 101.88390350342 0.068440973758698
475 116.97299194336 116.90129089355 0.071699902415276
476 77.370025634766 77.029457092285 0.34056550264359
477 54.530792236328 54.439418792725 0.091372668743134
478 44.506523132324 44.422019958496 0.084502004086971
479 39.837619781494 39.742919921875 0.094698905944824
480 37.618148803711 37.459125518799 0.15902145206928
481 36.598503112793 36.395492553711 0.20300869643688
482 36.213012695313 36.048023223877 0.16498890519142
483 36.401229858398 36.201831817627 0.19939659535885
484 37.109443664551 36.816677093506 0.29276740550995
485 38.510913848877 37.987281799316 0.52363431453705
486 41.359577178955 40.109325408936 1.250254034996
487 49.540897369385 44.119323730469 5.421573638916
488 53.050487518311 50.745899200439 2.3045871257782
489 52.204738616943 51.420505523682 0.78423154354095
490 46.672668457031 46.282978057861 0.38968858122826
491 43.956295013428 43.714557647705 0.24173630774021
492 43.138401031494 42.965557098389 0.17284701764584
493 43.22269821167 43.089317321777 0.1333821117878
494 43.771572113037 43.660404205322 0.11116939038038
495 44.595123291016 44.495887756348 0.099233016371727
496 45.636363983154 45.512825012207 0.12353830784559
497 46.810821533203 46.672515869141 0.13830465078354
498 48.043212890625 47.958793640137 0.084421463310719
499 49.461109161377 49.365482330322 0.095625475049019
500 50.979759216309 50.906715393066 0.073042392730713
501 52.700267791748 52.62922668457 0.071043536067009
502 54.762615203857 54.688533782959 0.074082471430302
503 57.634769439697 57.566715240479 0.068052895367146
504 59.89457321167 59.83277130127 0.061802729964256
505 60.909450531006 60.846111297607 0.063338108360767
506 62.462455749512 62.402229309082 0.060226384550333
507 64.578094482422 64.510475158691 0.067615129053593
508 67.014266967773 66.900680541992 0.11358850449324
509 69.550071716309 69.465759277344 0.08431002497673
510 72.298599243164 72.240844726562 0.057756081223488
511 75.282768249512 75.227401733398 0.05536375194788
512 78.49609375 78.441452026367 0.054640650749207
513 81.937034606934 81.882835388184 0.054198250174522
514 85.636207580566 85.581130981445 0.055075611919165
515 89.688583374023 89.559860229492 0.12872087955475
516 93.904182434082 93.847450256348 0.056732445955276
517 98.533241271973 98.462997436523 0.070248208940029
518 103.52003479004 103.45882415771 0.061209205538034
519 108.95246887207 108.89057922363 0.061889089643955
520 114.99953460693 114.82434844971 0.17518930137157
521 121.17318725586 121.10344696045 0.069739557802677
522 128.15634155273 127.95414733887 0.20219387114048
523 135.58518981934 135.47267150879 0.11250987648964
524 143.77949523926 143.71394348145 0.065546117722988
525 152.82171630859 152.76370239258 0.058023247867823
526 162.7631072998 162.70552062988 0.057578448206186
527 173.74226379395 173.67669677734 0.065567225217819
528 185.88160705566 185.82255554199 0.059057638049126
529 199.3703918457 199.31199645996 0.05839654058218
530 214.40756225586 214.34931945801 0.058235958218575
531 231.25085449219 231.18553161621 0.065325208008289
532 250.14178466797 250.08766174316 0.054113291203976
533 271.4521484375 271.39685058594 0.055282492190599
534 297.12582397461 297.05609130859 0.069731146097183
535 324.95816040039 324.89846801758 0.059683982282877
536 356.94857788086 356.8883972168 0.060165099799633
537 393.95593261719 393.89984130859 0.056093793362379
538 436.85202026367 436.79537963867 0.056654620915651
539 487.13244628906 487.0612487793 0.071195259690285
540 546.701171875 546.63812255859 0.063076436519623
541 617.97521972656 617.91723632812 0.058015525341034
542 704.24060058594 704.18469238281 0.055949445813894
543 810.10382080078 810.04663085938 0.057183127850294
544 942.21374511719 942.15362548828 0.060065478086472
545 1.1105418701172E+03 1.1104337158203E+03 0.10817494988441
546 1.3297532958984E+03 1.3296959228516E+03 0.057336002588272
547 1.6174405517578E+03 1.6173840332031E+03 0.056529670953751
548 1.9859849853516E+03 1.9859274902344E+03 0.057556115090847
549 2.4452077636719E+03 2.4451257324219E+03 0.082105547189713
550 3.1147619628906E+03 3.1146975097656E+03 0.064558580517769
551 4.124068359375E+03 4.1236528320312E+03 0.41557046771049
552 5.6986508789062E+03 5.6985791015625E+03 0.072171181440353
553 8.28334765625E+03 8.2832802734375E+03 0.068031348288059
554 1.28109375E+04 1.2810877929688E+04 0.059426415711641
555 2.108990625E+04 2.108984765625E+04 0.058257628232241
556 3.52073515625E+04 3.520729296875E+04 0.05786132439971
557 4.726595703125E+04 4.72658984375E+04 0.061223905533552
558 3.335485546875E+04 3.335479296875E+04 0.061547104269266
559 2.00222421875E+04 2.0022177734375E+04 0.063939772546291
560 1.2328139648437E+04 1.2328073242188E+04 0.067079678177834
561 8.0839877929688E+03 8.0839282226562E+03 0.05959291011095
562 5.6275727539063E+03 5.627513671875E+03 0.059007745236158
563 4.1153232421875E+03 4.1152622070313E+03 0.060991823673248
564 3.1304311523437E+03 3.1303676757813E+03 0.063390582799911
565 2.4577590332031E+03 2.4576870117187E+03 0.071891032159328
566 1.979876953125E+03 1.9797392578125E+03 0.13768655061722
567 1.6289710693359E+03 1.6288106689453E+03 0.16040572524071
568 1.3640277099609E+03 1.3639520263672E+03 0.075662240386009
569 1.1594132080078E+03 1.1593419189453E+03 0.071294844150543
570 998.25433349609 998.09710693359 0.15717667341232
571 869.79431152344 868.82611083984 0.96815037727356
572 763.70098876953 763.62890625 0.072082571685314
573 677.00183105469 676.89331054687 0.10849894583225
574 604.15924072266 604.08801269531 0.071270801126957
575 543.22283935547 543.15173339844 0.071101762354374
576 491.40728759766 491.32675170898 0.080535173416138
577 446.97244262695 446.88647460938 0.085976995527744
578 408.56600952148 408.4909362793 0.07508085668087
579 375.15127563477 375.08432006836 0.066942781209946
580 345.91018676758 345.84606933594 0.06412835419178
581 320.1794128418 320.11178588867 0.067636519670486
582 297.42105102539 297.27633666992 0.14472453296185
583 277.11874389648 277.0397644043 0.078974388539791
584 259.03747558594 258.9709777832 0.066485092043877
585 242.83531188965 242.77238464355 0.06293011456728
586 228.25790405273 228.19613647461 0.061777133494616
587 215.09646606445 215.03434753418 0.06212617084384
588 203.17446899414 203.11187744141 0.062596797943115
589 192.34768676758 192.28025817871 0.067429333925247
590 182.48419189453 182.41320800781 0.070985905826092
591 173.55151367188 173.40295410156 0.14856907725334
592 165.2301940918 165.15777587891 0.072423011064529
593 157.68040466309 157.60102844238 0.079372987151146
594 150.73951721191 150.67051696777 0.068992041051388
595 144.46432495117 144.2852935791 0.17903673648834
596 138.40606689453 138.33885192871 0.067210473120213
597 132.94535827637 132.88021850586 0.065138570964336
598 127.91344451904 127.84868621826 0.064757831394672
599 123.27114868164 123.20503234863 0.066114492714405
600 118.98870849609 118.91870880127 0.069997861981392
