1 3.8249033968896E-03 1.8140486645279E-05 3.8067628629506E-03
2 4.1519589722157E-03 7.2914132033475E-05 4.0790447965264E-03
3 4.3248729780316E-03 1.6552994202357E-04 4.1593429632485E-03
4 4.516092594713E-03 2.9865786200389E-04 4.2174346745014E-03
5 4.7542848624289E-03 4.7710273065604E-04 4.277182277292E-03
6 5.0437543541193E-03 6.988777895458E-04 4.3448763899505E-03
7 5.3811077959836E-03 9.581062477082E-04 4.423001781106E-03
8 5.7845581322908E-03 1.2714650947601E-03 4.5130932703614E-03
9 6.2700184062123E-03 1.6505245584995E-03 4.6194940805435E-03
10 6.8484605289996E-03 2.1088104695082E-03 4.7396500594914E-03
11 7.5563192367554E-03 2.6670049410313E-03 4.8893145285547E-03
12 8.3670439198613E-03 3.3592821564525E-03 5.0077619962394E-03
13 9.4031849876046E-03 4.2345332913101E-03 5.1686521619558E-03
14 0.010715107433498 5.367049947381E-03 5.3480579517782E-03
15 0.012453224509954 6.89438264817E-03 5.5588418617845E-03
16 0.014854326844215 9.083641692996E-03 5.7706851512194E-03
17 0.01842937618494 0.012428468093276 6.0009090229869E-03
18 0.024213606491685 0.017947571352124 6.2660351395607E-03
19 0.034466378390789 0.027912883087993 6.5534953027964E-03
20 0.054511219263077 0.047642894089222 6.8683256395161E-03
21 0.095299087464809 0.088085316121578 7.2137699462473E-03
22 0.15667703747749 0.14908410608768 7.5929365120828E-03
23 0.1418914347887 0.13388001918793 8.0114156007767E-03
24 0.095314413309097 0.086839713156223 8.4747020155191E-03
25 0.067336089909077 0.05836059525609 8.9754918590188E-03
26 0.052713330835104 0.04319242015481 9.5209116116166E-03
27 0.044978432357311 0.034853007644415 0.010125421918929
28 0.040850311517715 0.030050484463573 0.010799827985466
29 0.03886865451932 0.027207994833589 0.011660658754408
30 0.038145150989294 0.025530872866511 0.012614278122783
31 0.037893742322922 0.024591786786914 0.01330195646733
32 0.038455940783024 0.024146497249603 0.014309443533421
33 0.03950610011816 0.024047788232565 0.015458310954273
34 0.040881045162678 0.024202788248658 0.016678255051374
35 0.042691022157669 0.024550581350923 0.018140440806746
36 0.044445417821407 0.025051848962903 0.019393566995859
37 0.046657737344503 0.025673886761069 0.020983852446079
38 0.049216788262129 0.026399817317724 0.022816970944405
39 0.052429750561714 0.027211019769311 0.025218730792403
40 0.056419398635626 0.028098177164793 0.028321223333478
41 0.060757204890251 0.029052251949906 0.03170495480299
42 0.067273400723934 0.03006692416966 0.03720647841692
43 0.07341418415308 0.031137069687247 0.042277112603188
44 0.081013485789299 0.032257843762636 0.048755642026663
45 0.089770905673504 0.033427640795708 0.056343261152506
46 0.1005367487669 0.034643054008484 0.065893694758415
47 0.11404774338007 0.035901986062527 0.078145757317543
48 0.1315690279007 0.037202723324299 0.094366297125816
49 0.15522919595242 0.038543868809938 0.11668532341719
50 0.18952722847462 0.039924271404743 0.14960296452045
51 0.24784269928932 0.041342996060848 0.20649971067905
52 0.37610331177711 0.042799279093742 0.33330404758453
53 0.7172691822052 0.044292520731688 0.67297667264938
54 1.6546660661697 0.045822255313396 1.6088439226151
55 3.867413520813 0.047388158738613 3.8200254440308
56 8.9080142974854 0.048990063369274 8.8590240478516
57 18.455331802368 0.050627969205379 18.404703140259
58 18.566188812256 0.052302379161119 18.513885498047
59 22.760591506958 0.054013438522816 22.706577301025
60 23.666687011719 0.055762529373169 23.61092376709
61 24.332584381104 0.057551827281713 24.275032043457
62 21.665523529053 0.059385873377323 21.60613822937
63 24.145595550537 0.061271876096725 24.084323883057
64 7.0396122932434 0.063227012753487 6.9763851165771
65 2.9306602478027 0.065287843346596 2.8653721809387
66 1.2284010648727 0.067531608045101 1.1608694791794
67 0.5906143784523 0.070033542811871 0.52058082818985
68 0.36144682765007 0.072344921529293 0.2891018986702
69 0.26882350444794 0.073901854455471 0.19492165744305
70 0.22210250794888 0.075537703931332 0.14656479656696
71 0.19389401376247 0.077401086688042 0.11649292707443
72 0.1748333722353 0.079408332705498 0.0954250395298
73 0.16141228377819 0.08150427788496 0.079908013343811
74 0.1517690718174 0.083663381636143 0.068105690181255
75 0.14481595158577 0.085871666669846 0.058944281190634
76 0.13986873626709 0.0881227850914 0.051745962351561
77 0.13618889451027 0.090414673089981 0.045774225145578
78 0.13333004713058 0.092744633555412 0.040585409849882
79 0.13182102143764 0.095111578702927 0.036709446460009
80 0.13045321404934 0.097514875233173 0.032938342541456
81 0.12998555600643 0.099954165518284 0.030031390488148
82 0.12994605302811 0.1024292781949 0.027516776695848
83 0.13031673431396 0.10494016110897 0.025376580655575
84 0.1310205757618 0.10748684406281 0.023533741012216
85 0.13201257586479 0.11006942391396 0.021943150088191
86 0.13300883769989 0.11268805712461 0.020320780575275
87 0.13449734449387 0.11534293740988 0.019154399633408
88 0.13617883622646 0.11803436279297 0.01814447529614
89 0.13804093003273 0.12076261639595 0.017278309911489
90 0.14007057249546 0.12352817505598 0.01654240489006
91 0.14226412773132 0.12633167207241 0.015932446345687
92 0.1446109265089 0.12917420268059 0.015436724759638
93 0.14718322455883 0.1320578455925 0.015125392004848
94 0.15004017949104 0.13498742878437 0.015052745118737
95 0.15260453522205 0.13797613978386 0.014628400094807
96 0.1565003991127 0.14105331897736 0.015447084791958
97 0.15867611765862 0.14413626492023 0.014539855532348
98 0.16167335212231 0.14709362387657 0.014579731039703
99 0.16502305865288 0.15014633536339 0.014876725152135
100 0.16869659721851 0.15330724418163 0.015389352105558
101 0.17083390057087 0.15648776292801 0.014346129260957
102 0.17513306438923 0.15971519052982 0.015417884103954
103 0.17913976311684 0.16298735141754 0.016152411699295
104 0.18393449485302 0.16630373895168 0.017630748450756
105 0.18891657888889 0.1696645617485 0.019252024590969
106 0.19453381001949 0.17307029664516 0.021463505923748
107 0.20082859694958 0.17652177810669 0.024306822568178
108 0.20803119242191 0.18001993000507 0.028011258691549
109 0.21660183370113 0.18356592953205 0.033035904169083
110 0.22707884013653 0.18716122210026 0.039917625486851
111 0.24382168054581 0.19080765545368 0.053014028817415
112 0.25653570890427 0.1945077329874 0.062027972191572
113 0.2809716463089 0.19826506078243 0.082706578075886
114 0.31945464015007 0.20208524167538 0.11736939102411
115 0.39050725102425 0.20597785711288 0.18452939391136
116 0.52896523475647 0.20996098220348 0.31900426745415
117 0.90736645460129 0.21407149732113 0.69329500198364
118 2.4299476146698 0.21838571131229 2.2115619182587
119 5.5855770111084 0.22301079332829 5.3625659942627
120 1.3934015035629 0.2276918888092 1.1657096147537
121 0.68902862071991 0.2314558327198 0.45757278800011
122 0.4734138250351 0.23511873185635 0.23829509317875
123 0.38580483198166 0.23909115791321 0.14671367406845
124 0.35445994138718 0.24329182505608 0.1111681163311
125 0.32286727428436 0.24764466285706 0.075222611427307
126 0.30909767746925 0.25211277604103 0.056984875351191
127 0.30196362733841 0.25668224692345 0.045281376689672
128 0.29944652318954 0.26134636998177 0.03810016065836
129 0.29794776439667 0.26610398292542 0.031843792647123
130 0.29847306013107 0.2709558904171 0.027517164126039
131 0.30070069432259 0.27590614557266 0.024794572964311
132 0.30283549427986 0.28095808625221 0.021877398714423
133 0.30607512593269 0.28611665964127 0.019958447664976
134 0.30964064598083 0.29138752818108 0.018253123387694
135 0.31374034285545 0.29677718877792 0.016963163390756
136 0.31830418109894 0.30229294300079 0.016011223196983
137 0.32429987192154 0.30794307589531 0.016356790438294
138 0.32790100574493 0.31373673677444 0.014164258725941
139 0.33324185013771 0.31968426704407 0.013557576574385
140 0.33892089128494 0.32579728960991 0.013123625889421
141 0.34517955780029 0.33208876848221 0.013090784661472
142 0.3586739897728 0.33857336640358 0.020100645720959
143 0.35809737443924 0.34526762366295 0.012829774059355
144 0.36413151025772 0.3521900177002 0.011941488832235
145 0.37669277191162 0.35936218500137 0.017330585047603
146 0.37797147035599 0.36680808663368 0.011163395829499
147 0.38546666502953 0.37455528974533 0.010911403223872
148 0.39355379343033 0.38263535499573 0.010918435640633
149 0.40277138352394 0.39108464121819 0.01168674044311
150 0.41080129146576 0.39993450045586 0.010866807773709
151 0.42038407921791 0.40925520658493 0.011128883808851
152 0.42944833636284 0.41909217834473 0.010356138460338
153 0.43986424803734 0.42951163649559 0.010352618992329
154 0.45602974295616 0.44059127569199 0.015438458882272
155 0.46251434087753 0.45242300629616 0.010091315954924
156 0.47533798217773 0.46511593461037 0.010222049430013
157 0.48860588669777 0.47880038619041 9.8054828122258E-03
158 0.50335347652435 0.49363321065903 9.7202872857451E-03
159 0.51949775218964 0.50980418920517 9.6935983747244E-03
160 0.53720653057098 0.52754473686218 9.6618020907044E-03
161 0.55678755044937 0.54713952541351 9.6480315551162E-03
162 0.57864648103714 0.56894135475159 9.7051383927464E-03
163 0.60317248106003 0.59339159727097 9.780865162611E-03
164 0.63138777017593 0.62106877565384 0.010318982414901
165 0.67406731843948 0.6526460647583 0.021421240642667
166 0.70141816139221 0.6890664100647 0.012351743876934
167 0.74189537763596 0.73154044151306 0.010354932397604
168 0.7915146946907 0.78167945146561 9.8352506756783E-03
169 0.85139000415802 0.84166347980499 9.7265467047691E-03
170 0.92423260211945 0.91449850797653 9.7341034561396E-03
171 1.0142488479614 1.0044161081314 9.8327305167913E-03
172 1.1273633241653 1.1175163984299 9.8469741642475E-03
173 1.2729325294495 1.2628339529037 0.010098541155457
174 1.4644347429276 1.4541735649109 0.010261075571179
175 1.7253487110138 1.713401556015 0.011947102844715
176 2.0881226062775 2.0766344070435 0.011488155461848
177 2.6169157028198 2.6065053939819 0.010410289280117
178 3.427966594696 3.4179117679596 0.010054729878902
179 4.7452192306519 4.7351922988892 0.010027043521404
180 7.0347876548767 7.0235419273376 0.0112459436059
181 11.279698371887 11.269614219666 0.010083744302392
182 19.231155395508 19.220943450928 0.010211781598628
183 30.393407821655 30.382791519165 0.010616292245686
184 26.684057235718 26.669792175293 0.014263335615396
185 16.248273849487 16.234531402588 0.013741562142968
186 9.9061164855957 9.8955135345459 0.010602723807096
187 6.5098438262939 6.4992957115173 0.010548246093094
188 4.6161870956421 4.6058588027954 0.010328580625355
189 3.4878780841827 3.4774920940399 0.010385979898274
190 2.7726814746857 2.7622396945953 0.010441796854138
191 2.2957186698914 2.2851722240448 0.010546530596912
192 1.9649512767792 1.9542119503021 0.010739343240857
193 1.7303022146225 1.7184765338898 0.011825693771243
194 1.5572069883347 1.5456511974335 0.01155580766499
195 1.4211618900299 1.4057838916779 0.015377985313535
196 1.3101416826248 1.2973387241364 0.01280299667269
197 1.2252085208893 1.2138864994049 0.011322037316859
198 1.1599992513657 1.1489318609238 0.011067349463701
199 1.1100265979767 1.0983974933624 0.011629150249064
200 1.0721051692963 1.060239315033 0.01186584122479
201 1.0488829612732 1.0347561836243 0.014126709662378
202 1.0375252962112 1.0259585380554 0.011566764675081
203 1.0480178594589 1.0365941524506 0.011423652991652
204 1.0226541757584 1.0114549398422 0.011199150234461
205 0.97485131025314 0.96352070569992 0.011330598965287
206 0.9463022351265 0.93300753831863 0.013294656760991
207 0.92567276954651 0.9138822555542 0.01179052144289
208 0.91385930776596 0.9009211063385 0.01293823774904
209 0.90672153234482 0.8917161822319 0.01500532310456
210 0.89719605445862 0.88478451967239 0.012411558069289
211 0.89435523748398 0.87980246543884 0.014552774839103
212 0.8882103562355 0.87635481357574 0.01185552123934
213 0.88607263565063 0.87414801120758 0.011924612335861
214 0.88540679216385 0.8729801774025 0.012426603585482
215 0.90589451789856 0.87270373106003 0.033190775662661
216 0.88547867536545 0.87320441007614 0.01227427367121
217 0.88650131225586 0.87439024448395 0.012111066840589
218 0.88846772909164 0.87618571519852 0.012282054871321
219 0.89068287611008 0.87852770090103 0.012155130505562
220 0.89357370138168 0.88136291503906 0.012210794724524
221 0.89697313308716 0.88464576005936 0.012327367439866
222 0.90081983804703 0.88835471868515 0.012465158477426
223 0.90510195493698 0.89242100715637 0.012680954299867
224 0.90928465127945 0.89623290300369 0.013051744550467
225 0.91509741544724 0.90101408958435 0.014083312824368
226 0.93058854341507 0.90608716011047 0.024501368403435
227 0.92595487833023 0.91143417358398 0.014520742930472
228 0.93076550960541 0.91704034805298 0.013725148513913
229 0.93719899654388 0.92289555072784 0.014303421601653
230 0.94408410787582 0.92899864912033 0.015085503458977
231 0.9586865901947 0.9353751540184 0.023311417549849
232 0.95898950099945 0.94214022159576 0.016849279403687
233 0.96919876337051 0.94922167062759 0.019977128133178
234 1.0037730932236 0.95570504665375 0.048068109899759
235 0.98507726192474 0.96249294281006 0.022584307938814
236 0.99129164218903 0.96961539983749 0.021676195785403
237 1.0190321207047 0.9769566655159 0.042075507342815
238 1.0023297071457 0.98447871208191 0.017850963398814
239 1.0460418462753 0.99216610193253 0.053875736892223
240 1.0160840749741 1.0000101327896 0.016074046492577
241 1.0241782665253 1.0080058574677 0.016172321513295
242 1.0417387485504 1.0161489248276 0.025589779019356
243 1.0486212968826 1.0244359970093 0.024185284972191
244 1.0539292097092 1.0328645706177 0.021064665168524
245 1.0571734905243 1.0414320230484 0.01574144884944
246 1.0653926134109 1.0501368045807 0.015255785547197
247 1.0758261680603 1.0589773654938 0.016848793253303
248 1.1042184829712 1.0679525136948 0.036266051232815
249 1.0989502668381 1.0770614147186 0.021888894960284
250 1.112276673317 1.0863035917282 0.025973094627261
251 1.1162029504776 1.0956784486771 0.02052447758615
252 1.1212638616562 1.1051862239838 0.016077686101198
253 1.13032579422 1.114826798439 0.015498954802752
254 1.1398557424545 1.1246007680893 0.015254960395396
255 1.1497263908386 1.134508728981 0.015217679552734
256 1.159855723381 1.1445513963699 0.015304429456592
257 1.1706115007401 1.1547298431396 0.015881605446339
258 1.1852866411209 1.1650454998016 0.020241102203727
259 1.2011808156967 1.1754999160767 0.025680981576443
260 1.2024025917053 1.1860946416855 0.016307853162289
261 1.2130235433578 1.1968319416046 0.016191525384784
262 1.2246968746185 1.2077125310898 0.016984347254038
263 1.2436295747757 1.2187420129776 0.024887569248676
264 1.2507679462433 1.2299596071243 0.020808320492506
265 1.2654645442963 1.2412927150726 0.024171881377697
266 1.2698347568512 1.2527823448181 0.0170524045825
267 1.2892090082169 1.2644324302673 0.024776626378298
268 1.2936737537384 1.2762495279312 0.017424257472157
269 1.3049069643021 1.2882332801819 0.016673700883985
270 1.3170622587204 1.3003913164139 0.016670886427164
271 1.3304328918457 1.3127298355103 0.017703022807837
272 1.3436312675476 1.3252589702606 0.018372258171439
273 1.4057112932205 1.3379932641983 0.067717991769314
274 1.3720896244049 1.3508887290955 0.021200919523835
275 1.3850746154785 1.3639923334122 0.021082310006022
276 1.3988040685654 1.3773195743561 0.021484479308128
277 1.4210703372955 1.3908721208572 0.03019817173481
278 1.4230140447617 1.4046585559845 0.018355494365096
279 1.4377025365829 1.4186893701553 0.01901326328516
280 1.4513251781464 1.4329764842987 0.018348665907979
281 1.4682996273041 1.4475333690643 0.02076630666852
282 1.4803928136826 1.4623709917068 0.01802191324532
283 1.4988983869553 1.4775129556656 0.021385379135609
284 1.5115414857864 1.4929740428925 0.018567366525531
285 1.5288637876511 1.5087745189667 0.020089339464903
286 1.5925178527832 1.5249429941177 0.067574813961983
287 1.5651800632477 1.5414936542511 0.023686395958066
288 1.5798535346985 1.5584608316422 0.021392690017819
289 1.6759182214737 1.5758774280548 0.10004077106714
290 1.6137509346008 1.5937807559967 0.019970221444964
291 1.6383770704269 1.6122138500214 0.026163298636675
292 1.6509623527527 1.6312276124954 0.019734801724553
293 1.6832156181335 1.6508868932724 0.032328758388758
294 1.6916697025299 1.671318769455 0.020350906997919
295 1.7122210264206 1.6925427913666 0.019678192213178
296 1.7342177629471 1.7143594026566 0.019858364015818
297 1.7587856054306 1.7372199296951 0.021565737202764
298 1.787529706955 1.761223077774 0.026306657120585
299 1.8129816055298 1.786446928978 0.026534711942077
300 1.8377465009689 1.812991976738 0.024754570797086
301 1.8731011152267 1.841167807579 0.031933270394802
302 1.9031758308411 1.8713574409485 0.031818423420191
303 1.9444307088852 1.9035519361496 0.040878817439079
304 1.960062623024 1.938280582428 0.021782102063298
305 1.9967136383057 1.9760172367096 0.020696440711617
306 2.0373935699463 2.0173614025116 0.020032031461596
307 2.0832042694092 2.0630803108215 0.020123852416873
308 2.134441614151 2.1141684055328 0.020273312926292
309 2.1926596164703 2.171933889389 0.020725760608912
310 2.2690336704254 2.2381255626678 0.030908217653632
311 2.3361024856567 2.3151249885559 0.020977675914764
312 2.4270966053009 2.406242609024 0.020854050293565
313 2.5374083518982 2.5161919593811 0.02121633477509
314 2.6737473011017 2.6518716812134 0.02187548391521
315 2.8480980396271 2.8237104415894 0.024387529119849
316 3.0851435661316 3.0481202602386 0.037023164331913
317 3.3816518783569 3.3521902561188 0.029461767524481
318 3.8063011169434 3.7835550308228 0.02274621091783
319 4.4561619758606 4.4325222969055 0.023639583960176
320 5.5063371658325 5.4787259101868 0.027611287310719
321 7.2036714553833 7.1806325912476 0.023038925603032
322 9.6709175109863 9.6486196517944 0.02229799516499
323 14.448111534119 14.425372123718 0.022738721221685
324 24.037700653076 24.014144897461 0.023555664345622
325 36.575187683105 36.550086975098 0.025102201849222
326 28.35390663147 28.322822570801 0.031084954738617
327 17.058431625366 16.967287063599 0.091143898665905
328 10.857067108154 10.829540252686 0.027526373043656
329 7.7233033180237 7.6987380981445 0.024565240368247
330 6.0186076164246 5.9951658248901 0.023441933095455
331 5.0218362808228 4.9976029396057 0.024233277887106
332 4.4054026603699 4.3769612312317 0.028441295027733
333 4.0251078605652 3.9728338718414 0.052274122834206
334 3.7265250682831 3.7012944221497 0.025230698287487
335 3.5430068969727 3.5157256126404 0.027281180024147
336 3.4124655723572 3.3881711959839 0.024294355884194
337 3.322235584259 3.2981376647949 0.024097871035337
338 3.2601194381714 3.2360064983368 0.024112965911627
339 3.2211318016052 3.1968221664429 0.02430964820087
340 3.2000803947449 3.1755011081696 0.024579228833318
341 3.1931304931641 3.1682081222534 0.024922359734774
342 3.197737455368 3.1719572544098 0.025780415162444
343 3.2195854187012 3.1861057281494 0.033479861915112
344 3.2363770008087 3.2089128494263 0.027464088052511
345 3.2729213237762 3.2395873069763 0.033334154635668
346 3.3058915138245 3.2776601314545 0.028231348842382
347 3.35014295578 3.3229029178619 0.027240078896284
348 3.4025554656982 3.3752887248993 0.027266712859273
349 3.4629971981049 3.4349765777588 0.028020590543747
350 3.532012462616 3.5023024082184 0.029710037633777
351 3.6118988990784 3.577780008316 0.034118808805943
352 3.7133691310883 3.6621131896973 0.051255870610476
353 3.8099393844604 3.7562162876129 0.053723067045212
354 3.8936479091644 3.861202955246 0.032444998621941
355 4.0739002227783 3.9786100387573 0.09529036283493
356 4.1429471969604 4.1101861000061 0.032760966569185
357 4.2952823638916 4.2581601142883 0.037122152745724
358 4.4804873466492 4.4253029823303 0.055183943361044
359 4.7138648033142 4.6150794029236 0.098785206675529
360 4.8733682632446 4.8318481445313 0.04152000695467
361 5.1215758323669 5.0811424255371 0.040433533489704
362 5.4136800765991 5.3700551986694 0.043624710291624
363 5.7603397369385 5.70778465271 0.052555043250322
364 6.1805438995361 6.1064176559448 0.074126459658146
365 6.6688623428345 6.582070350647 0.086791798472404
366 7.2742381095886 7.1565799713135 0.11765799671412
367 8.1045780181885 7.8601808547974 0.24439708888531
368 9.4723196029663 8.7354803085327 0.73683929443359
369 10.590316772461 9.8441371917725 0.74617993831635
370 11.508644104004 11.277869224548 0.2307750582695
371 13.385220527649 13.177592277527 0.20762848854065
372 15.846394538879 15.76812171936 0.0782720297575
373 19.484825134277 19.424308776855 0.060515116900206
374 24.857484817505 24.804502487183 0.052981667220592
375 33.213569641113 33.137546539307 0.076022297143936
376 46.937522888184 46.881851196289 0.055669035762548
377 71.368278503418 71.315811157227 0.052468772977591
378 118.25499725342 118.19738769531 0.057614803314209
379 209.56324768066 209.51751708984 0.045724637806416
380 334.24960327148 334.21304321289 0.036555528640747
381 262.79263305664 262.7571105957 0.035519581288099
382 150.52272033691 150.48760986328 0.035122763365507
383 88.912704467773 88.877983093262 0.034718845039606
384 57.28755569458 57.252822875977 0.034733142703772
385 40.003036499023 39.967960357666 0.035077445209026
386 29.798875808716 29.762680053711 0.036195889115334
387 23.349374771118 23.292881011963 0.056493826210499
388 19.0576171875 19.020603179932 0.037013173103333
389 16.174821853638 16.138650894165 0.036171555519104
390 14.219766616821 14.183639526367 0.036126296967268
391 12.633702278137 12.596388816833 0.037313718348742
392 11.19164276123 11.148881912231 0.04276018217206
393 10.09897518158 10.046387672424 0.052587818354368
394 9.255163192749 9.2158203125 0.039342608302832
395 8.6242723464966 8.5745258331299 0.049747213721275
396 8.1104602813721 8.0667810440063 0.043679729104042
397 7.7371473312378 7.6613354682922 0.07581203430891
398 7.3758664131165 7.332911491394 0.042954843491316
399 7.1111245155334 7.0652122497559 0.04591216519475
400 6.939697265625 6.8463449478149 0.093352548778057
401 6.756603717804 6.6673998832703 0.089203648269176
402 6.6300802230835 6.5215840339661 0.10849602520466
403 6.4733452796936 6.4036331176758 0.069712519645691
404 6.363269329071 6.3094229698181 0.053846515715122
405 6.2869501113892 6.2356948852539 0.051255352795124
406 6.2312397956848 6.1798596382141 0.05137998983264
407 6.1947898864746 6.1398539543152 0.054935969412327
408 6.191460609436 6.1140918731689 0.077368699014187
409 6.1663374900818 6.1011619567871 0.065175548195839
410 6.1570472717285 6.094407081604 0.062640279531479
411 6.1717295646667 6.1049566268921 0.066772915422916
412 6.1993708610535 6.1259641647339 0.073406487703323
413 6.2873158454895 6.1570634841919 0.13025268912315
414 6.3299298286438 6.1980562210083 0.13187336921692
415 6.3593692779541 6.2489104270935 0.11045905947685
416 6.4276132583618 6.3093004226685 0.11831237375736
417 6.5212421417236 6.380467414856 0.14077493548393
418 6.6362800598145 6.462411403656 0.17386867105961
419 6.7824759483337 6.5558257102966 0.22665022313595
420 6.9769692420959 6.6615467071533 0.3154225051403
421 7.2596864700317 6.7809886932373 0.47869816422462
422 7.7313404083252 6.9156227111816 0.81571763753891
423 8.7919940948486 7.067479133606 1.7245154380798
424 12.440985679626 7.239227771759 5.2017579078674
425 20.422412872314 7.4338850975037 12.988526344299
426 10.599202156067 7.6555314064026 2.9436709880829
427 9.1214227676392 7.9103536605835 1.2110694646835
428 8.8501586914063 8.2058458328247 0.64431363344193
429 8.9810981750488 8.5524616241455 0.4286367893219
430 9.2605400085449 8.9651031494141 0.29543653130531
431 9.6825647354126 9.4658069610596 0.21675750613213
432 10.256550788879 10.089014053345 0.16753666102886
433 11.030505180359 10.892084121704 0.13842134177685
434 12.098768234253 11.980246543884 0.11852208524942
435 13.675840377808 13.571549415588 0.10429130494595
436 16.28592300415 16.191040039063 0.094882674515247
437 21.199583053589 21.101203918457 0.098380111157894
438 29.570392608643 29.482904434204 0.087487772107124
439 43.036262512207 42.958694458008 0.077569045126438
440 37.002017974854 36.927921295166 0.074099361896515
441 32.225494384766 32.123050689697 0.10244213789701
442 35.395263671875 35.282466888428 0.11279497295618
443 44.770374298096 44.704624176025 0.065750479698181
444 56.425846099854 56.365650177002 0.060194790363312
445 81.465286254883 81.399856567383 0.065430887043476
446 134.86079406738 134.78466796875 0.076130695641041
447 243.89495849609 243.83435058594 0.060608699917793
448 367.69805908203 367.63818359375 0.059859413653612
449 246.21846008301 246.0904083252 0.12805433571339
450 136.73945617676 136.68365478516 0.055810160934925
451 82.187210083008 82.13069152832 0.056522868573666
452 54.931770324707 54.866916656494 0.06485553830862
453 40.095020294189 40.038345336914 0.056672129780054
454 31.342874526978 31.289474487305 0.053400047123432
455 25.83348274231 25.779272079468 0.054211642593145
456 22.182718276978 22.130744934082 0.051973976194859
457 19.690799713135 19.623205184937 0.067593574523926
458 17.909469604492 17.854049682617 0.055419269949198
459 16.63765335083 16.586187362671 0.051465138792992
460 15.729801177979 15.677254676819 0.052546571940184
461 15.088464736938 15.031451225281 0.057013064622879
462 14.663576126099 14.594840049744 0.068735219538212
463 14.439389228821 14.328731536865 0.11065702885389
464 14.294723510742 14.209809303284 0.08491413295269
465 14.312528610229 14.254182815552 0.058345280587673
466 14.561654090881 14.497187614441 0.064466297626495
467 15.10746383667 15.026022911072 0.081441126763821
468 16.153509140015 16.05760383606 0.095906510949135
469 18.269147872925 18.152502059937 0.11664628982544
470 22.638938903809 22.560878753662 0.078060030937195
471 28.109306335449 27.744411468506 0.36489561200142
472 27.104274749756 27.033985137939 0.070289708673954
473 32.305717468262 32.145820617676 0.15989477932453
474 47.449592590332 47.381149291992 0.068440973758698
475 54.436695098877 54.364994049072 0.071699902415276
476 36.163146972656 35.822582244873 0.34056550264359
477 25.408447265625 25.317073822021 0.091372668743134
478 20.742980957031 20.658477783203 0.084502004086971
479 18.57716178894 18.482461929321 0.094698905944824
480 17.579402923584 17.420381546021 0.15902145206928
481 17.128747940063 16.92573928833 0.20300869643688
482 16.929138183594 16.764148712158 0.16498890519142
483 17.035074234009 16.835676193237 0.19939659535885
484 17.414379119873 17.121610641479 0.29276740550995
485 18.18963432312 17.666000366211 0.52363431453705
486 19.903112411499 18.652858734131 1.250254034996
487 25.939283370972 20.517709732056 5.421573638916
488 25.903987884521 23.599401473999 2.3045871257782
489 24.697359085083 23.91312789917 0.78423154354095
490 21.913606643677 21.523918151855 0.38968858122826
491 20.571208953857 20.329473495483 0.24173630774021
492 20.153997421265 19.981149673462 0.17284701764584
493 20.172086715698 20.038703918457 0.1333821117878
494 20.415458679199 20.304288864136 0.11116939038038
495 20.792064666748 20.692831039429 0.099233016371727
496 21.289297103882 21.165758132935 0.12353830784559
497 21.843378067017 21.705072402954 0.13830465078354
498 22.387678146362 22.303256988525 0.084421463310719
499 23.053064346313 22.957437515259 0.095625475049019
500 23.747230529785 23.674188613892 0.073042392730713
501 24.546287536621 24.475242614746 0.071043536067009
502 25.507007598877 25.43292427063 0.074082471430302
503 26.839477539063 26.771425247192 0.068052895367146
504 27.887058258057 27.825254440308 0.061802729964256
505 28.359848022461 28.296508789063 0.063338108360767
506 29.080410003662 29.020183563232 0.060226384550333
507 30.068239212036 30.000623703003 0.067615129053593
508 31.225776672363 31.112188339233 0.11358850449324
509 32.389392852783 32.305080413818 0.08431002497673
510 33.653392791748 33.595634460449 0.057756081223488
511 35.039897918701 34.984535217285 0.05536375194788
512 36.533870697021 36.479228973389 0.054640650749207
513 38.133846282959 38.079647064209 0.054198250174522
514 39.85461807251 39.799541473389 0.055075611919165
515 41.77857208252 41.649848937988 0.12872087955475
516 43.700527191162 43.643795013428 0.056732445955276
517 45.860504150391 45.790256500244 0.070248208940029
518 48.174777984619 48.113567352295 0.061209205538034
519 50.701499938965 50.639610290527 0.061889089643955
520 53.574298858643 53.399108886719 0.17518930137157
521 56.388946533203 56.319206237793 0.069739557802677
522 59.707324981689 59.505130767822 0.20219387114048
523 63.114135742187 63.001625061035 0.11250987648964
524 66.899772644043 66.834228515625 0.065546117722988
525 71.100845336914 71.042823791504 0.058023247867823
526 75.723846435547 75.66626739502 0.057578448206186
527 80.833984375 80.768417358398 0.065567225217819
528 86.475914001465 86.416854858398 0.059057638049126
529 92.748519897461 92.690124511719 0.05839654058218
530 99.741477966309 99.683242797852 0.058235958218575
531 107.57825469971 107.51292419434 0.065325208008289
532 116.35748291016 116.30336761475 0.054113291203976
533 126.26850128174 126.21321868896 0.055282492190599
534 138.21578979492 138.14605712891 0.069731146097183
535 151.15385437012 151.09417724609 0.059683982282877
536 166.03126525879 165.97109985352 0.060165099799633
537 183.23937988281 183.18327331543 0.056093793362379
538 203.18852233887 203.13186645508 0.056654620915651
539 226.57922363281 226.50802612305 0.071195259690285
540 254.27735900879 254.2142791748 0.063076436519623
541 287.42068481445 287.36267089844 0.058015525341034
542 327.53732299805 327.48138427734 0.055949445813894
543 376.76971435547 376.71252441406 0.057183127850294
544 438.20901489258 438.14895629883 0.060065478086472
545 516.51580810547 516.40765380859 0.10817494988441
546 618.43298339844 618.37561035156 0.057336002588272
547 752.2216796875 752.16510009766 0.056529670953751
548 923.61395263672 923.55639648438 0.057556115090847
549 1.1371888427734E+03 1.1371066894531E+03 0.082105547189713
550 1.4485559082031E+03 1.4484913330078E+03 0.064558580517769
551 1.9181220703125E+03 1.9177064208984E+03 0.41557046771049
552 2.6501987304687E+03 2.6501264648437E+03 0.072171181440353
553 3.8522109375E+03 3.8521428222656E+03 0.068031348288059
554 5.9577631835937E+03 5.9577041015625E+03 0.059426415711641
555 9.807900390625E+03 9.807841796875E+03 0.058257628232241
556 1.6373223632813E+04 1.6373166015625E+04 0.05786132439971
557 2.19810859375E+04 2.1981025390625E+04 0.061223905533552
558 1.5511721679688E+04 1.551166015625E+04 0.061547104269266
559 9.3113857421875E+03 9.311322265625E+03 0.063939772546291
560 5.7332426757813E+03 5.7331752929687E+03 0.067079678177834
561 3.7594938964844E+03 3.7594343261719E+03 0.05959291011095
562 2.61713671875E+03 2.6170776367187E+03 0.059007745236158
563 1.9138653564453E+03 1.9138043212891E+03 0.060991823673248
564 1.4558421630859E+03 1.4557788085938E+03 0.063390582799911
565 1.1430202636719E+03 1.1429483642578E+03 0.071891032159328
566 920.81628417969 920.67858886719 0.13768655061722
567 757.63946533203 757.47906494141 0.16040572524071
568 634.38214111328 634.30645751953 0.075662240386009
569 539.22369384766 539.15240478516 0.071294844150543
570 464.32266235352 464.16546630859 0.15717667341232
571 405.01611328125 404.04794311523 0.96815037727356
572 355.19799804687 355.12591552734 0.072082571685314
573 314.89801025391 314.78952026367 0.10849894583225
574 281.0026550293 280.9313659668 0.071270801126957
575 252.66403198242 252.59294128418 0.071101762354374
576 228.57225036621 228.49171447754 0.080535173416138
577 207.9107208252 207.82473754883 0.085976995527744
578 190.04396057129 189.96887207031 0.07508085668087
579 174.50006103516 174.43312072754 0.066942781209946
580 160.89999389648 160.83586120605 0.06412835419178
581 148.93574523926 148.86811828613 0.067636519670486
582 138.39320373535 138.24847412109 0.14472453296185
583 128.91644287109 128.83746337891 0.078974388539791
584 120.50105285645 120.43456268311 0.066485092043877
585 112.96433258057 112.90139770508 0.06293011456728
586 106.18448638916 106.12270355225 0.061777133494616
587 100.06393432617 100.0018081665 0.06212617084384
588 94.519859313965 94.457260131836 0.062596797943115
589 89.487442016602 89.420013427734 0.067429333925247
590 84.902320861816 84.831336975098 0.070985905826092
591 80.789680480957 80.64111328125 0.14856907725334
592 76.879112243652 76.806694030762 0.072423011064529
593 73.371795654297 73.292419433594 0.079372987151146
594 70.138381958008 70.069389343262 0.068992041051388
595 67.278968811035 67.09992980957 0.17903673648834
596 64.401748657227 64.334541320801 0.067210473120213
597 61.861137390137 61.795997619629 0.065138570964336
598 59.520839691162 59.456085205078 0.064757831394672
599 57.36266708374 57.296550750732 0.066114492714405
600 55.373191833496 55.303195953369 0.069997861981392
