1 3.8328333757818E-03 2.6070474632434E-05 3.8067628629506E-03
2 4.1838330216706E-03 1.0478803596925E-04 4.0790447965264E-03
3 4.397233016789E-03 2.3789019905962E-04 4.1593429632485E-03
4 4.6466486528516E-03 4.2921403655782E-04 4.2174346745014E-03
5 4.9628471024334E-03 6.8566482514143E-04 4.277182277292E-03
6 5.3492640145123E-03 1.0043872753158E-03 4.3448763899505E-03
7 5.7999375276268E-03 1.3769357465208E-03 4.423001781106E-03
8 6.3403705134988E-03 1.8272772431374E-03 4.5130932703614E-03
9 6.991533562541E-03 2.3720399476588E-03 4.6194940805435E-03
10 7.7703124843538E-03 3.0306621920317E-03 4.7396500594914E-03
11 8.7221823632717E-03 3.8328676018864E-03 4.8893145285547E-03
12 9.8355310037732E-03 4.8277690075338E-03 5.0077619962394E-03
13 0.01125428173691 6.0856300406158E-03 5.1686521619558E-03
14 0.013061276637018 7.7132186852396E-03 5.3480579517782E-03
15 0.015467056073248 9.9082142114639E-03 5.5588418617845E-03
16 0.018825177103281 0.013054491952062 5.7706851512194E-03
17 0.023862395435572 0.017861485481262 6.0009090229869E-03
18 0.032059263437986 0.025793228298426 6.2660351395607E-03
19 0.04666830226779 0.040114805102348 6.5534953027964E-03
20 0.07533797621727 0.068469651043415 6.8683256395161E-03
21 0.13380497694016 0.12659120559692 7.2137699462473E-03
22 0.22184811532497 0.21425518393517 7.5929365120828E-03
23 0.20041614770889 0.19240473210812 8.0114156007767E-03
24 0.13327579200268 0.1248010918498 8.4747020155191E-03
25 0.092848010361195 0.083872519433498 8.9754918590188E-03
26 0.071594595909119 0.062073685228825 9.5209116116166E-03
27 0.060214180499315 0.050088759511709 0.010125421918929
28 0.053986672312021 0.043186843395233 0.010799827985466
29 0.050762441009283 0.039101779460907 0.011660658754408
30 0.04930579289794 0.036691516637802 0.012614278122783
31 0.048643872141838 0.035341914743185 0.01330195646733
32 0.049011413007975 0.034701969474554 0.014309443533421
33 0.050018422305584 0.034560110419989 0.015458310954273
34 0.05146112293005 0.034782867878675 0.016678255051374
35 0.053423136472702 0.035282697528601 0.018140440806746
36 0.055396657437086 0.036003090441227 0.019393566995859
37 0.057880900800228 0.036897048354149 0.020983852446079
38 0.060757283121347 0.037940312176943 0.022816970944405
39 0.064324855804443 0.039106126874685 0.025218730792403
40 0.068702325224876 0.040381100028753 0.028321223333478
41 0.073457196354866 0.041752241551876 0.03170495480299
42 0.080416947603226 0.043210469186306 0.03720647841692
43 0.087025530636311 0.044748421758413 0.042277112603188
44 0.095114782452583 0.04635913670063 0.048755642026663
45 0.10438356548548 0.048040300607681 0.056343261152506
46 0.11568071693182 0.049787025898695 0.065893694758415
47 0.1297420412302 0.051596291363239 0.078145757317543
48 0.14783193171024 0.053465638309717 0.094366297125816
49 0.17207837104797 0.055393051356077 0.11668532341719
50 0.20697984099388 0.057376887649298 0.14960296452045
51 0.26591551303864 0.059415798634291 0.20649971067905
52 0.39481273293495 0.061508685350418 0.33330404758453
53 0.73663139343262 0.063654690980911 0.67297667264938
54 1.6746970415115 0.065853133797646 1.6088439226151
55 3.8881289958954 0.068103566765785 3.8200254440308
56 8.9294300079346 0.070405729115009 8.8590240478516
57 18.477462768555 0.072759628295898 18.404703140259
58 18.589052200317 0.075166001915932 18.513885498047
59 22.784202575684 0.077625036239624 22.706577301025
60 23.691062927246 0.080138728022575 23.61092376709
61 24.35774230957 0.082710206508636 24.275032043457
62 21.691484451294 0.08534599840641 21.60613822937
63 24.172380447388 0.088056452572346 24.084323883057
64 7.0672516822815 0.090866260230541 6.9763851165771
65 2.9592001438141 0.093827970325947 2.8653721809387
66 1.2579220533371 0.097052574157715 1.1608694791794
67 0.62122905254364 0.10064822435379 0.52058082818985
68 0.39307191967964 0.1039699986577 0.2891018986702
69 0.30112919211388 0.10620753467083 0.19492165744305
70 0.25512328743935 0.1085584834218 0.14656479656696
71 0.22772935032845 0.11123643070459 0.11649292707443
72 0.20954617857933 0.11412113159895 0.0954250395298
73 0.19704131782055 0.11713330447674 0.079908013343811
74 0.18834193050861 0.12023624777794 0.068105690181255
75 0.18235415220261 0.12340987473726 0.058944281190634
76 0.17839100956917 0.12664504349232 0.051745962351561
77 0.17571303248405 0.12993881106377 0.045774225145578
78 0.17387270927429 0.13328731060028 0.040585409849882
79 0.17339839041233 0.13668894767761 0.036709446460009
80 0.17308115959167 0.14014281332493 0.032938342541456
81 0.17367981374264 0.14364843070507 0.030031390488148
82 0.17472229897976 0.14720551669598 0.027516776695848
83 0.17619059979916 0.150814011693 0.025376580655575
84 0.17800770699978 0.15447396039963 0.023533741012216
85 0.18012864887714 0.15818551182747 0.021943150088191
86 0.18226963281631 0.16194885969162 0.020320780575275
87 0.18491870164871 0.1657643020153 0.019154399633408
88 0.18777674436569 0.1696322709322 0.01814447529614
89 0.19083146750927 0.17355315387249 0.017278309911489
90 0.19407005608082 0.17752765119076 0.01654240489006
91 0.19748914241791 0.181556686759 0.015932446345687
92 0.20107853412628 0.18564181029797 0.015436724759638
93 0.2049113959074 0.18978600203991 0.015125392004848
94 0.20904898643494 0.19399625062943 0.015052745118737
95 0.2129198461771 0.19829145073891 0.014628400094807
96 0.2181608825922 0.20271380245686 0.015447084791958
97 0.22168427705765 0.20714442431927 0.014539855532348
98 0.22597429156303 0.2113945633173 0.014579731039703
99 0.23065848648548 0.21578176319599 0.014876725152135
100 0.23571379482746 0.22032444179058 0.015389352105558
101 0.23924143612385 0.22489529848099 0.014346129260957
102 0.24495144188404 0.22953356802464 0.015417884103954
103 0.25038853287697 0.23423612117767 0.016152411699295
104 0.25663301348686 0.23900227248669 0.017630748450756
105 0.26308426260948 0.24383224546909 0.019252024590969
106 0.27019026875496 0.24872677028179 0.021463505923748
107 0.27799385786057 0.25368705391884 0.024306822568178
108 0.28672564029694 0.25871440768242 0.028011258691549
109 0.29684638977051 0.26381048560143 0.033035904169083
110 0.30889505147934 0.26897743344307 0.039917625486851
111 0.32723191380501 0.27421790361404 0.053014028817415
112 0.34156340360641 0.27953544259071 0.062027972191572
113 0.3676418364048 0.2849352657795 0.082706578075886
114 0.40779480338097 0.29042539000511 0.11736939102411
115 0.48054903745651 0.29601964354515 0.18452939391136
116 0.62074822187424 0.30174395442009 0.31900426745415
117 1.0009462833405 0.30765137076378 0.69329500198364
118 2.525413274765 0.31385150551796 2.2115619182587
119 5.6830644607544 0.32049840688705 5.3625659942627
120 1.4929354190826 0.32722580432892 1.1657096147537
121 0.79020792245865 0.33263513445854 0.45757278800011
122 0.57619434595108 0.33789923787117 0.23829509317875
123 0.49032184481621 0.34360817074776 0.14671367406845
124 0.46081325411797 0.34964513778687 0.1111681163311
125 0.43112340569496 0.35590079426765 0.075222611427307
126 0.41930702328682 0.3623221218586 0.056984875351191
127 0.41417047381401 0.36888909339905 0.045281376689672
128 0.41369226574898 0.3755921125412 0.03810016065836
129 0.41427326202393 0.38242945075035 0.031843792647123
130 0.41691952943802 0.38940235972404 0.027517164126039
131 0.42131114006042 0.3965165913105 0.024794572964311
132 0.4256543815136 0.40377697348595 0.021877398714423
133 0.43114900588989 0.41119056940079 0.019958447664976
134 0.43701869249344 0.41876554489136 0.018253123387694
135 0.44347441196442 0.42651125788689 0.016963163390756
136 0.450449436903 0.43443822860718 0.016011223196983
137 0.4589150249958 0.44255822896957 0.016356790438294
138 0.46504881978035 0.45088455080986 0.014164258725941
139 0.47298961877823 0.45943203568459 0.013557576574385
140 0.48134091496468 0.46821728348732 0.013123625889421
141 0.49034982919693 0.47725903987885 0.013090784661472
142 0.50667899847031 0.48657834529877 0.020100645720959
143 0.50902873277664 0.49619895219803 0.012829774059355
144 0.51808887720108 0.5061474442482 0.011941488832235
145 0.53378546237946 0.51645487546921 0.017330585047603
146 0.53831905126572 0.52715569734573 0.011163395829499
147 0.54920089244843 0.53828948736191 0.010911403223872
148 0.5608201622963 0.54990172386169 0.010918435640633
149 0.57373130321503 0.56204456090927 0.01168674044311
150 0.58562988042831 0.57476305961609 0.010866807773709
151 0.59928715229034 0.58815824985504 0.011128883808851
152 0.61265158653259 0.60229539871216 0.010356138460338
153 0.62762224674225 0.6172696352005 0.010352618992329
154 0.64863115549088 0.63319271802902 0.015438458882272
155 0.66028791666031 0.65019655227661 0.010091315954924
156 0.67866015434265 0.66843813657761 0.010222049430013
157 0.69791013002396 0.6881046295166 9.8054828122258E-03
158 0.71914184093475 0.70942151546478 9.7202872857451E-03
159 0.74235510826111 0.732661485672 9.6935983747244E-03
160 0.76781904697418 0.75815725326538 9.6618020907044E-03
161 0.7959657907486 0.78631776571274 9.6480315551162E-03
162 0.82735520601273 0.81765007972717 9.7051383927464E-03
163 0.86256951093674 0.85278862714767 9.780865162611E-03
164 0.90288370847702 0.89256471395493 0.010318982414901
165 0.95936697721481 0.93794572353363 0.021421240642667
166 1.0026388168335 0.99028700590134 0.012351743876934
167 1.061683177948 1.0513283014297 0.010354932397604
168 1.1332204341888 1.1233851909637 9.8352506756783E-03
169 1.219317317009 1.2095907926559 9.7265467047691E-03
170 1.3239992856979 1.3142651319504 9.7341034561396E-03
171 1.4533224105835 1.4434896707535 9.8327305167913E-03
172 1.615877866745 1.6060308218002 9.8469741642475E-03
173 1.8249715566635 1.8148729801178 0.010098541155457
174 2.1001164913177 2.0898554325104 0.010261075571179
175 2.4743502140045 2.4624032974243 0.011947102844715
176 2.9959089756012 2.9844207763672 0.011488155461848
177 3.7563314437866 3.7459211349487 0.010410289280117
178 4.922082901001 4.9120283126831 0.010054729878902
179 6.8151755332947 6.8051481246948 0.010027043521404
180 10.105080604553 10.09383392334 0.0112459436059
181 16.206130981445 16.196046829224 0.010083744302392
182 27.633457183838 27.623245239258 0.010211781598628
183 43.675033569336 43.664417266846 0.010616292245686
184 38.342571258545 38.328308105469 0.014263335615396
185 23.345085144043 23.331344604492 0.013741562142968
186 14.231870651245 14.22126865387 0.010602723807096
187 9.3509654998779 9.3404178619385 0.010548246093094
188 6.6296062469482 6.6192774772644 0.010328580625355
189 5.0080394744873 4.9976534843445 0.010385979898274
190 3.9801752567291 3.9697334766388 0.010441796854138
191 3.294665813446 3.2841193675995 0.010546530596912
192 2.819221496582 2.808482170105 0.010739343240857
193 2.481522321701 2.469696521759 0.011825693771243
194 2.2328777313232 2.2213218212128 0.01155580766499
195 2.0356905460358 2.0203125476837 0.015377985313535
196 1.8772642612457 1.8644613027573 0.01280299667269
197 1.7558506727219 1.7445285320282 0.011322037316859
198 1.6622467041016 1.651179432869 0.011067349463701
199 1.5901833772659 1.5785542726517 0.011629150249064
200 1.5355813503265 1.5237154960632 0.01186584122479
201 1.5012193918228 1.4870927333832 0.014126709662378
202 1.4860159158707 1.4744491577148 0.011566764675081
203 1.5011577606201 1.4897340536118 0.011423652991652
204 1.464804649353 1.4536054134369 0.011199150234461
205 1.3960477113724 1.3847171068192 0.011330598965287
206 1.35415995121 1.3408652544022 0.013294656760991
207 1.3251700401306 1.3133795261383 0.01179052144289
208 1.3076907396317 1.2947524785995 0.01293823774904
209 1.2965290546417 1.2815237045288 0.01500532310456
210 1.2839734554291 1.2715618610382 0.012411558069289
211 1.278954744339 1.2644020318985 0.014552774839103
212 1.2713027000427 1.2594472169876 0.01185552123934
213 1.2682003974915 1.2562757730484 0.011924612335861
214 1.2670239210129 1.2545973062515 0.012426603585482
215 1.2873908281326 1.2542001008987 0.033190775662661
216 1.2671939134598 1.2549196481705 0.01227427367121
217 1.2687349319458 1.2566238641739 0.012111066840589
218 1.2714861631393 1.2592041492462 0.012282054871321
219 1.2747250795364 1.2625700235367 0.012155130505562
220 1.2788553237915 1.2666445970535 0.012210794724524
221 1.2836898565292 1.2713625431061 0.012327367439866
222 1.2891578674316 1.2766927480698 0.012465158477426
223 1.2952175140381 1.2825366258621 0.012680954299867
224 1.3010666370392 1.2880148887634 0.013051744550467
225 1.3089694976807 1.2948861122131 0.014083312824368
226 1.3266781568527 1.3021768331528 0.024501368403435
227 1.3243819475174 1.3098611831665 0.014520742930472
228 1.3316433429718 1.3179181814194 0.013725148513913
229 1.3406363725662 1.3263329267502 0.014303421601653
230 1.350189447403 1.3351038694382 0.015085503458977
231 1.3675793409348 1.3442678451538 0.023311417549849
232 1.3708394765854 1.3539901971817 0.016849279403687
233 1.3841444253922 1.3641673326492 0.019977128133178
234 1.4215528964996 1.3734848499298 0.048068109899759
235 1.4058244228363 1.3832401037216 0.022584307938814
236 1.4151521921158 1.3934760093689 0.021676195785403
237 1.4461019039154 1.404026389122 0.042075507342815
238 1.4326876401901 1.4148367643356 0.017850963398814
239 1.4797604084015 1.425884604454 0.053875736892223
240 1.4532315731049 1.4371575117111 0.016074046492577
241 1.4648209810257 1.4486486911774 0.016172321513295
242 1.4859411716461 1.4603513479233 0.025589779019356
243 1.4964463710785 1.4722610712051 0.024185284972191
244 1.5054388046265 1.484374165535 0.021064665168524
245 1.5124282836914 1.4966868162155 0.01574144884944
246 1.5244525671005 1.5091967582703 0.015255785547197
247 1.5387506484985 1.521901845932 0.016848793253303
248 1.5710664987564 1.53480052948 0.036266051232815
249 1.5697802305222 1.5478912591934 0.021888894960284
250 1.5871466398239 1.5611735582352 0.025973094627261
251 1.59517121315 1.5746467113495 0.02052447758615
252 1.6043883562088 1.5883107185364 0.016077686101198
253 1.6176645755768 1.6021656990051 0.015498954802752
254 1.6314672231674 1.6162122488022 0.015254960395396
255 1.6456689834595 1.6304512023926 0.015217679552734
256 1.6601884365082 1.6448839902878 0.015304429456592
257 1.6753935813904 1.65951192379 0.015881605446339
258 1.6945781707764 1.6743370294571 0.020241102203727
259 1.7150424718857 1.6893614530563 0.025680981576443
260 1.7208955287933 1.7045876979828 0.016307853162289
261 1.7362102270126 1.7200187444687 0.016191525384784
262 1.7526400089264 1.7356556653976 0.016984347254038
263 1.7763941287994 1.7515065670013 0.024887569248676
264 1.788436293602 1.767627954483 0.020808320492506
265 1.8080869913101 1.7839151620865 0.024171881377697
266 1.8174798488617 1.8004274368286 0.0170524045825
267 1.8419468402863 1.8171702623367 0.024776626378298
268 1.8515772819519 1.8341530561447 0.017424257472157
269 1.8680491447449 1.8513754606247 0.016673700883985
270 1.8855191469193 1.868848323822 0.016670886427164
271 1.9042835235596 1.8865805864334 0.017703022807837
272 1.9229589700699 1.9045866727829 0.018372258171439
273 1.990605711937 1.9228876829147 0.067717991769314
274 1.9626212120056 1.9414201974869 0.021200919523835
275 1.9813344478607 1.9602521657944 0.021082310006022
276 2.0008897781372 1.9794052839279 0.021484479308128
277 2.0290803909302 1.9988821744919 0.03019817173481
278 2.0370507240295 2.0186951160431 0.018355494365096
279 2.0578727722168 2.0388593673706 0.01901326328516
280 2.0777409076691 2.0593922138214 0.018348665907979
281 2.101078748703 2.0803124904633 0.02076630666852
282 2.1196582317352 2.1016361713409 0.01802191324532
283 2.144782781601 2.1233975887299 0.021385379135609
284 2.1641845703125 2.1456172466278 0.018567366525531
285 2.1884140968323 2.1683247089386 0.020089339464903
286 2.2591359615326 2.1915612220764 0.067574813961983
287 2.2390332221985 2.2153468132019 0.023686395958066
288 2.2611238956451 2.2397310733795 0.021392690017819
289 2.3648021221161 2.2647612094879 0.10004077106714
290 2.3104610443115 2.2904908657074 0.019970221444964
291 2.3431451320648 2.31698179245 0.026163298636675
292 2.3640420436859 2.3443074226379 0.019734801724553
293 2.4048893451691 2.3725605010986 0.032328758388758
294 2.4222750663757 2.4019241333008 0.020350906997919
295 2.4521043300629 2.4324259757996 0.019678192213178
296 2.483638048172 2.4637796878815 0.019858364015818
297 2.5181992053986 2.4966335296631 0.021565737202764
298 2.5574359893799 2.531129360199 0.026306657120585
299 2.5939145088196 2.5673797130585 0.026534711942077
300 2.6302833557129 2.6055288314819 0.024754570797086
301 2.6779549121857 2.646021604538 0.031933270394802
302 2.7212266921997 2.6894083023071 0.031818423420191
303 2.7765552997589 2.7356762886047 0.040878817439079
304 2.807368516922 2.7855863571167 0.021782102063298
305 2.860515832901 2.8398194313049 0.020696440711617
306 2.9192690849304 2.8992369174957 0.020032031461596
307 2.9850654602051 2.9649415016174 0.020123852416873
308 3.0586357116699 3.0383625030518 0.020273312926292
309 3.1421053409576 3.1213796138763 0.020725760608912
310 3.2474145889282 3.2165064811707 0.030908217653632
311 3.3481433391571 3.3271656036377 0.020977675914764
312 3.4789688587189 3.458114862442 0.020854050293565
313 3.6373438835144 3.6161277294159 0.02121633477509
314 3.8329944610596 3.8111190795898 0.02187548391521
315 4.0824632644653 4.0580759048462 0.024387529119849
316 4.4176077842712 4.3805847167969 0.037023164331913
317 4.8470387458801 4.8175768852234 0.029461767524481
318 5.4602556228638 5.4375095367432 0.02274621091783
319 6.393807888031 6.3701686859131 0.023639583960176
320 7.9013237953186 7.8737125396729 0.027611287310719
321 10.342635154724 10.319596290588 0.023038925603032
322 13.888744354248 13.866446495056 0.02229799516499
323 20.754062652588 20.731323242187 0.022738721221685
324 34.535316467285 34.51176071167 0.023555664345622
325 52.552803039551 52.527698516846 0.025102201849222
326 40.73503112793 40.703945159912 0.031084954738617
327 24.475563049316 24.384418487549 0.091143898665905
328 15.591125488281 15.563598632813 0.027526373043656
329 11.088752746582 11.064187049866 0.024565240368247
330 8.6393527984619 8.6159105300903 0.023441933095455
331 7.2065033912659 7.1822700500488 0.024233277887106
332 6.3187608718872 6.290319442749 0.028441295027733
333 5.7618045806885 5.7095303535461 0.052274122834206
334 5.3445200920105 5.3192892074585 0.025230698287487
335 5.0798816680908 5.0526008605957 0.027281180024147
336 4.8935809135437 4.8692870140076 0.024294355884194
337 4.7639937400818 4.7398958206177 0.024097871035337
338 4.6747169494629 4.6506042480469 0.024112965911627
339 4.6186003684998 4.5942907333374 0.02430964820087
340 4.5882287025452 4.5636491775513 0.024579228833318
341 4.5780906677246 4.553168296814 0.024922359734774
342 4.5843362808228 4.5585560798645 0.025780415162444
343 4.6123695373535 4.5788893699646 0.033479861915112
344 4.6391310691833 4.6116666793823 0.027464088052511
345 4.6890845298767 4.6557502746582 0.033334154635668
346 4.7386980056763 4.7104663848877 0.028231348842382
347 4.8027267456055 4.775486946106 0.027240078896284
348 4.8780393600464 4.8507723808289 0.027266712859273
349 4.9645733833313 4.9365525245667 0.028020590543747
350 5.0630197525024 5.0333094596863 0.029710037633777
351 5.1759004592896 5.1417818069458 0.034118808805943
352 5.314236164093 5.2629804611206 0.051255870610476
353 5.4519429206848 5.3982200622559 0.053723067045212
354 5.5815458297729 5.5491008758545 0.032444998621941
355 5.8131217956543 5.7178316116333 0.09529036283493
356 5.9396867752075 5.9069256782532 0.032760966569185
357 6.1567072868347 6.1195850372314 0.037122152745724
358 6.4149775505066 6.3597936630249 0.055183943361044
359 6.7313141822815 6.632529258728 0.098785206675529
360 6.9855771064758 6.9440569877625 0.04152000695467
361 7.3427619934082 7.3023285865784 0.040433533489704
362 7.7611622810364 7.7175374031067 0.043624710291624
363 8.2554578781128 8.2029027938843 0.052555043250322
364 8.8499221801758 8.7757949829102 0.074126459658146
365 9.5461683273315 9.4593772888184 0.086791798472404
366 10.402687072754 10.285029411316 0.11765799671412
367 11.540601730347 11.296204566956 0.24439708888531
368 13.29097366333 12.554134368896 0.73683929443359
369 14.893612861633 14.147433280945 0.74617993831635
370 16.43868637085 16.20791053772 0.2307750582695
371 19.145713806152 18.93808555603 0.20762848854065
372 22.739318847656 22.661046981812 0.0782720297575
373 27.976024627686 27.915510177612 0.060515116900206
374 35.70059967041 35.647617340088 0.052981667220592
375 47.699413299561 47.623394012451 0.076022297143936
376 67.431594848633 67.375930786133 0.055669035762548
377 102.54348754883 102.49102020264 0.052468772977591
378 169.92416381836 169.86654663086 0.057614803314209
379 301.15237426758 301.10662841797 0.045724637806416
380 480.34848022461 480.31195068359 0.036555528640747
381 377.65505981445 377.61953735352 0.035519581288099
382 216.30732727051 216.27221679688 0.035122763365507
383 127.76509094238 127.73036956787 0.034718845039606
384 82.315223693848 82.280494689941 0.034733142703772
385 57.474754333496 57.439674377441 0.035077445209026
386 42.809421539307 42.77322769165 0.036195889115334
387 33.53169631958 33.475200653076 0.056493826210499
388 27.372341156006 27.335327148437 0.037013173103333
389 23.229721069336 23.193550109863 0.036171555519104
390 20.420045852661 20.383918762207 0.036126296967268
391 18.140125274658 18.102811813354 0.037313718348742
392 16.065298080444 16.022539138794 0.04276018217206
393 14.490683555603 14.438095092773 0.052587818354368
394 13.28379535675 13.244452476501 0.039342608302832
395 12.372566223145 12.322819709778 0.049747213721275
396 11.636797904968 11.593117713928 0.043679729104042
397 11.086246490479 11.01043510437 0.07581203430891
398 10.581398010254 10.538442611694 0.042954843491316
399 10.199632644653 10.153720855713 0.04591216519475
400 9.9325294494629 9.8391771316528 0.093352548778057
401 9.6712112426758 9.5820074081421 0.089203648269176
402 9.4809455871582 9.3724489212036 0.10849602520466
403 9.2726488113403 9.2029361724854 0.069712519645691
404 9.1213893890381 9.0675430297852 0.053846515715122
405 9.0128402709961 8.9615850448608 0.051255352795124
406 8.9327220916748 8.8813419342041 0.05137998983264
407 8.8787841796875 8.8238487243652 0.054935969412327
408 8.8641929626465 8.7868242263794 0.077368699014187
409 8.8334178924561 8.7682428359985 0.065175548195839
410 8.821174621582 8.7585344314575 0.062640279531479
411 8.8404684066772 8.7736959457397 0.066772915422916
412 8.877293586731 8.8038873672485 0.073406487703323
413 8.9788331985474 8.8485803604126 0.13025268912315
414 9.0393667221069 8.9074935913086 0.13187336921692
415 9.0910367965698 8.9805784225464 0.11045905947685
416 9.18567943573 9.0673675537109 0.11831237375736
417 9.3104190826416 9.1696443557739 0.14077493548393
418 9.461277961731 9.2874097824097 0.17386867105961
419 9.6483097076416 9.4216594696045 0.22665022313595
420 9.8890180587769 9.5735950469971 0.3154225051403
421 10.223948478699 9.7452507019043 0.47869816422462
422 10.754456520081 9.938738822937 0.81571763753891
423 11.88149356842 10.156978607178 1.7245154380798
424 15.605563163757 10.403805732727 5.2017579078674
425 23.672082901001 10.683556556702 12.988526344299
426 13.945764541626 11.002094268799 2.9436709880829
427 12.579379081726 11.368309020996 1.2110694646835
428 12.437287330627 11.792973518372 0.64431363344193
429 12.719746589661 12.291110038757 0.4286367893219
430 13.179572105408 12.884135246277 0.29543653130531
431 13.820476531982 13.603718757629 0.21675750613213
432 14.666893959045 14.499357223511 0.16753666102886
433 15.791904449463 15.653482437134 0.13842134177685
434 17.335849761963 17.21732711792 0.11852208524942
435 19.608549118042 19.504257202148 0.10429130494595
436 23.363721847534 23.268838882446 0.094882674515247
437 30.423828125 30.32544708252 0.098380111157894
438 42.458641052246 42.371150970459 0.087487772107124
439 61.815357208252 61.737785339355 0.077569045126438
440 53.144802093506 53.070701599121 0.074099361896515
441 46.267860412598 46.165420532227 0.10244213789701
442 50.818748474121 50.705951690674 0.11279497295618
443 64.312690734863 64.246940612793 0.065750479698181
444 81.065696716309 81.005500793457 0.060194790363312
445 117.04866790771 116.98323822021 0.065430887043476
446 193.7809753418 193.70484924316 0.076130695641041
447 350.48544311523 350.42483520508 0.060608699917793
448 528.40850830078 528.34869384766 0.059859413653612
449 353.79516601563 353.66711425781 0.12805433571339
450 196.48977661133 196.43395996094 0.055810160934925
451 118.09007263184 118.03354644775 0.056522868573666
452 78.916458129883 78.851608276367 0.06485553830862
453 57.597503662109 57.540832519531 0.056672129780054
454 45.020851135254 44.96745300293 0.053400047123432
455 37.102710723877 37.048500061035 0.054211642593145
456 31.857019424438 31.805044174194 0.051973976194859
457 28.268947601318 28.20135307312 0.067593574523926
458 25.714242935181 25.658823013306 0.055419269949198
459 23.888189315796 23.836723327637 0.051465138792992
460 22.583003997803 22.530456542969 0.052546571940184
461 21.659358978271 21.602344512939 0.057013064622879
462 21.043607711792 20.974872589111 0.068735219538212
463 20.703094482422 20.592437744141 0.11065702885389
464 20.506443023682 20.421527862549 0.08491413295269
465 20.543643951416 20.485300064087 0.058345280587673
466 20.898998260498 20.834531784058 0.064466297626495
467 21.675985336304 21.594543457031 0.081441126763821
468 23.172979354858 23.077072143555 0.095906510949135
469 26.204387664795 26.087741851807 0.11664628982544
470 32.501270294189 32.423210144043 0.078060030937195
471 40.2375831604 39.872688293457 0.36489561200142
472 38.921993255615 38.851703643799 0.070289708673954
473 46.358039855957 46.198143005371 0.15989477932453
474 68.161933898926 68.093490600586 0.068440973758698
475 78.201972961426 78.130271911621 0.071699902415276
476 51.822738647461 51.482173919678 0.34056550264359
477 36.47562789917 36.384258270264 0.091372668743134
478 29.773691177368 29.68918800354 0.084502004086971
479 26.65664100647 26.561941146851 0.094698905944824
480 25.19460105896 25.035579681396 0.15902145206928
481 24.527717590332 24.324708938599 0.20300869643688
482 24.257469177246 24.092479705811 0.16498890519142
483 24.394672393799 24.195276260376 0.19939659535885
484 24.898971557617 24.606203079224 0.29276740550995
485 25.912204742432 25.388570785522 0.52363431453705
486 28.057079315186 26.806825637817 1.250254034996
487 34.908458709717 29.486885070801 5.421573638916
488 36.220302581787 33.915714263916 2.3045871257782
489 35.150817871094 34.366584777832 0.78423154354095
490 31.322637557983 30.932949066162 0.38968858122826
491 29.458097457886 29.216360092163 0.24173630774021
492 28.88861656189 28.715768814087 0.17284701764584
493 28.931865692139 28.798484802246 0.1333821117878
494 29.29133605957 29.180166244507 0.11116939038038
495 29.837791442871 29.738557815552 0.099233016371727
496 30.541759490967 30.418222427368 0.12353830784559
497 31.33159828186 31.193294525146 0.13830465078354
498 32.137390136719 32.05297088623 0.084421463310719
499 33.088748931885 32.99312210083 0.095625475049019
500 34.096237182617 34.023197174072 0.073042392730713
501 35.245468139648 35.174423217773 0.071043536067009
502 36.62483215332 36.550750732422 0.074082471430302
503 38.542419433594 38.474365234375 0.068052895367146
504 40.050674438477 39.988872528076 0.061802729964256
505 40.729469299316 40.666130065918 0.063338108360767
506 41.766380310059 41.706153869629 0.060226384550333
507 43.182804107666 43.115188598633 0.067615129053593
508 44.826251983643 44.712665557861 0.11358850449324
509 46.511333465576 46.427021026611 0.08431002497673
510 48.339488983154 48.281734466553 0.057756081223488
511 50.333145141602 50.277782440186 0.05536375194788
512 52.48051071167 52.425872802734 0.054640650749207
513 54.780097961426 54.725898742676 0.054198250174522
514 57.252708435059 57.197635650635 0.055075611919165
515 59.985511779785 59.856792449951 0.12872087955475
516 62.779106140137 62.722373962402 0.056732445955276
517 65.877395629883 65.807144165039 0.070248208940029
518 69.207290649414 69.14608001709 0.061209205538034
519 72.838249206543 72.776359558105 0.061889089643955
520 76.917350769043 76.742156982422 0.17518930137157
521 81.008499145508 80.938758850098 0.069739557802677
522 85.719573974609 85.517379760742 0.20219387114048
523 90.654853820801 90.542343139648 0.11250987648964
524 96.11589050293 96.050346374512 0.065546117722988
525 102.15671539307 102.09869384766 0.058023247867823
526 108.80083465576 108.74325561523 0.057578448206186
527 116.14133453369 116.07576751709 0.065567225217819
528 124.25243377686 124.19338226318 0.059057638049126
529 133.26736450195 133.20896911621 0.05839654058218
530 143.31730651855 143.25907897949 0.058235958218575
531 154.57678222656 154.51145935059 0.065325208008289
532 167.19869995117 167.14457702637 0.054113291203976
533 181.44172668457 181.3864440918 0.055282492190599
534 198.60537719727 198.53564453125 0.069731146097183
535 217.20362854004 217.14393615723 0.059683982282877
536 238.58436584473 238.52420043945 0.060165099799633
537 263.3166809082 263.26058959961 0.056093793362379
538 291.98620605469 291.92953491211 0.056654620915651
539 325.59564208984 325.52444458008 0.071195259690285
540 365.40536499023 365.34228515625 0.063076436519623
541 413.03924560547 412.98123168945 0.058015525341034
542 470.69351196289 470.63757324219 0.055949445813894
543 541.44696044922 541.38977050781 0.057183127850294
544 629.74273681641 629.68267822266 0.060065478086472
545 742.25982666016 742.15161132812 0.10817494988441
546 888.75158691406 888.69421386719 0.057336002588272
547 1.081025390625E+03 1.0809688720703E+03 0.056529670953751
548 1.3273402099609E+03 1.3272825927734E+03 0.057556115090847
549 1.6342670898438E+03 1.6341849365234E+03 0.082105547189713
550 2.0817536621094E+03 2.0816892089844E+03 0.064558580517769
551 2.7564340820312E+03 2.7560185546875E+03 0.41557046771049
552 3.8086828613281E+03 3.8086108398437E+03 0.072171181440353
553 5.5361484375E+03 5.536080078125E+03 0.068031348288059
554 8.5621318359375E+03 8.562072265625E+03 0.059426415711641
555 1.4095330078125E+04 1.4095272460938E+04 0.058257628232241
556 2.3530638671875E+04 2.353058203125E+04 0.05786132439971
557 3.15899375E+04 3.1589876953125E+04 0.061223905533552
558 2.229253515625E+04 2.2292474609375E+04 0.061547104269266
559 1.3381765625E+04 1.3381702148437E+04 0.063939772546291
560 8.2394599609375E+03 8.2393935546875E+03 0.067079678177834
561 5.402904296875E+03 5.4028447265625E+03 0.05959291011095
562 3.761173828125E+03 3.7611147460937E+03 0.059007745236158
563 2.7504714355469E+03 2.7504104003906E+03 0.060991823673248
564 2.0922258300781E+03 2.0921623535156E+03 0.063390582799911
565 1.6426522216797E+03 1.6425803222656E+03 0.071891032159328
566 1.3232845458984E+03 1.3231468505859E+03 0.13768655061722
567 1.0887662353516E+03 1.0886058349609E+03 0.16040572524071
568 911.66479492188 911.58911132813 0.075662240386009
569 774.91046142578 774.83917236328 0.071294844150543
570 667.22937011719 667.07220458984 0.15717667341232
571 581.64282226563 580.67468261719 0.96815037727356
572 510.43884277344 510.36676025391 0.072082571685314
573 452.50607299805 452.39758300781 0.10849894583225
574 403.8098449707 403.7385559082 0.071270801126957
575 363.0832824707 363.01217651367 0.071101762354374
576 328.45581054687 328.3752746582 0.080535173416138
577 298.75985717773 298.67385864258 0.085976995527744
578 273.08752441406 273.01245117188 0.07508085668087
579 250.75228881836 250.68534851074 0.066942781209946
580 231.20826721191 231.14413452148 0.06412835419178
581 214.01240539551 213.94476318359 0.067636519670486
582 198.8275604248 198.68284606934 0.14472453296185
583 185.23683166504 185.15786743164 0.078974388539791
584 173.14817810059 173.08169555664 0.066485092043877
585 162.31838989258 162.25546264648 0.06293011456728
586 152.57528686523 152.51350402832 0.061777133494616
587 143.77903747559 143.71690368652 0.06212617084384
588 135.81118774414 135.74859619141 0.062596797943115
589 128.57678222656 128.5093536377 0.067429333925247
590 121.98575592041 121.9147644043 0.070985905826092
591 116.04138183594 115.89281463623 0.14856907725334
592 110.45462036133 110.38220214844 0.072423011064529
593 105.41106414795 105.33169555664 0.079372987151146
594 100.76873016357 100.69973754883 0.068992041051388
595 96.611236572266 96.432197570801 0.17903673648834
596 92.525146484375 92.457939147949 0.067210473120213
597 88.874824523926 88.809692382812 0.065138570964336
598 85.511657714844 85.446899414063 0.064757831394672
599 82.409454345703 82.343338012695 0.066114492714405
600 79.548599243164 79.47859954834 0.069997861981392
