1 3.8115619681776E-03 4.7989797167247E-06 3.8067628629506E-03
2 4.0983338840306E-03 1.9289087504148E-05 4.0790447965264E-03
3 4.2031332850456E-03 4.3790158088086E-05 4.1593429632485E-03
4 4.2964434251189E-03 7.900851778686E-05 4.2174346745014E-03
5 4.4033974409103E-03 1.2621526548173E-04 4.277182277292E-03
6 4.5297611504793E-03 1.8488478963263E-04 4.3448763899505E-03
7 4.6764640137553E-03 2.5346246547997E-04 4.423001781106E-03
8 4.8494534566998E-03 3.3636004081927E-04 4.5130932703614E-03
9 5.0561325624585E-03 4.3663842370734E-04 4.6194940805435E-03
10 5.2975257858634E-03 5.5787578457966E-04 4.7396500594914E-03
11 5.59485796839E-03 7.0554349804297E-04 4.8893145285547E-03
12 5.8964439667761E-03 8.8868214515969E-04 5.0077619962394E-03
13 6.2888776883483E-03 1.1202256428078E-03 5.1686521619558E-03
14 6.7678852938116E-03 1.419827574864E-03 5.3480579517782E-03
15 7.3827183805406E-03 1.8238761695102E-03 5.5588418617845E-03
16 8.1737190485001E-03 2.4030341301113E-03 5.7706851512194E-03
17 9.2888008803129E-03 3.2878920901567E-03 6.0009090229869E-03
18 0.011013980023563 4.7479448840022E-03 6.2660351395607E-03
19 0.013937715440989 7.3842206038535E-03 6.5534953027964E-03
20 0.01947202719748 0.012603701092303 6.8683256395161E-03
21 0.030516322702169 0.023302553221583 7.2137699462473E-03
22 0.047032427042723 0.039439491927624 7.5929365120828E-03
23 0.043428737670183 0.035417322069407 8.0114156007767E-03
24 0.031447734683752 0.022973034530878 8.4747020155191E-03
25 0.024414509534836 0.015439017675817 8.9754918590188E-03
26 0.020947260782123 0.011426349170506 9.5209116116166E-03
27 0.019345620647073 9.2201977968216E-03 0.010125421918929
28 0.018749540671706 7.9497126862407E-03 0.010799827985466
29 0.018858404830098 7.1977460756898E-03 0.011660658754408
30 0.019368348643184 6.7540714517236E-03 0.012614278122783
31 0.019807597622275 6.5056402236223E-03 0.01330195646733
32 0.02069728448987 6.3878409564495E-03 0.014309443533421
33 0.021820040419698 6.3617285341024E-03 0.015458310954273
34 0.023080987855792 6.4027328044176E-03 0.016678255051374
35 0.024635180830956 6.494740024209E-03 0.018140440806746
36 0.026020914316177 6.6273473203182E-03 0.019393566995859
37 0.027775757014751 6.7919045686722E-03 0.020983852446079
38 0.029800917953253 6.9839460775256E-03 0.022816970944405
39 0.03241727873683 7.1985456161201E-03 0.025218730792403
40 0.035754464566708 7.4332393705845E-03 0.028321223333478
41 0.039390590041876 7.6856352388859E-03 0.03170495480299
42 0.045160539448261 7.9540619626641E-03 0.03720647841692
43 0.050514277070761 8.2371635362506E-03 0.042277112603188
44 0.057289302349091 8.5336593911052E-03 0.048755642026663
45 0.065186388790607 8.8431239128113E-03 0.056343261152506
46 0.075058348476887 9.1646555811167E-03 0.065893694758415
47 0.087643451988697 9.4977002590895E-03 0.078145757317543
48 0.10420810431242 9.8418043926358E-03 0.094366297125816
49 0.12688192725182 0.010196597315371 0.11668532341719
50 0.16016472876072 0.010561776347458 0.14960296452045
51 0.21743679046631 0.01093709282577 0.20649971067905
52 0.34462639689445 0.011322346515954 0.33330404758453
53 0.68469405174255 0.011717376299202 0.67297667264938
54 1.6209659576416 0.01212206017226 1.6088439226151
55 3.8325617313385 0.012536312453449 3.8200254440308
56 8.8719835281372 0.012960088439286 8.8590240478516
57 18.418096542358 0.013393388129771 18.404703140259
58 18.527721405029 0.013836345635355 18.513885498047
59 22.720867156982 0.014288999140263 22.706577301025
60 23.625675201416 0.014751711860299 23.61092376709
61 24.290258407593 0.015225063078105 24.275032043457
62 21.621849060059 0.015710251405835 21.60613822937
63 24.100532531738 0.016209183260798 24.084323883057
64 6.9931116104126 0.016726406291127 6.9763851165771
65 2.8826439380646 0.017271587625146 2.8653721809387
66 1.1787346601486 0.017865166068077 1.1608694791794
67 0.53910785913467 0.018527042120695 0.52058082818985
68 0.30824041366577 0.019138503819704 0.2891018986702
69 0.21447205543518 0.019550383090973 0.19492165744305
70 0.16654793918133 0.019983140751719 0.14656479656696
71 0.13696901500225 0.020476089790463 0.11649292707443
72 0.11643213778734 0.021007098257542 0.0954250395298
73 0.1014695763588 0.02156156860292 0.079908013343811
74 0.090238437056541 0.022132750600576 0.068105690181255
75 0.081661224365234 0.022716943174601 0.058944281190634
76 0.075058422982693 0.023312464356422 0.051745962351561
77 0.069692999124527 0.023918772116303 0.045774225145578
78 0.065120562911034 0.024535153061152 0.040585409849882
79 0.061870761215687 0.025161316618323 0.036709446460009
80 0.058735441416502 0.025797097012401 0.032938342541456
81 0.056473791599274 0.026442399248481 0.030031390488148
82 0.054613955318928 0.02709717862308 0.027516776695848
83 0.053137999027967 0.027761420235038 0.025376580655575
84 0.05196887254715 0.028435133397579 0.023533741012216
85 0.051061492413282 0.029118342325091 0.021943150088191
86 0.050131872296333 0.029811089858413 0.020320780575275
87 0.049667827785015 0.030513426288962 0.019154399633408
88 0.049369905143976 0.031225429847836 0.01814447529614
89 0.049225486814976 0.031947176903486 0.017278309911489
90 0.049221195280552 0.032678790390491 0.01654240489006
91 0.049352891743183 0.033420443534851 0.015932446345687
92 0.049609147012234 0.034172423183918 0.015436724759638
93 0.050060667097569 0.034935273230076 0.015125392004848
94 0.05076302960515 0.035710282623768 0.015052745118737
95 0.051129329949617 0.036500930786133 0.014628400094807
96 0.052762072533369 0.037314984947443 0.015447084791958
97 0.052670419216156 0.038130562752485 0.014539855532348
98 0.053492650389671 0.038912918418646 0.014579731039703
99 0.054597225040197 0.039720501750708 0.014876725152135
100 0.055946055799723 0.040556706488132 0.015389352105558
101 0.055744223296642 0.041398093104362 0.014346129260957
102 0.057669777423143 0.042251892387867 0.015417884103954
103 0.059269938617945 0.04311752691865 0.016152411699295
104 0.061625614762306 0.04399486631155 0.017630748450756
105 0.064135976135731 0.044883955270052 0.019252024590969
106 0.067248433828354 0.045784924179316 0.021463505923748
107 0.071004822850227 0.046698000282049 0.024306822568178
108 0.075634673237801 0.047623418271542 0.028011258691549
109 0.081597395241261 0.048561494797468 0.033035904169083
110 0.08943023532629 0.049512609839439 0.039917625486851
111 0.10349128395319 0.050477258861065 0.053014028817415
112 0.11348406970501 0.051456097513437 0.062027972191572
113 0.13515666127205 0.052450083196163 0.082706578075886
114 0.1708300858736 0.053460691124201 0.11736939102411
115 0.2390198558569 0.054490465670824 0.18452939391136
116 0.37454843521118 0.055544178932905 0.31900426745415
117 0.74992656707764 0.056631598621607 0.69329500198364
118 2.2693347930908 0.057772900909185 2.2115619182587
119 5.4215626716614 0.058996442705393 5.3625659942627
120 1.225944519043 0.060234807431698 1.1657096147537
121 0.51880329847336 0.061230544000864 0.45757278800011
122 0.3004946410656 0.062199544161558 0.23829509317875
123 0.20996409654617 0.063250429928303 0.14671367406845
124 0.17552980780602 0.064361698925495 0.1111681163311
125 0.14073583483696 0.065513223409653 0.075222611427307
126 0.12368011474609 0.066695243120193 0.056984875351191
127 0.1131854429841 0.067904070019722 0.045281376689672
128 0.107238098979 0.069137938320637 0.03810016065836
129 0.10224033147097 0.070396542549133 0.031843792647123
130 0.099197253584862 0.071680091321468 0.027517164126039
131 0.097784228622913 0.072989657521248 0.024794572964311
132 0.096203528344631 0.074326127767563 0.021877398714423
133 0.095649249851704 0.075690805912018 0.019958447664976
134 0.095338307321072 0.077085189521313 0.018253123387694
135 0.095474161207676 0.078510992228985 0.016963163390756
136 0.095981389284134 0.079970166087151 0.016011223196983
137 0.097821667790413 0.081464879214764 0.016356790438294
138 0.097161822021008 0.082997560501099 0.014164258725941
139 0.098128534853458 0.084570959210396 0.013557576574385
140 0.099311746656895 0.086188122630119 0.013123625889421
141 0.10094328969717 0.087852500379086 0.013090784661472
142 0.10966861993074 0.089567974209785 0.020100645720959
143 0.10416868329048 0.091338902711868 0.012829774059355
144 0.10511168092489 0.093170195817947 0.011941488832235
145 0.11239814758301 0.09506756067276 0.017330585047603
146 0.10820072889328 0.097037337720394 0.011163395829499
147 0.10999821871519 0.099086821079254 0.010911403223872
148 0.11214280128479 0.10122436285019 0.010918435640633
149 0.11514632403851 0.10345958173275 0.01168674044311
150 0.1166675761342 0.10580077022314 0.010866807773709
151 0.11939540505409 0.10826651751995 0.011128883808851
152 0.12122498452663 0.11086884886026 0.010356138460338
153 0.12397788465023 0.11362525820732 0.010352618992329
154 0.13199478387833 0.11655633151531 0.015438458882272
155 0.12977766990662 0.11968635767698 0.010091315954924
156 0.13326625525951 0.12304420769215 0.010222049430013
157 0.13646985590458 0.12666437029839 9.8054828122258E-03
158 0.14030860364437 0.13058832287788 9.7202872857451E-03
159 0.14455987513065 0.1348662674427 9.6935983747244E-03
160 0.14922125637531 0.13955946266651 9.6618020907044E-03
161 0.15439119935036 0.14474315941334 9.6480315551162E-03
162 0.16021586954594 0.15051072835922 9.7051383927464E-03
163 0.16675980389118 0.15697893500328 9.780865162611E-03
164 0.17461977899075 0.16430079936981 0.010318982414901
165 0.19407565891743 0.17265440523624 0.021421240642667
166 0.19464099407196 0.18228925764561 0.012351743876934
167 0.20388048887253 0.19352555274963 0.010354932397604
168 0.21662484109402 0.20678958296776 9.8352506756783E-03
169 0.23238462209702 0.22265806794167 9.7265467047691E-03
170 0.25166034698486 0.24192623794079 9.7341034561396E-03
171 0.27554625272751 0.26571351289749 9.8327305167913E-03
172 0.3054806292057 0.29563364386559 9.8469741642475E-03
173 0.34417527914047 0.33407673239708 0.010098541155457
174 0.39495578408241 0.38469472527504 0.010261075571179
175 0.46521934866905 0.45327225327492 0.011947102844715
176 0.56085193157196 0.5493637919426 0.011488155461848
177 0.6999489068985 0.68953865766525 0.010410289280117
178 0.91424703598022 0.90419232845306 0.010054729878902
179 1.2626996040344 1.2526725530624 0.010027043521404
180 1.8692905902863 1.8580446243286 0.0112459436059
181 2.9914066791534 2.9813230037689 0.010083744302392
182 5.0950207710266 5.0848093032837 0.010211781598628
183 8.0482397079468 8.0376234054565 0.010616292245686
184 7.0696306228638 7.0553669929504 0.014263335615396
185 4.3085098266602 4.2947683334351 0.013741562142968
186 2.6284139156342 2.6178112030029 0.010602723807096
187 1.7299060821533 1.7193578481674 0.010548246093094
188 1.2287865877151 1.2184580564499 0.010328580625355
189 0.93033999204636 0.91995400190353 0.010385979898274
190 0.74117916822433 0.730737388134 0.010441796854138
191 0.61507797241211 0.60453146696091 0.010546530596912
192 0.52771681547165 0.5169774889946 0.010739343240857
193 0.46644049882889 0.45461481809616 0.011825693771243
194 0.42045050859451 0.40889468789101 0.01155580766499
195 0.38727143406868 0.37189346551895 0.015377985313535
196 0.35600778460503 0.34320479631424 0.01280299667269
197 0.33244994282722 0.32112792134285 0.011322037316859
198 0.31501179933548 0.30394446849823 0.011067349463701
199 0.3022049665451 0.29057583212852 0.011629150249064
200 0.29234710335732 0.28048127889633 0.01186584122479
201 0.2878665626049 0.27373984456062 0.014126709662378
202 0.2829792201519 0.27141246199608 0.011566764675081
203 0.2856497168541 0.27422606945038 0.011423652991652
204 0.27877476811409 0.26757562160492 0.011199150234461
205 0.26622542738914 0.25489482283592 0.011330598965287
206 0.26011738181114 0.2468227148056 0.013294656760991
207 0.25355371832848 0.24176320433617 0.01179052144289
208 0.2512726187706 0.23833440244198 0.01293823774904
209 0.25090458989143 0.235899284482 0.01500532310456
210 0.24647709727287 0.23406554758549 0.012411558069289
211 0.24730034172535 0.23274756968021 0.014552774839103
212 0.24369102716446 0.23183549940586 0.01185552123934
213 0.24317632615566 0.23125170171261 0.011924612335861
214 0.24336935579777 0.23094275593758 0.012426603585482
215 0.26406040787697 0.23086962103844 0.033190775662661
216 0.2432763427496 0.23100207746029 0.01227427367121
217 0.24342684447765 0.23131577670574 0.012111066840589
218 0.24407282471657 0.23179076611996 0.012282054871321
219 0.2445654720068 0.23241034150124 0.012155130505562
220 0.24537116289139 0.23316037654877 0.012210794724524
221 0.24635620415211 0.23402883112431 0.012327367439866
222 0.24747517704964 0.23501001298428 0.012465158477426
223 0.24876669049263 0.23608572781086 0.012680954299867
224 0.25014591217041 0.23709414899349 0.013051744550467
225 0.25244230031967 0.23835900425911 0.014083312824368
226 0.26420241594315 0.23970104753971 0.024501368403435
227 0.25563630461693 0.24111557006836 0.014520742930472
228 0.25632381439209 0.24259866774082 0.013725148513913
229 0.2584510743618 0.24414764344692 0.014303421601653
230 0.26084768772125 0.24576216936111 0.015085503458977
231 0.2707604765892 0.24744905531406 0.023311417549849
232 0.26608797907829 0.24923871457577 0.016849279403687
233 0.27108919620514 0.2511120736599 0.019977128133178
234 0.3008953332901 0.25282722711563 0.048068109899759
235 0.27720725536346 0.25462293624878 0.022584307938814
236 0.27818334102631 0.25650715827942 0.021676195785403
237 0.30052474141121 0.25844922661781 0.042075507342815
238 0.27829012274742 0.26043915748596 0.017850963398814
239 0.31634858250618 0.26247283816338 0.053875736892223
240 0.28062197566032 0.26454791426659 0.016074046492577
241 0.28283548355103 0.26666316390038 0.016172321513295
242 0.29440715909004 0.26881736516953 0.025589779019356
243 0.29519498348236 0.27100968360901 0.024185284972191
244 0.29430410265923 0.27323943376541 0.021064665168524
245 0.29124736785889 0.275505900383 0.01574144884944
246 0.29306447505951 0.27780869603157 0.015255785547197
247 0.29699620604515 0.28014743328094 0.016848793253303
248 0.31878781318665 0.28252175450325 0.036266051232815
249 0.30682036280632 0.28493148088455 0.021888894960284
250 0.31334954500198 0.28737643361092 0.025973094627261
251 0.31038102507591 0.2898565530777 0.02052447758615
252 0.308449447155 0.29237174987793 0.016077686101198
253 0.31042110919952 0.2949221432209 0.015498954802752
254 0.31276276707649 0.29750779271126 0.015254960395396
255 0.31534656882286 0.30012887716293 0.015217679552734
256 0.31809005141258 0.30278563499451 0.015304429456592
257 0.32135990262032 0.30547830462456 0.015881605446339
258 0.32844835519791 0.30820724368095 0.020241102203727
259 0.33665388822556 0.31097289919853 0.025680981576443
260 0.330083578825 0.31377571821213 0.016307853162289
261 0.33280774950981 0.31661620736122 0.016191525384784
262 0.33647894859314 0.31949460506439 0.016984347254038
263 0.34729996323586 0.32241240143776 0.024887569248676
264 0.34618830680847 0.32537996768951 0.020808320492506
265 0.35254997014999 0.32837808132172 0.024171881377697
266 0.34847003221512 0.33141762018204 0.0170524045825
267 0.35927623510361 0.33449959754944 0.024776626378298
268 0.35504999756813 0.33762574195862 0.017424257472157
269 0.35746970772743 0.34079599380493 0.016673700883985
270 0.36068323254585 0.34401234984398 0.016670886427164
271 0.36497947573662 0.34727644920349 0.017703022807837
272 0.36896324157715 0.35059097409248 0.018372258171439
273 0.42167776823044 0.35395976901054 0.067717991769314
274 0.37857210636139 0.35737118124962 0.021200919523835
275 0.38192000985146 0.36083769798279 0.021082310006022
276 0.38584783673286 0.36436334252357 0.021484479308128
277 0.39814677834511 0.36794862151146 0.03019817173481
278 0.38995122909546 0.3715957403183 0.018355494365096
279 0.3943207859993 0.37530753016472 0.01901326328516
280 0.3974357843399 0.37908712029457 0.018348665907979
281 0.40370437502861 0.38293805718422 0.02076630666852
282 0.40488520264626 0.38686329126358 0.01802191324532
283 0.41225442290306 0.39086905121803 0.021385379135609
284 0.4135265648365 0.39495921134949 0.018567366525531
285 0.41922846436501 0.39913913607597 0.020089339464903
286 0.47099125385284 0.4034164249897 0.067574813961983
287 0.43148121237755 0.40779483318329 0.023686395958066
288 0.43367612361908 0.41228342056274 0.021392690017819
289 0.51693165302277 0.4168908894062 0.10004077106714
290 0.44159734249115 0.4216271340847 0.019970221444964
291 0.45266681909561 0.42650350928307 0.026163298636675
292 0.45126831531525 0.43153351545334 0.019734801724553
293 0.46906304359436 0.43673425912857 0.032328758388758
294 0.46249035000801 0.44213944673538 0.020350906997919
295 0.46743234992027 0.44775414466858 0.019678192213178
296 0.47338399291039 0.45352563261986 0.019858364015818
297 0.4811390042305 0.45957326889038 0.021565737202764
298 0.49222984910011 0.46592319011688 0.026306657120585
299 0.49913075566292 0.47259604930878 0.026534711942077
300 0.50437301397324 0.47961840033531 0.024754570797086
301 0.51900547742844 0.48707219958305 0.031933270394802
302 0.52687710523605 0.49505871534348 0.031818423420191
303 0.54445445537567 0.50357562303543 0.040878817439079
304 0.53454500436783 0.51276290416718 0.021782102063298
305 0.54344242811203 0.52274596691132 0.020696440711617
306 0.55371540784836 0.5336834192276 0.020032031461596
307 0.56590193510056 0.5457780957222 0.020123852416873
308 0.57956653833389 0.55929321050644 0.020273312926292
309 0.59530055522919 0.57457476854324 0.020725760608912
310 0.62299370765686 0.59208548069 0.030908217653632
311 0.63343298435211 0.61245530843735 0.020977675914764
312 0.65741407871246 0.63656002283096 0.020854050293565
313 0.68686294555664 0.6656466126442 0.02121633477509
314 0.72341555356979 0.70154005289078 0.02187548391521
315 0.77138674259186 0.74699920415878 0.024387529119849
316 0.84338891506195 0.8063657283783 0.037023164331913
317 0.9162677526474 0.88680601119995 0.029461767524481
318 1.0236676931381 1.0009214878082 0.02274621091783
319 1.1962423324585 1.1726027727127 0.023639583960176
320 1.4769821166992 1.4493708610535 0.027611287310719
321 1.9226411581039 1.8996021747589 0.023038925603032
322 2.5747945308685 2.5524964332581 0.02229799516499
323 3.8389024734497 3.8161637783051 0.022738721221685
324 6.3763837814331 6.3528280258179 0.023555664345622
325 9.6942539215088 9.6691513061523 0.025102201849222
326 7.5237531661987 7.4926681518555 0.031084954738617
327 4.5797591209412 4.4886150360107 0.091143898665905
328 2.8924298286438 2.8649034500122 0.027526373043656
329 2.0612297058105 2.0366644859314 0.024565240368247
330 1.6094346046448 1.5859925746918 0.023441933095455
331 1.3463253974915 1.3220920562744 0.024233277887106
332 1.18634557724 1.1579042673111 0.028441295027733
333 1.1032685041428 1.0509942770004 0.052274122834206
334 1.0043905973434 0.97915983200073 0.025230698287487
335 0.95734971761703 0.93006855249405 0.027281180024147
336 0.92061895132065 0.896324634552 0.024294355884194
337 0.89660453796387 0.8725066781044 0.024097871035337
338 0.88018310070038 0.85607016086578 0.024112965911627
339 0.87001371383667 0.84570407867432 0.02430964820087
340 0.86464297771454 0.84006375074387 0.024579228833318
341 0.86305677890778 0.83813440799713 0.024922359734774
342 0.86490660905838 0.83912616968155 0.025780415162444
343 0.87634897232056 0.84286910295486 0.033479861915112
344 0.87636679410934 0.84890270233154 0.027464088052511
345 0.89035159349442 0.85701739788055 0.033334154635668
346 0.89532077312469 0.86708945035934 0.028231348842382
347 0.90629827976227 0.87905818223953 0.027240078896284
348 0.92018330097198 0.89291656017303 0.027266712859273
349 0.93672734498978 0.90870672464371 0.028020590543747
350 0.9562274813652 0.92651748657227 0.029710037633777
351 0.98060351610184 0.9464847445488 0.034118808805943
352 1.0200505256653 0.96879464387894 0.051255870610476
353 1.047412276268 0.99368917942047 0.053723067045212
354 1.0539078712463 1.0214629173279 0.032444998621941
355 1.1478127241135 1.0525224208832 0.09529036283493
356 1.1200911998749 1.0873302221298 0.032760966569185
357 1.1635981798172 1.1264760494232 0.037122152745724
358 1.2258769273758 1.1706929206848 0.055183943361044
359 1.3196824789047 1.2208973169327 0.098785206675529
360 1.319762468338 1.2782424688339 0.04152000695467
361 1.3846256732941 1.3441921472549 0.040433533489704
362 1.4642473459244 1.420622587204 0.043624710291624
363 1.5625224113464 1.5099673271179 0.052555043250322
364 1.6895501613617 1.6154237985611 0.074126459658146
365 1.8280472755432 1.7412555217743 0.086791798472404
366 2.0108971595764 1.8932392597198 0.11765799671412
367 2.3237705230713 2.0793735980988 0.24439708888531
368 3.0477690696716 2.310929775238 0.73683929443359
369 3.3503994941711 2.6042196750641 0.74617993831635
370 3.2142817974091 2.9835066795349 0.2307750582695
371 3.6936979293823 3.4860694408417 0.20762848854065
372 4.2496538162231 4.1713819503784 0.0782720297575
373 5.1991238594055 5.1386089324951 0.060515116900206
374 6.6148953437805 6.5619134902954 0.052981667220592
375 8.8424024581909 8.7663803100586 0.076022297143936
376 12.458040237427 12.402371406555 0.055669035762548
377 18.918727874756 18.866258621216 0.052468772977591
378 31.326171875 31.268556594849 0.057614803314209
379 55.472587585449 55.426864624023 0.045724637806416
380 88.451026916504 88.414474487305 0.036555528640747
381 69.546661376953 69.51114654541 0.035519581288099
382 39.845905303955 39.810779571533 0.035122763365507
383 23.546966552734 23.512247085571 0.034718845039606
384 15.180695533752 15.145961761475 0.034733142703772
385 10.60841178894 10.573333740234 0.035077445209026
386 7.9097714424133 7.8735756874084 0.036195889115334
387 6.218514919281 6.1620211601257 0.056493826210499
388 5.0688233375549 5.0318102836609 0.037013173103333
389 4.3055748939514 4.2694034576416 0.036171555519104
390 3.7883408069611 3.7522146701813 0.036126296967268
391 3.3696284294128 3.3323147296906 0.037313718348742
392 2.9921441078186 2.9493837356567 0.04276018217206
393 2.7103118896484 2.657723903656 0.052587818354368
394 2.4773442745209 2.4380016326904 0.039342608302832
395 2.318097114563 2.2683498859406 0.049747213721275
396 2.1777083873749 2.134028673172 0.043679729104042
397 2.1025819778442 2.0267698764801 0.07581203430891
398 1.9828417301178 1.9398869276047 0.042954843491316
399 1.9149805307388 1.8690683841705 0.04591216519475
400 1.9045205116272 1.8111679553986 0.093352548778057
401 1.853032708168 1.7638289928436 0.089203648269176
402 1.833750128746 1.7252540588379 0.10849602520466
403 1.7637631893158 1.6940506696701 0.069712519645691
404 1.7229743003845 1.6691278219223 0.053846515715122
405 1.7008788585663 1.6496233940125 0.051255352795124
406 1.6862325668335 1.6348525285721 0.05137998983264
407 1.6792051792145 1.6242692470551 0.054935969412327
408 1.6948226690292 1.6174539327621 0.077368699014187
409 1.6792089939117 1.6140334606171 0.065175548195839
410 1.6748867034912 1.6122465133667 0.062640279531479
411 1.6818101406097 1.6150372028351 0.066772915422916
412 1.6940013170242 1.6205947399139 0.073406487703323
413 1.7590745687485 1.628821849823 0.13025268912315
414 1.7715396881104 1.6396663188934 0.13187336921692
415 1.7635786533356 1.6531195640564 0.11045905947685
416 1.787407875061 1.6690955162048 0.11831237375736
417 1.8286972045898 1.6879223585129 0.14077493548393
418 1.8834688663483 1.7096002101898 0.17386867105961
419 1.9609627723694 1.7343125343323 0.22665022313595
420 2.077702999115 1.7622805833817 0.3154225051403
421 2.2725763320923 1.7938783168793 0.47869816422462
422 2.6452126502991 1.8294951915741 0.81571763753891
423 3.5941834449768 1.869668006897 1.7245154380798
424 7.1168613433838 1.9151033163071 5.2017579078674
425 14.955125808716 1.9665991067886 12.988526344299
426 4.9689054489136 2.0252344608307 2.9436709880829
427 3.3037159442902 2.0926463603973 1.2110694646835
428 2.815131187439 2.1708173751831 0.64431363344193
429 2.6911497116089 2.262512922287 0.4286367893219
430 2.6671118736267 2.371675491333 0.29543653130531
431 2.7208919525146 2.5041344165802 0.21675750613213
432 2.8365375995636 2.6690008640289 0.16753666102886
433 3.0198705196381 2.8814489841461 0.13842134177685
434 3.2878391742706 3.1693172454834 0.11852208524942
435 3.694580078125 3.5902888774872 0.10429130494595
436 4.3781452178955 4.2832627296448 0.094882674515247
437 5.6806035041809 5.5822234153748 0.098380111157894
438 7.887050151825 7.7995624542236 0.087487772107124
439 11.442087173462 11.364518165588 0.077569045126438
440 9.8432054519653 9.7691059112549 0.074099361896515
441 8.6004428863525 8.4980010986328 0.10244213789701
442 9.4466037750244 9.3338088989258 0.11279497295618
443 11.892146110535 11.826395988464 0.065750479698181
444 14.971460342407 14.91126537323 0.060194790363312
445 21.599376678467 21.533945083618 0.065430887043476
446 35.732772827148 35.656642913818 0.076130695641041
447 64.565826416016 64.505218505859 0.060608699917793
448 97.316795349121 97.256935119629 0.059859413653612
449 65.230102539063 65.102043151855 0.12805433571339
450 36.214820861816 36.15901184082 0.055810160934925
451 21.783805847168 21.727283477783 0.056522868573666
452 14.579637527466 14.514781951904 0.06485553830862
453 10.648626327515 10.591954231262 0.056672129780054
454 8.3308820724487 8.2774820327759 0.053400047123432
455 6.8739953041077 6.8197836875916 0.054211642593145
456 5.9065570831299 5.8545832633972 0.051973976194859
457 5.2588195800781 5.1912260055542 0.067593574523926
458 4.7786235809326 4.7232041358948 0.055419269949198
459 4.4392623901367 4.3877968788147 0.051465138792992
460 4.1998896598816 4.1473431587219 0.052546571940184
461 4.0335121154785 3.976499080658 0.057013064622879
462 3.9297308921814 3.8609957695007 0.068735219538212
463 3.9012548923492 3.7905979156494 0.11065702885389
464 3.8440518379211 3.7591376304626 0.08491413295269
465 3.8292217254639 3.7708764076233 0.058345280587673
466 3.8996284008026 3.8351621627808 0.064466297626495
467 4.0565042495728 3.975063085556 0.081441126763821
468 4.3438692092896 4.247962474823 0.095906510949135
469 4.9188046455383 4.8021583557129 0.11664628982544
470 6.0464334487915 5.968373298645 0.078060030937195
471 7.7045478820801 7.3396525382996 0.36489561200142
472 7.2220020294189 7.1517124176025 0.070289708673954
473 8.6639194488525 8.5040245056152 0.15989477932453
474 12.602899551392 12.5344581604 0.068440973758698
475 14.453701019287 14.382000923157 0.071699902415276
476 9.8172597885132 9.4766941070557 0.34056550264359
477 6.7888841629028 6.6975116729736 0.091372668743134
478 5.5496044158936 5.4651021957397 0.084502004086971
479 4.9841465950012 4.8894476890564 0.094698905944824
480 4.7675008773804 4.6084794998169 0.15902145206928
481 4.6806325912476 4.4776239395142 0.20300869643688
482 4.5998649597168 4.4348759651184 0.16498890519142
483 4.6531949043274 4.4537982940674 0.19939659535885
484 4.822208404541 4.5294408798218 0.29276740550995
485 5.1970911026001 4.6734566688538 0.52363431453705
486 6.1847791671753 4.93452501297 1.250254034996
487 10.849435806274 5.4278626441956 5.421573638916
488 8.5476970672607 6.2431092262268 2.3045871257782
489 7.1103358268738 6.3261041641235 0.78423154354095
490 6.0837388038635 5.6940503120422 0.38968858122826
491 5.6198019981384 5.3780655860901 0.24173630774021
492 5.4587650299072 5.2859182357788 0.17284701764584
493 5.4345259666443 5.3011441230774 0.1333821117878
494 5.482572555542 5.3714032173157 0.11116939038038
495 5.5734233856201 5.4741902351379 0.099233016371727
496 5.7228388786316 5.5993008613586 0.12353830784559
497 5.8802785873413 5.7419738769531 0.13830465078354
498 5.9846420288086 5.9002203941345 0.084421463310719
499 6.1689066886902 6.073281288147 0.095625475049019
500 6.3359365463257 6.262894153595 0.073042392730713
501 6.5458526611328 6.4748091697693 0.071043536067009
502 6.8022418022156 6.7281594276428 0.074082471430302
503 7.150306224823 7.0822534561157 0.068052895367146
504 7.4228420257568 7.3610391616821 0.061802729964256
505 7.549045085907 7.48570728302 0.063338108360767
506 7.7373776435852 7.6771516799927 0.060226384550333
507 8.0041379928589 7.9365224838257 0.067615129053593
508 8.3441705703735 8.2305812835693 0.11358850449324
509 8.6304655075073 8.5461559295654 0.08431002497673
510 8.9453220367432 8.887565612793 0.057756081223488
511 9.3103561401367 9.2549924850464 0.05536375194788
512 9.7050476074219 9.6504068374634 0.054640650749207
513 10.127987861633 10.073789596558 0.054198250174522
514 10.583855628967 10.528779983521 0.055075611919165
515 11.146990776062 11.018270492554 0.12872087955475
516 11.60249042511 11.545758247375 0.056732445955276
517 12.183842658997 12.11359500885 0.070248208940029
518 12.78942489624 12.728216171265 0.061209205538034
519 13.4583568573 13.396468162537 0.061889089643955
520 14.301670074463 14.126481056213 0.17518930137157
521 14.968718528748 14.898979187012 0.069739557802677
522 15.94399356842 15.741799354553 0.20219387114048
523 16.779291152954 16.666780471802 0.11250987648964
524 17.746223449707 17.68067741394 0.065546117722988
525 18.85206413269 18.794040679932 0.058023247867823
526 20.074729919434 20.017152786255 0.057578448206186
527 21.432468414307 21.366901397705 0.065567225217819
528 22.920225143433 22.861167907715 0.059057638049126
529 24.579128265381 24.520732879639 0.05839654058218
530 26.428964614868 26.370727539063 0.058235958218575
531 28.507358551025 28.4420337677 0.065325208008289
532 30.821617126465 30.767503738403 0.054113291203976
533 33.444389343262 33.389106750488 0.055282492190599
534 36.615615844727 36.545883178711 0.069731146097183
535 40.03092956543 39.971244812012 0.059683982282877
536 43.967029571533 43.90686416626 0.060165099799633
537 48.516361236572 48.460266113281 0.056093793362379
538 53.7942237854 53.737571716309 0.056654620915651
539 59.992816925049 59.92162322998 0.071195259690285
540 67.314254760742 67.251182556152 0.063076436519623
541 76.07844543457 76.02042388916 0.058015525341034
542 86.689590454102 86.633644104004 0.055949445813894
543 99.714691162109 99.657508850098 0.057183127850294
544 115.9702835083 115.91022491455 0.060065478086472
545 136.72135925293 136.61318969727 0.10817494988441
546 163.64567565918 163.58833312988 0.057336002588272
547 199.03823852539 198.98170471191 0.056529670953751
548 244.38000488281 244.32244873047 0.057556115090847
549 300.89828491211 300.81619262695 0.082105547189713
550 383.25604248047 383.19149780273 0.064558580517769
551 507.73571777344 507.32012939453 0.41557046771049
552 701.15057373047 701.07836914062 0.072171181440353
553 1.0191340942383E+03 1.0190661010742E+03 0.068031348288059
554 1.5761417236328E+03 1.5760822753906E+03 0.059426415711641
555 2.5946762695312E+03 2.5946181640625E+03 0.058257628232241
556 4.3315009765625E+03 4.331443359375E+03 0.05786132439971
557 5.815037109375E+03 5.8149755859375E+03 0.061223905533552
558 4.10359765625E+03 4.1035361328125E+03 0.061547104269266
559 2.463330078125E+03 2.4632661132813E+03 0.063939772546291
560 1.5167514648437E+03 1.5166843261719E+03 0.067079678177834
561 994.60003662109 994.54046630859 0.05959291011095
562 692.39447021484 692.33544921875 0.059007745236158
563 506.34881591797 506.28784179688 0.060991823673248
564 385.18276977539 385.11935424805 0.063390582799911
565 302.43347167969 302.36157226562 0.071891032159328
566 243.69883728027 243.56114196777 0.13768655061722
567 200.54789733887 200.38749694824 0.16040572524071
568 167.87841796875 167.80276489258 0.075662240386009
569 142.70150756836 142.63021850586 0.071294844150543
570 122.94995117187 122.79277038574 0.15717667341232
571 107.85711669922 106.88896942139 0.96815037727356
572 94.01895904541 93.946876525879 0.072082571685314
573 83.384574890137 83.276069641113 0.10849894583225
574 74.390327453613 74.319061279297 0.071270801126957
575 66.893363952637 66.822257995605 0.071101762354374
576 60.526931762695 60.446395874023 0.080535173416138
577 55.06502532959 54.97904586792 0.085976995527744
578 50.330444335937 50.255363464355 0.07508085668087
579 46.212398529053 46.145454406738 0.066942781209946
580 42.612491607666 42.548362731934 0.06412835419178
581 39.449989318848 39.382350921631 0.067636519670486
582 36.717704772949 36.572978973389 0.14472453296185
583 34.162311553955 34.083339691162 0.078974388539791
584 31.926877975464 31.860391616821 0.066485092043877
585 29.930459976196 29.867528915405 0.06293011456728
586 28.136034011841 28.074256896973 0.061777133494616
587 26.517129898071 26.455003738403 0.06212617084384
588 25.050815582275 24.988218307495 0.062596797943115
589 23.723070144653 23.655639648438 0.067429333925247
590 22.512714385986 22.44172668457 0.070985905826092
591 21.481792449951 21.333223342896 0.14856907725334
592 20.391267776489 20.318845748901 0.072423011064529
593 19.468534469604 19.389162063599 0.079372987151146
594 18.605516433716 18.53652381897 0.068992041051388
595 17.930004119873 17.750968933105 0.17903673648834
596 17.08660697937 17.019397735596 0.067210473120213
597 16.412977218628 16.34783744812 0.065138570964336
598 15.793581962585 15.728824615479 0.064757831394672
599 15.223645210266 15.157530784607 0.066114492714405
600 14.7001953125 14.630197525024 0.069997861981392
