0 0 0
1 2 4
2 4 7
3 6 11
4 8 14
5 10 18
5 12 22
6 14 25
7 16 29
8 18 32
9 20 36
10 22 39
11 24 43
12 26 47
13 28 50
14 30 54
15 32 57
15 34 61
16 36 65
17 38 68
18 40 72
19 43 75
20 45 79
21 47 83
22 49 86
23 51 90
24 53 93
25 55 97
25 57 100
26 59 104
27 61 108
28 63 111
29 65 115
30 67 118
31 69 122
32 71 126
33 73 129
34 75 133
35 77 136
35 79 140
36 81 144
37 83 147
38 85 151
39 87 154
40 89 158
41 91 161
42 93 165
43 95 169
44 97 172
45 99 176
45 101 179
46 103 183
47 105 187
48 107 190
49 109 194
50 111 197
51 113 201
52 115 205
53 117 208
54 119 212
55 121 215
55 123 219
56 126 222
57 128 226
58 129 228
58 128 226
59 126 224
59 125 221
60 124 219
60 123 217
61 122 215
61 120 212
62 119 210
62 118 208
62 117 206
63 116 203
63 114 201
64 113 199
64 112 197
65 111 194
65 110 192
65 109 190
66 107 188
66 106 185
67 105 183
67 104 181
68 103 179
68 101 176
69 100 174
69 99 172
69 98 170
70 97 167
70 95 165
71 94 163
71 93 161
72 92 158
72 91 156
72 90 154
73 88 152
73 87 149
74 86 147
74 85 145
75 84 142
75 82 140
76 81 138
76 80 136
76 79 133
77 78 131
77 76 129
78 75 127
78 74 124
79 73 122
79 72 120
79 71 118
80 69 115
80 68 113
81 67 111
81 66 109
82 65 106
82 63 104
83 62 102
83 61 100
83 60 97
84 59 95
84 57 93
85 56 91
85 55 88
86 54 86
87 53 85
89 53 84
91 54 83
94 54 83
96 54 82
98 54 81
100 54 81
103 54 80
105 54 79
107 54 79
109 54 78
112 54 77
114 55 77
116 55 76
118 55 75
121 55 74
123 55 74
125 55 73
127 55 72
130 55 72
132 55 71
134 55 70
136 56 70
138 56 69
141 56 68
143 56 68
145 56 67
147 56 66
150 56 66
152 56 65
154 56 64
156 56 64
159 56 63
161 57 62
163 57 62
165 57 61
168 57 60
170 57 60
172 57 59
174 57 58
177 57 58
179 57 57
181 57 56
183 58 55
186 58 55
188 58 54
190 58 53
192 58 53
195 58 52
197 58 51
199 58 51
201 58 50
204 58 49
206 59 49
208 59 48
210 59 47
212 59 47
215 59 46
217 59 45
219 59 45
221 59 44
224 59 43
226 59 43
228 59 42
229 62 44
229 65 48
230 68 51
230 71 54
231 74 58
231 77 61
232 80 64
232 83 68
232 86 71
233 89 74
233 92 78
234 96 81
234 99 85
234 102 88
235 105 91
235 108 95
236 111 98
236 114 101
236 117 105
237 120 108
237 123 111
238 126 115
238 129 118
239 132 121
239 135 125
239 138 128
240 142 132
240 145 135
241 148 138
241 151 142
241 154 145
242 157 148
242 160 152
243 163 155
243 166 158
243 169 162
244 172 165
244 175 168
245 178 172
245 181 175
246 184 179
246 188 182
246 191 185
247 194 189
247 197 192
248 200 195
248 203 199
248 206 202
249 209 205
249 212 209
250 215 212
250 218 215
250 221 219
251 224 222
251 227 226
252 230 229
252 234 232
253 237 236
253 240 239
253 243 242
254 246 246
254 249 249
255 252 252
255 255 255