0      6712.6
3.4431      124.69
6.8863      303.66
10.329      81.798
13.773      239.27
17.216      158.05
20.659      226.22
24.102      283.37
27.545      254.76
30.988      105.37
34.431      181.31
37.874      142.75
41.318      228.79
44.761      51.059
48.204      237.85
51.647      317.57
55.09      302.35
58.533      282.4
61.976      192.21
65.419      89.703
68.863      140.34
72.306      215.45
75.749      463.06
79.192      78.067
82.635      160.69
86.078      162.2
89.521      253.35
92.965      416.44
96.408      163.11
99.851      224.13
103.29      380.67
106.74      160.97
110.18      114.04
113.62      368.85
117.07      903.65
120.51      3229.2
123.95      8522.4
127.4      15550
130.84      24565
134.28      26507
137.73      26226
141.17      36472
144.61      39153
148.05      39370
151.5      43161
154.94      38464
158.38      39869
161.83      43094
165.27      39114
168.71      37644
172.16      27697
175.6      11679
179.04      4376.2
182.49      1579.9
185.93      850.35
189.37      436.67
192.82      386.75
196.26      167.35
199.7      122.76
203.14      78.221
206.59      169.08
210.03      84.417
213.47      329.88
216.92      119.15
220.36      276.67
223.8      364.74
227.25      99.584
230.69      213.95
234.13      207.79
237.58      320
241.02      209.54
244.46      167.77
247.91      271.21
251.35      284.21
254.79      304.18
258.23      20.126
261.68      186.8
265.12      164.61
268.56      101.96
272.01      167.17
275.45      102.99
278.89      230.43
282.34      223.06
285.78      140.88
289.22      329.17
292.67      399.68
296.11      241.58
299.55      250.29
303      100.75
306.44      77.993
309.88      57.514
313.32      133.94
316.77      327.01
320.21      219.27
323.65      94.039
327.1      174.63
330.54      210.39
333.98      17.42
337.43      57.282
340.87      181.28
344.31      194.86
347.76      45.254
351.2      90.03
354.64      174.18
358.09      264.13
361.53      169.22
364.97      193.08
368.42      101.36
371.86      112.43
375.3      218.76
378.74      50.683
382.19      215.48
385.63      114.5
389.07      43.294
392.52      175.39
395.96      272.35
399.4      211.42
402.85      169.65
406.29      259.44
409.73      251.17
413.18      182.94
416.62      71.643
420.06      83.324
423.51      343.61
426.95      10.213
430.39      112.84
433.83      184.59
437.28      315.62
440.72      140.27
444.16      221.92
447.61      288.52
451.05      97.515
454.49      167.81
457.94      52.363
461.38      297.72
464.82      36.793
468.27      134.51
471.71      298.29
475.15      244.8
478.6      289.39
482.04      236.82
485.48      289.29
488.92      157.74
492.37      210.35
495.81      219.04
499.25      172.32
502.7      153.12
506.14      192.22
509.58      128.09
513.03      172.89
516.47      159.84
519.91      139.48
523.36      5.1032
526.8      287.26
530.24      254.39
533.69      157.61
537.13      147.4
540.57      207
544.01      54.157
547.46      139.12
550.9      373.32
554.34      160.81
557.79      198.15
561.23      147.5
564.67      272.8
568.12      137.02
571.56      27.991
575      197.06
578.45      102.44
581.89      193.37
585.33      125.86
588.78      256.17
592.22      356.71
595.66      221.9
599.1      112.88
602.55      69.192
605.99      196.88
609.43      264.18
612.88      76.123
616.32      173.55
619.76      220.64
623.21      331.91
626.65      103.14
630.09      88.135
633.54      259.89
636.98      179.05
640.42      142.27
643.87      272.83
647.31      101.59
650.75      17.408
654.19      102.59
657.64      236.66
661.08      228.31
664.52      162.14
667.97      60.761
671.41      222.06
674.85      143.98
678.3      284.96
681.74      253.69
685.18      132.81
688.63      159.83
692.07      157.5
695.51      149.57
698.96      166.69
702.4      121.58
705.84      231.38
709.28      100.66
712.73      355.09
716.17      59.821
719.61      144.54
723.06      272.23
726.5      270.66
729.94      228.79
733.39      78.839
736.83      324.46
740.27      281.31
743.72      234.64
747.16      228.41
750.6      240.78
754.05      369.72
757.49      322.14
760.93      73.985
764.38      81.724
767.82      101.56
771.26      68.911
774.7      179.36
778.15      197.86
781.59      138.47
785.03      69.595
788.48      242.41
791.92      113.6
795.36      116.89
798.81      190.53
802.25      61.872
805.69      103.93
809.14      145.07
812.58      43.57
816.02      137.49
819.47      149.19
822.91      127.6
826.35      141.57
829.79      200.77
833.24      210.36
836.68      148.68
840.12      108.8
843.57      187.51
847.01      88.37
850.45      32.072
853.9      175.18
857.34      216.32
860.78      140.02
864.23      104.14
867.67      81.547
871.11      182.01
874.56      453.32
878      340.47
881.44      109.64
884.88      64.975
888.33      177.65
891.77      204.73
895.21      250.85
898.66      168.99
902.1      62.106
905.54      205.82
908.99      44.929
912.43      55.805
915.87      203.77
919.32      68.419
922.76      278.29
926.2      159.34
929.65      158.7
933.09      275.98
936.53      251.43
939.97      111.46
943.42      131.21
946.86      183.54
950.3      235.28
953.75      208.63
957.19      47.467
960.63      153.11
964.08      140.58
967.52      176.16
970.96      118.2
974.41      113.23
977.85      206.42
981.29      174.05
984.74      87.086
988.18      127.68
991.62      268
995.06      230.93
998.51      145.23
1002      69.227
1005.4      68.236
1008.8      142.03
1012.3      129.48
1015.7      59.048
1019.2      267.24
1022.6      48.043
1026.1      137.6
1029.5      147.31
1032.9      176.37
1036.4      155.85
1039.8      205.32
1043.3      226.41
1046.7      90.908
1050.2      262.69
1053.6      169.93
1057      303.55
1060.5      53.485
1063.9      209.63
1067.4      200.59
1070.8      96.51
1074.3      98.331
1077.7      188.89
1081.1      276.04
1084.6      38.273
1088      106.45
1091.5      200.88
1094.9      204.97
1098.4      212.35
1101.8      81.001
1105.2      81.511
1108.7      62.785
1112.1      245.28
1115.6      136.36
1119      40.72
1122.5      38.863
1125.9      178.39
1129.3      67.218
1132.8      188.01
1136.2      201.51
1139.7      161.37
1143.1      223.94
1146.6      66.141
1150      34.745
1153.4      114.96
1156.9      73.049
1160.3      90.269
1163.8      65.215
1167.2      171
1170.7      95.81
1174.1      142.53
1177.6      119.03
1181      167.34
1184.4      61.179
1187.9      217.14
1191.3      165.09
1194.8      28.618
1198.2      59.686
1201.7      129.81
1205.1      94.027
1208.5      71.352
1212      350.81
1215.4      239.66
1218.9      222.98
1222.3      66.781
1225.8      92.732
1229.2      203.6
1232.6      136.74
1236.1      131.43
1239.5      33.7
1243      120.31
1246.4      64.449
1249.9      111.27
1253.3      49.383
1256.7      51.986
1260.2      9.3309
1263.6      54.602
1267.1      22.04
1270.5      195.37
1274      91.269
1277.4      171.81
1280.8      73.981
1284.3      118.86
1287.7      39.729
1291.2      87.684
1294.6      93.931
1298.1      40.36
1301.5      73.091
1304.9      19.441
1308.4      121.8
1311.8      34.251
1315.3      376.05
1318.7      150.94
1322.2      204.37
1325.6      129.77
1329      128.25
1332.5      153.67
1335.9      144.14
1339.4      39.036
1342.8      176.39
1346.3      182.39
1349.7      98.085
1353.2      90.814
1356.6      39.943
1360      75.223
1363.5      189.37
1366.9      240.62
1370.4      189.68
1373.8      206.06
1377.3      81.457
1380.7      157.07
1384.1      64.053
1387.6      222.81
1391      161.9
1394.5      222.25
1397.9      116.73
1401.4      66.093
1404.8      105.71
1408.2      43.465
1411.7      22.825
1415.1      97.724
1418.6      42.93
1422      114.33
1425.5      42.588
1428.9      107.59
1432.3      142.79
1435.8      183.49
1439.2      191.6
1442.7      52.783
1446.1      170.82
1449.6      127.5
1453      187.97
1456.4      90.127
1459.9      68.747
1463.3      16.035
1466.8      197.16
1470.2      169.96
1473.7      64.326
1477.1      80.661
1480.5      49.879
1484      142.2
1487.4      152.59
1490.9      137.19
1494.3      158.75
1497.8      70.657
1501.2      93.214
1504.6      256.08
1508.1      279.55
1511.5      707.85
1515      908.06
1518.4      108.3
1521.9      180.99
1525.3      188.44
1528.8      69.147
1532.2      224.85
1535.6      138.54
1539.1      21.329
1542.5      85.69
1546      148.27
1549.4      135.97
1552.9      110
1556.3      79.169
1559.7      144.97
1563.2      114.8
1566.6      104.23
1570.1      34.511
1573.5      75.036
1577      79.104
1580.4      20.109
1583.8      59.321
1587.3      109.96
1590.7      89.664
1594.2      228.55
1597.6      131.19
1601.1      178.69
1604.5      127.27
1607.9      71.746
1611.4      145.76
1614.8      127.19
1618.3      182.43
1621.7      198.03
1625.2      108.14
1628.6      111.21
1632      223.23
1635.5      49.894
1638.9      100.35
1642.4      147.97
1645.8      187.95
1649.3      182.58
1652.7      145.68
1656.1      111.4
1659.6      107.39
1663      156.74
1666.5      96.991
1669.9      136.12
1673.4      76.964
1676.8      86.181
1680.2      70.3
1683.7      118
1687.1      25.774
1690.6      221.27
1694      48.819
1697.5      64.195
1700.9      16.427
1704.3      116.51
1707.8      76.061
1711.2      163.32
1714.7      139.73
1718.1      20.335
1721.6      122.06
1725      200.49
1728.5      110.33
1731.9      112.95
1735.3      53.263
1738.8      115.96
1742.2      78.408
1745.7      111.31
1749.1      147.18
1752.6      144.21
1756      132.75
1759.4      46.146
1762.9      37.679
1766.3      29.226
1769.8      217.59
1773.2      144.47
1776.7      100.65
1780.1      128.44
1783.5      74.94
1787      133.39
1790.4      23.023
1793.9      102.09
1797.3      69.94
1800.8      103.85
1804.2      149.59
1807.6      139.79
1811.1      56.894
1814.5      77.076
1818      73.019
1821.4      126.87
1824.9      121.79
1828.3      113.91
1831.7      237.91
1835.2      102.62
1838.6      111.93
1842.1      129.25
1845.5      141.39
1849      51.683
1852.4      101.67
1855.8      311.61
1859.3      127.98
1862.7      73.164
1866.2      169.17
1869.6      50.237
1873.1      146.83
1876.5      167.94
1879.9      191.12
1883.4      97.745
1886.8      190.16
1890.3      112.69
1893.7      83.471
1897.2      229.58
1900.6      107.9
1904.1      196.76
1907.5      102.4
1910.9      28.593
1914.4      147.48
1917.8      117.34
1921.3      106.45
1924.7      102.93
1928.2      60.162
1931.6      187.4
1935      155.17
1938.5      94.942
1941.9      183.78
1945.4      38.25
1948.8      49.13
1952.3      34.245
1955.7      228.4
1959.1      54.886
1962.6      148.8
1966      122.47
1969.5      121.52
1972.9      121.79
1976.4      114.74
1979.8      121.33
1983.2      124.14
1986.7      74.16
1990.1      96.528
1993.6      68.561
1997      185.68
2000.5      105.41
2003.9      142.56
2007.3      111.25
2010.8      102.29
2014.2      92.081
2017.7      80.36
2021.1      72.975
2024.6      107.3
2028      71.547
2031.4      106.56
2034.9      22.281
2038.3      37.64
2041.8      35.264
2045.2      55.785
2048.7      133.24
2052.1      168.02
2055.5      139.73
2059      25.641
2062.4      27.957
2065.9      164.11
2069.3      111.44
2072.8      170.38
2076.2      190.64
2079.7      117.54
2083.1      109.25
2086.5      74.649
2090      55.228
2093.4      26.84
2096.9      186.26
2100.3      58.235
2103.8      46.767
2107.2      51.81
2110.6      74.116
2114.1      102.72
2117.5      80.208
2121      54.414
2124.4      130.01
2127.9      95
2131.3      14.637
2134.7      35.671
2138.2      50.583
2141.6      65.123
2145.1      117.04
2148.5      19.017
2152      19.26
2155.4      29.155
2158.8      55.881
2162.3      62.628
2165.7      118.86
2169.2      47.538
2172.6      18.64
2176.1      52.459
2179.5      110.55
2182.9      69.959
2186.4      147.25
2189.8      133.97
2193.3      74.702
2196.7      63.777
2200.2      19.11
2203.6      45.792
2207      92.113
2210.5      125.62
2213.9      91.409
2217.4      61.323
2220.8      28.939
2224.3      72.519
2227.7      143.5
2231.1      99.483
2234.6      45.631
2238      136.99
2241.5      106.91
2244.9      64.432
2248.4      40.997
2251.8      75.437
2255.3      39.021
2258.7      85.489
2262.1      63.226
2265.6      29.604
2269      53.082
2272.5      52.478
2275.9      36.096
2279.4      55.37
2282.8      65.904
2286.2      106.95
2289.7      66.622
2293.1      24.852
2296.6      54.275
2300      162.55
2303.5      39.977
2306.9      67.689
2310.3      108.56
2313.8      68.49
2317.2      46.101
2320.7      62.219
2324.1      40.461
2327.6      110.42
2331      52.376
2334.4      87.67
2337.9      99.685
2341.3      83.758
2344.8      80.602
2348.2      14.505
2351.7      88.454
2355.1      61.11
2358.5      91.439
2362      49.191
2365.4      55.464
2368.9      95.559
2372.3      18.452
2375.8      62.148
2379.2      24.748
2382.6      49.378
2386.1      119.33
2389.5      47.604
2393      15.409
2396.4      94.358
2399.9      72.544
2403.3      44.242
2406.7      53.409
2410.2      18.819
2413.6      15.093
2417.1      44.2
2420.5      123.86
2424      51.639
2427.4      63.37
2430.9      37.072
2434.3      38.269
2437.7      64.458
2441.2      50.789
2444.6      74.583
2448.1      79.761
2451.5      60.38
2455      50.617
2458.4      36.481
2461.8      117.02
2465.3      95.055
2468.7      74.69
2472.2      9.384
2475.6      23.713
2479.1      70.669
2482.5      12.981
2485.9      51.484
2489.4      82.506
2492.8      26.39
2496.3      67.67
2499.7      61.945
2503.2      53.751
2506.6      53.445
2510      49.888
2513.5      68.863
2516.9      55.408
2520.4      9.0976
2523.8      40.11
2527.3      93.303
2530.7      82.585
2534.1      53.099
2537.6      71.362
2541      46.022
2544.5      12.706
2547.9      61.085
2551.4      40.285
2554.8      48.055
2558.2      84.881
2561.7      24.248
2565.1      53.758
2568.6      126.47
2572      59.148
2575.5      37.702
2578.9      83.109
2582.3      93.491
2585.8      80.862
2589.2      45.398
2592.7      32.819
2596.1      47.252
2599.6      25.272
2603      40.975
2606.5      70.452
2609.9      38.46
2613.3      82.661
2616.8      25.823
2620.2      19.245
2623.7      5.0684
2627.1      39.389
2630.6      56.142
2634      56.029
2637.4      23.284
2640.9      81.703
2644.3      48.469
2647.8      23.803
2651.2      73.301
2654.7      24.22
2658.1      37.692
2661.5      39.591
2665      59.268
2668.4      53.033
2671.9      36.796
2675.3      40.823
2678.8      32.968
2682.2      52.227
2685.6      24.793
2689.1      46.53
2692.5      16.7
2696      23.588
2699.4      48.033
2702.9      76.382
2706.3      44.912
2709.7      63.62
2713.2      44.973
2716.6      10.515
2720.1      11.491
2723.5      11.279
2727      34.402
2730.4      35.801
2733.8      43.61
2737.3      10.03
2740.7      25.809
2744.2      50.431
2747.6      12.061
2751.1      24.67
2754.5      45.992
2757.9      26.145
2761.4      46.921
2764.8      25.891
2768.3      40.471
2771.7      27.591
2775.2      33.722
2778.6      13.624
2782      66.866
2785.5      37.852
2788.9      23.581
2792.4      29.97
2795.8      44.203
2799.3      5.2296
2802.7      20.412
2806.2      41.612
2809.6      9.4877
2813      53.833
2816.5      36.947
2819.9      11.473
2823.4      18.002
2826.8      30.095
2830.3      39.004
2833.7      22.029
2837.1      35.868
2840.6      19.162
2844      34.084
2847.5      15.483
2850.9      63.1
2854.4      149.25
2857.8      183.22
2861.2      161.39
2864.7      186.17
2868.1      177.75
2871.6      177.82
2875      169.87
2878.5      172.04
2881.9      166.42
2885.3      171.95
2888.8      99.497
2892.2      88.012
2895.7      98.323
2899.1      59.678
2902.6      46.994
2906      34.184
2909.4      44.153
2912.9      8.3218
2916.3      12.492
2919.8      11.867
2923.2      12.471
2926.7      13.886
2930.1      2.2501
2933.5      9.0247
2937      9.3846
2940.4      7.5195
2943.9      17.305
2947.3      8.9039
2950.8      7.449
2954.2      14.317
2957.6      6.8932
2961.1      11.503
2964.5      7.7674
2968      7.1388
2971.4      8.4606
2974.9      1.191
2978.3      9.2918
2981.8      4.6007
2985.2      5.4795
2988.6      5.4277
2992.1      5.9313
2995.5      4.4528
2999      0.85539
3002.4      5.4986
3005.9      3.6364
3009.3      2.189
3012.7      1.2022
3016.2      0.8335
3019.6      1.5098
3023.1      0.31006
3026.5      0.8961
3030      0.31006
3033.4      1.5098
3036.8      0.8335
3040.3      1.2022
3043.7      2.189
3047.2      3.6364
3050.6      5.4986
3054.1      0.85539
3057.5      4.4528
3060.9      5.9313
3064.4      5.4277
3067.8      5.4795
3071.3      4.6007
3074.7      9.2918
3078.2      1.191
3081.6      8.4606
3085      7.1388
3088.5      7.7674
3091.9      11.503
3095.4      6.8932
3098.8      14.317
3102.3      7.449
3105.7      8.9039
3109.1      17.305
3112.6      7.5195
3116      9.3846
3119.5      9.0247
3122.9      2.2501
3126.4      13.886
3129.8      12.471
3133.2      11.867
3136.7      12.492
3140.1      8.3218
3143.6      44.153
3147      34.184
3150.5      46.994
3153.9      59.678
3157.4      98.323
3160.8      88.012
3164.2      99.497
3167.7      171.95
3171.1      166.42
3174.6      172.04
3178      169.87
3181.5      177.82
3184.9      177.75
3188.3      186.17
3191.8      161.39
3195.2      183.22
3198.7      149.25
3202.1      63.1
3205.6      15.483
3209      34.084
3212.4      19.162
3215.9      35.868
3219.3      22.029
3222.8      39.004
3226.2      30.095
3229.7      18.002
3233.1      11.473
3236.5      36.947
3240      53.833
3243.4      9.4877
3246.9      41.612
3250.3      20.412
3253.8      5.2296
3257.2      44.203
3260.6      29.97
3264.1      23.581
3267.5      37.852
3271      66.866
3274.4      13.624
3277.9      33.722
3281.3      27.591
3284.7      40.471
3288.2      25.891
3291.6      46.921
3295.1      26.145
3298.5      45.992
3302      24.67
3305.4      12.061
3308.8      50.431
3312.3      25.809
3315.7      10.03
3319.2      43.61
3322.6      35.801
3326.1      34.402
3329.5      11.279
3333      11.491
3336.4      10.515
3339.8      44.973
3343.3      63.62
3346.7      44.912
3350.2      76.382
3353.6      48.033
3357.1      23.588
3360.5      16.7
3363.9      46.53
3367.4      24.793
3370.8      52.227
3374.3      32.968
3377.7      40.823
3381.2      36.796
3384.6      53.033
3388      59.268
3391.5      39.591
3394.9      37.692
3398.4      24.22
3401.8      73.301
3405.3      23.803
3408.7      48.469
3412.1      81.703
3415.6      23.284
3419      56.029
3422.5      56.142
3425.9      39.389
3429.4      5.0684
3432.8      19.245
3436.2      25.823
3439.7      82.661
3443.1      38.46
3446.6      70.452
3450      40.975
3453.5      25.272
3456.9      47.252
3460.3      32.819
3463.8      45.398
3467.2      80.862
3470.7      93.491
3474.1      83.109
3477.6      37.702
3481      59.148
3484.4      126.47
3487.9      53.758
3491.3      24.248
3494.8      84.881
3498.2      48.055
3501.7      40.285
3505.1      61.085
3508.6      12.706
3512      46.022
3515.4      71.362
3518.9      53.099
3522.3      82.585
3525.8      93.303
3529.2      40.11
3532.7      9.0976
3536.1      55.408
3539.5      68.863
3543      49.888
3546.4      53.445
3549.9      53.751
3553.3      61.945
3556.8      67.67
3560.2      26.39
3563.6      82.506
3567.1      51.484
3570.5      12.981
3574      70.669
3577.4      23.713
3580.9      9.384
3584.3      74.69
3587.7      95.055
3591.2      117.02
3594.6      36.481
3598.1      50.617
3601.5      60.38
3605      79.761
3608.4      74.583
3611.8      50.789
3615.3      64.458
3618.7      38.269
3622.2      37.072
3625.6      63.37
3629.1      51.639
3632.5      123.86
3635.9      44.2
3639.4      15.093
3642.8      18.819
3646.3      53.409
3649.7      44.242
3653.2      72.544
3656.6      94.358
3660      15.409
3663.5      47.604
3666.9      119.33
3670.4      49.378
3673.8      24.748
3677.3      62.148
3680.7      18.452
3684.2      95.559
3687.6      55.464
3691      49.191
3694.5      91.439
3697.9      61.11
3701.4      88.454
3704.8      14.505
3708.3      80.602
3711.7      83.758
3715.1      99.685
3718.6      87.67
3722      52.376
3725.5      110.42
3728.9      40.461
3732.4      62.219
3735.8      46.101
3739.2      68.49
3742.7      108.56
3746.1      67.689
3749.6      39.977
3753      162.55
3756.5      54.275
3759.9      24.852
3763.3      66.622
3766.8      106.95
3770.2      65.904
3773.7      55.37
3777.1      36.096
3780.6      52.478
3784      53.082
3787.4      29.604
3790.9      63.226
3794.3      85.489
3797.8      39.021
3801.2      75.437
3804.7      40.997
3808.1      64.432
3811.5      106.91
3815      136.99
3818.4      45.631
3821.9      99.483
3825.3      143.5
3828.8      72.519
3832.2      28.939
3835.6      61.323
3839.1      91.409
3842.5      125.62
3846      92.113
3849.4      45.792
3852.9      19.11
3856.3      63.777
3859.7      74.702
3863.2      133.97
3866.6      147.25
3870.1      69.959
3873.5      110.55
3877      52.459
3880.4      18.64
3883.9      47.538
3887.3      118.86
3890.7      62.628
3894.2      55.881
3897.6      29.155
3901.1      19.26
3904.5      19.017
3908      117.04
3911.4      65.123
3914.8      50.583
3918.3      35.671
3921.7      14.637
3925.2      95
3928.6      130.01
3932.1      54.414
3935.5      80.208
3938.9      102.72
3942.4      74.116
3945.8      51.81
3949.3      46.767
3952.7      58.235
3956.2      186.26
3959.6      26.84
3963      55.228
3966.5      74.649
3969.9      109.25
3973.4      117.54
3976.8      190.64
3980.3      170.38
3983.7      111.44
3987.1      164.11
3990.6      27.957
3994      25.641
3997.5      139.73
4000.9      168.02
4004.4      133.24
4007.8      55.785
4011.2      35.264
4014.7      37.64
4018.1      22.281
4021.6      106.56
4025      71.547
4028.5      107.3
4031.9      72.975
4035.3      80.36
4038.8      92.081
4042.2      102.29
4045.7      111.25
4049.1      142.56
4052.6      105.41
4056      185.68
4059.5      68.561
4062.9      96.528
4066.3      74.16
4069.8      124.14
4073.2      121.33
4076.7      114.74
4080.1      121.79
4083.6      121.52
4087      122.47
4090.4      148.8
4093.9      54.886
4097.3      228.4
4100.8      34.245
4104.2      49.13
4107.7      38.25
4111.1      183.78
4114.5      94.942
4118      155.17
4121.4      187.4
4124.9      60.162
4128.3      102.93
4131.8      106.45
4135.2      117.34
4138.6      147.48
4142.1      28.593
4145.5      102.4
4149      196.76
4152.4      107.9
4155.9      229.58
4159.3      83.471
4162.7      112.69
4166.2      190.16
4169.6      97.745
4173.1      191.12
4176.5      167.94
4180      146.83
4183.4      50.237
4186.8      169.17
4190.3      73.164
4193.7      127.98
4197.2      311.61
4200.6      101.67
4204.1      51.683
4207.5      141.39
4210.9      129.25
4214.4      111.93
4217.8      102.62
4221.3      237.91
4224.7      113.91
4228.2      121.79
4231.6      126.87
4235.1      73.019
4238.5      77.076
4241.9      56.894
4245.4      139.79
4248.8      149.59
4252.3      103.85
4255.7      69.94
4259.2      102.09
4262.6      23.023
4266      133.39
4269.5      74.94
4272.9      128.44
4276.4      100.65
4279.8      144.47
4283.3      217.59
4286.7      29.226
4290.1      37.679
4293.6      46.146
4297      132.75
4300.5      144.21
4303.9      147.18
4307.4      111.31
4310.8      78.408
4314.2      115.96
4317.7      53.263
4321.1      112.95
4324.6      110.33
4328      200.49
4331.5      122.06
4334.9      20.335
4338.3      139.73
4341.8      163.32
4345.2      76.061
4348.7      116.51
4352.1      16.427
4355.6      64.195
4359      48.819
4362.4      221.27
4365.9      25.774
4369.3      118
4372.8      70.3
4376.2      86.181
4379.7      76.964
4383.1      136.12
4386.5      96.991
4390      156.74
4393.4      107.39
4396.9      111.4
4400.3      145.68
4403.8      182.58
4407.2      187.95
4410.7      147.97
4414.1      100.35
4417.5      49.894
4421      223.23
4424.4      111.21
4427.9      108.14
4431.3      198.03
4434.8      182.43
4438.2      127.19
4441.6      145.76
4445.1      71.746
4448.5      127.27
4452      178.69
4455.4      131.19
4458.9      228.55
4462.3      89.664
4465.7      109.96
4469.2      59.321
4472.6      20.109
4476.1      79.104
4479.5      75.036
4483      34.511
4486.4      104.23
4489.8      114.8
4493.3      144.97
4496.7      79.169
4500.2      110
4503.6      135.97
4507.1      148.27
4510.5      85.69
4513.9      21.329
4517.4      138.54
4520.8      224.85
4524.3      69.147
4527.7      188.44
4531.2      180.99
4534.6      108.3
4538      908.06
4541.5      707.85
4544.9      279.55
4548.4      256.08
4551.8      93.214
4555.3      70.657
4558.7      158.75
4562.1      137.19
4565.6      152.59
4569      142.2
4572.5      49.879
4575.9      80.661
4579.4      64.326
4582.8      169.96
4586.3      197.16
4589.7      16.035
4593.1      68.747
4596.6      90.127
4600      187.97
4603.5      127.5
4606.9      170.82
4610.4      52.783
4613.8      191.6
4617.2      183.49
4620.7      142.79
4624.1      107.59
4627.6      42.588
4631      114.33
4634.5      42.93
4637.9      97.724
4641.3      22.825
4644.8      43.465
4648.2      105.71
4651.7      66.093
4655.1      116.73
4658.6      222.25
4662      161.9
4665.4      222.81
4668.9      64.053
4672.3      157.07
4675.8      81.457
4679.2      206.06
4682.7      189.68
4686.1      240.62
4689.5      189.37
4693      75.223
4696.4      39.943
4699.9      90.814
4703.3      98.085
4706.8      182.39
4710.2      176.39
4713.6      39.036
4717.1      144.14
4720.5      153.67
4724      128.25
4727.4      129.77
4730.9      204.37
4734.3      150.94
4737.7      376.05
4741.2      34.251
4744.6      121.8
4748.1      19.441
4751.5      73.091
4755      40.36
4758.4      93.931
4761.9      87.684
4765.3      39.729
4768.7      118.86
4772.2      73.981
4775.6      171.81
4779.1      91.269
4782.5      195.37
4786      22.04
4789.4      54.602
4792.8      9.3309
4796.3      51.986
4799.7      49.383
4803.2      111.27
4806.6      64.449
4810.1      120.31
4813.5      33.7
4816.9      131.43
4820.4      136.74
4823.8      203.6
4827.3      92.732
4830.7      66.781
4834.2      222.98
4837.6      239.66
4841      350.81
4844.5      71.352
4847.9      94.027
4851.4      129.81
4854.8      59.686
4858.3      28.618
4861.7      165.09
4865.1      217.14
4868.6      61.179
4872      167.34
4875.5      119.03
4878.9      142.53
4882.4      95.81
4885.8      171
4889.2      65.215
4892.7      90.269
4896.1      73.049
4899.6      114.96
4903      34.745
4906.5      66.141
4909.9      223.94
4913.3      161.37
4916.8      201.51
4920.2      188.01
4923.7      67.218
4927.1      178.39
4930.6      38.863
4934      40.72
4937.4      136.36
4940.9      245.28
4944.3      62.785
4947.8      81.511
4951.2      81.001
4954.7      212.35
4958.1      204.97
4961.6      200.88
4965      106.45
4968.4      38.273
4971.9      276.04
4975.3      188.89
4978.8      98.331
4982.2      96.51
4985.7      200.59
4989.1      209.63
4992.5      53.485
4996      303.55
4999.4      169.93
5002.9      262.69
5006.3      90.908
5009.8      226.41
5013.2      205.32
5016.6      155.85
5020.1      176.37
5023.5      147.31
5027      137.6
5030.4      48.043
5033.9      267.24
5037.3      59.048
5040.7      129.48
5044.2      142.03
5047.6      68.236
5051.1      69.227
5054.5      145.23
5058      230.93
5061.4      268
5064.8      127.68
5068.3      87.086
5071.7      174.05
5075.2      206.42
5078.6      113.23
5082.1      118.2
5085.5      176.16
5088.9      140.58
5092.4      153.11
5095.8      47.467
5099.3      208.63
5102.7      235.28
5106.2      183.54
5109.6      131.21
5113      111.46
5116.5      251.43
5119.9      275.98
5123.4      158.7
5126.8      159.34
5130.3      278.29
5133.7      68.419
5137.2      203.77
5140.6      55.805
5144      44.929
5147.5      205.82
5150.9      62.106
5154.4      168.99
5157.8      250.85
5161.3      204.73
5164.7      177.65
5168.1      64.975
5171.6      109.64
5175      340.47
5178.5      453.32
5181.9      182.01
5185.4      81.547
5188.8      104.14
5192.2      140.02
5195.7      216.32
5199.1      175.18
5202.6      32.072
5206      88.37
5209.5      187.51
5212.9      108.8
5216.3      148.68
5219.8      210.36
5223.2      200.77
5226.7      141.57
5230.1      127.6
5233.6      149.19
5237      137.49
5240.4      43.57
5243.9      145.07
5247.3      103.93
5250.8      61.872
5254.2      190.53
5257.7      116.89
5261.1      113.6
5264.5      242.41
5268      69.595
5271.4      138.47
5274.9      197.86
5278.3      179.36
5281.8      68.911
5285.2      101.56
5288.6      81.724
5292.1      73.985
5295.5      322.14
5299      369.72
5302.4      240.78
5305.9      228.41
5309.3      234.64
5312.8      281.31
5316.2      324.46
5319.6      78.839
5323.1      228.79
5326.5      270.66
5330      272.23
5333.4      144.54
5336.9      59.821
5340.3      355.09
5343.7      100.66
5347.2      231.38
5350.6      121.58
5354.1      166.69
5357.5      149.57
5361      157.5
5364.4      159.83
5367.8      132.81
5371.3      253.69
5374.7      284.96
5378.2      143.98
5381.6      222.06
5385.1      60.761
5388.5      162.14
5391.9      228.31
5395.4      236.66
5398.8      102.59
5402.3      17.408
5405.7      101.59
5409.2      272.83
5412.6      142.27
5416      179.05
5419.5      259.89
5422.9      88.135
5426.4      103.14
5429.8      331.91
5433.3      220.64
5436.7      173.55
5440.1      76.123
5443.6      264.18
5447      196.88
5450.5      69.192
5453.9      112.88
5457.4      221.9
5460.8      356.71
5464.2      256.17
5467.7      125.86
5471.1      193.37
5474.6      102.44
5478      197.06
5481.5      27.991
5484.9      137.02
5488.4      272.8
5491.8      147.5
5495.2      198.15
5498.7      160.81
5502.1      373.32
5505.6      139.12
5509      54.157
5512.5      207
5515.9      147.4
5519.3      157.61
5522.8      254.39
5526.2      287.26
5529.7      5.1032
5533.1      139.48
5536.6      159.84
5540      172.89
5543.4      128.09
5546.9      192.22
5550.3      153.12
5553.8      172.32
5557.2      219.04
5560.7      210.35
5564.1      157.74
5567.5      289.29
5571      236.82
5574.4      289.39
5577.9      244.8
5581.3      298.29
5584.8      134.51
5588.2      36.793
5591.6      297.72
5595.1      52.363
5598.5      167.81
5602      97.515
5605.4      288.52
5608.9      221.92
5612.3      140.27
5615.7      315.62
5619.2      184.59
5622.6      112.84
5626.1      10.213
5629.5      343.61
5633      83.324
5636.4      71.643
5639.8      182.94
5643.3      251.17
5646.7      259.44
5650.2      169.65
5653.6      211.42
5657.1      272.35
5660.5      175.39
5664      43.294
5667.4      114.5
5670.8      215.48
5674.3      50.683
5677.7      218.76
5681.2      112.43
5684.6      101.36
5688.1      193.08
5691.5      169.22
5694.9      264.13
5698.4      174.18
5701.8      90.03
5705.3      45.254
5708.7      194.86
5712.2      181.28
5715.6      57.282
5719      17.42
5722.5      210.39
5725.9      174.63
5729.4      94.039
5732.8      219.27
5736.3      327.01
5739.7      133.94
5743.1      57.514
5746.6      77.993
5750      100.75
5753.5      250.29
5756.9      241.58
5760.4      399.68
5763.8      329.17
5767.2      140.88
5770.7      223.06
5774.1      230.43
5777.6      102.99
5781      167.17
5784.5      101.96
5787.9      164.61
5791.3      186.8
5794.8      20.126
5798.2      304.18
5801.7      284.21
5805.1      271.21
5808.6      167.77
5812      209.54
5815.4      320
5818.9      207.79
5822.3      213.95
5825.8      99.584
5829.2      364.74
5832.7      276.67
5836.1      119.15
5839.6      329.88
5843      84.417
5846.4      169.08
5849.9      78.221
5853.3      122.76
5856.8      167.35
5860.2      386.75
5863.7      436.67
5867.1      850.35
5870.5      1579.9
5874      4376.2
5877.4      11679
5880.9      27697
5884.3      37644
5887.8      39114
5891.2      43094
5894.6      39869
5898.1      38464
5901.5      43161
5905      39370
5908.4      39153
5911.9      36472
5915.3      26226
5918.7      26507
5922.2      24565
5925.6      15550
5929.1      8522.4
5932.5      3229.2
5936      903.65
5939.4      368.85
5942.8      114.04
5946.3      160.97
5949.7      380.67
5953.2      224.13
5956.6      163.11
5960.1      416.44
5963.5      253.35
5966.9      162.2
5970.4      160.69
5973.8      78.067
5977.3      463.06
5980.7      215.45
5984.2      140.34
5987.6      89.703
5991      192.21
5994.5      282.4
5997.9      302.35
6001.4      317.57
6004.8      237.85
6008.3      51.059
6011.7      228.79
6015.1      142.75
6018.6      181.31
6022      105.37
6025.5      254.76
6028.9      283.37
6032.4      226.22
6035.8      158.05
6039.3      239.27
6042.7      81.798
6046.1      303.66
6049.6      124.69
