0     1.0095e+05
3.4372     20693
6.8744     7435.5
10.312     7067.9
13.749     5219.2
17.186     2092.3
20.623     84.911
24.06     2417
27.498     787.58
30.935     2208.8
34.372     5170.4
37.809     656.97
41.247     1877.3
44.684     3157.2
48.121     380.09
51.558     707.8
54.995     3291
58.433     2730.3
61.87     4449
65.307     1953.4
68.744     2399.7
72.181     2349.2
75.619     3676.6
79.056     2072.3
82.493     2292.5
85.93     2422.1
89.368     1337.7
92.805     1064.2
96.242     760.14
99.679     3178.2
103.12     3188.5
106.55     3648.3
109.99     1189.7
113.43     3433.5
116.87     6851
120.3     11992
123.74     36161
127.18     51629
130.61     84654
134.05     90525
137.49     89070
140.93     90807
144.36     72490
147.8     73073
151.24     61532
154.67     81612
158.11     77650
161.55     77222
164.99     72341
168.42     61777
171.86     39833
175.3     14274
178.74     9156.3
182.17     1958.6
185.61     2098.4
189.05     1358.1
192.48     1718.1
195.92     3584.6
199.36     2785.9
202.8     1175
206.23     1680.2
209.67     682.49
213.11     2246.2
216.54     4067.6
219.98     5443.9
223.42     2893.9
226.86     1224.3
230.29     3925.1
233.73     609.71
237.17     1463.4
240.6     1990.5
244.04     2016.2
247.48     1728.7
250.92     1662.3
254.35     1708.9
257.79     3665.2
261.23     2718.6
264.67     3070
268.1     2449.6
271.54     1664.5
274.98     2268.4
278.41     3336.4
281.85     1242.1
285.29     1868.1
288.73     555.37
292.16     984.84
295.6     777.45
299.04     3334.9
302.47     1772.9
305.91     953.66
309.35     4417
312.79     1448.1
316.22     2384.9
319.66     1845.1
323.1     5074.7
326.54     1736.6
329.97     1629.1
333.41     162.85
336.85     572.77
340.28     1702.2
343.72     2061
347.16     1842.8
350.6     1368.4
354.03     2156.8
357.47     1716.8
360.91     2543.8
364.34     1413.5
367.78     1498.1
371.22     2249.4
374.66     526.52
378.09     1393.9
381.53     1568.1
384.97     1743.5
388.41     299.68
391.84     2004.7
395.28     6111.9
398.72     3361.5
402.15     2084.7
405.59     587.48
409.03     1791
412.47     183.49
415.9     2826.5
419.34     974.4
422.78     1292
426.21     3056.2
429.65     2595.1
433.09     114.46
436.53     963.13
439.96     1963.6
443.4     2360.7
446.84     4460.2
450.27     1045
453.71     2391.2
457.15     2733.5
460.59     737.31
464.02     3036.8
467.46     272.53
470.9     850.06
474.34     2146.3
477.77     3108
481.21     2129.9
484.65     1783.6
488.08     2893.1
491.52     2248.6
494.96     2803.2
498.4     683.52
501.83     2436.8
505.27     3227.7
508.71     508.59
512.14     1344.2
515.58     2040.6
519.02     1705.6
522.46     1677.5
525.89     510.63
529.33     744.3
532.77     3540.2
536.21     5395.1
539.64     3077
543.08     468.94
546.52     744.34
549.95     4935.2
553.39     3848.9
556.83     13772
560.27     5586.1
563.7     866.39
567.14     2745.7
570.58     1219.1
574.01     4489.8
577.45     1251.8
580.89     2040.1
584.33     2001.8
587.76     1176.8
591.2     2443.9
594.64     3175.2
598.08     2108.3
601.51     2434.6
604.95     1119.4
608.39     2187.1
611.82     988.42
615.26     4123.6
618.7     4236.4
622.14     1803.3
625.57     822.36
629.01     1934.5
632.45     1254.6
635.88     3249.9
639.32     433.57
642.76     1434.4
646.2     1728.7
649.63     2436.1
653.07     1670.4
656.51     640.29
659.95     1469.2
663.38     2492.3
666.82     1948
670.26     2471.3
673.69     2131.4
677.13     2542.6
680.57     3077.6
684.01     594.12
687.44     1744.5
690.88     3575.2
694.32     815.01
697.75     751.67
701.19     1954.9
704.63     2101.7
708.07     2464.3
711.5     1476.8
714.94     1679
718.38     896.06
721.81     2536.7
725.25     3860.5
728.69     1469.9
732.13     358.1
735.56     909.39
739     2341.6
742.44     1656.9
745.88     2399
749.31     3425.2
752.75     3940.5
756.19     1826.6
759.62     3986.4
763.06     2915.7
766.5     3751.5
769.94     2367.1
773.37     1213.6
776.81     2401.6
780.25     3999.7
783.68     1571.7
787.12     811.48
790.56     1662
794     2708.9
797.43     3877.3
800.87     3306
804.31     1525.4
807.75     2526.3
811.18     1446.9
814.62     2563.1
818.06     2818.8
821.49     1276.7
824.93     2756.4
828.37     2536.1
831.81     2490.5
835.24     2278.2
838.68     1816.6
842.12     2847.1
845.55     3805.4
848.99     1438.8
852.43     1859.4
855.87     2978.1
859.3     1226.6
862.74     932.41
866.18     1069.7
869.62     1012.6
873.05     305.22
876.49     877.83
879.93     1407.9
883.36     1787.8
886.8     1714
890.24     2501.4
893.68     1523.9
897.11     1767
900.55     865.77
903.99     1743.2
907.42     2539.5
910.86     2717.7
914.3     1822.9
917.74     2489.6
921.17     2279.6
924.61     1726
928.05     3312.2
931.48     2252.3
934.92     3035.6
938.36     2191.1
941.8     3011.7
945.23     1663.3
948.67     2275.7
952.11     895.34
955.55     1831.9
958.98     2776.5
962.42     3415.5
965.86     2704.8
969.29     2926.5
972.73     894.65
976.17     2001.9
979.61     2562.2
983.04     1650.8
986.48     2512
989.92     1347
993.35     1636.2
996.79     3147.2
1000.2     2781.7
1003.7     2856.3
1007.1     1874.9
1010.5     1611.2
1014     986.29
1017.4     2702.9
1020.9     1705.3
1024.3     2208.5
1027.7     2446.8
1031.2     489.04
1034.6     1798.4
1038     908.62
1041.5     1314.2
1044.9     476.45
1048.4     2058.4
1051.8     1720.4
1055.2     2388.8
1058.7     1085.3
1062.1     2133.4
1065.5     5568.2
1069     1977.8
1072.4     1002.4
1075.8     2744.6
1079.3     2595
1082.7     2224.1
1086.2     3926
1089.6     3179.7
1093     1563.9
1096.5     1439.7
1099.9     1518.1
1103.3     548.17
1106.8     2127.6
1110.2     1876.2
1113.7     4481.7
1117.1     3674
1120.5     2427.8
1124     1567.6
1127.4     2315
1130.8     1650.2
1134.3     2152.5
1137.7     823.52
1141.2     1822
1144.6     1170.8
1148     1497.3
1151.5     2564.9
1154.9     2277.4
1158.3     1848.4
1161.8     2543
1165.2     4665.9
1168.7     2469.7
1172.1     242.2
1175.5     951.36
1179     1557.5
1182.4     1579.2
1185.8     2065.8
1189.3     2379.6
1192.7     1529.5
1196.2     3318.6
1199.6     1186.7
1203     809.15
1206.5     934.11
1209.9     1682.8
1213.3     1059.3
1216.8     1880.4
1220.2     1949.3
1223.6     1172.1
1227.1     2303.5
1230.5     847.84
1234     2410.3
1237.4     2397.2
1240.8     676.4
1244.3     1534
1247.7     968.13
1251.1     471.38
1254.6     1363
1258     1653.3
1261.5     1593.5
1264.9     1049.7
1268.3     1382.7
1271.8     3577.8
1275.2     2411.1
1278.6     947.61
1282.1     2416.1
1285.5     1938.2
1289     658.13
1292.4     1095.3
1295.8     1285
1299.3     1551.6
1302.7     3629.4
1306.1     1706.9
1309.6     834.27
1313     2520.3
1316.5     3572.5
1319.9     2976
1323.3     1061.3
1326.8     817.38
1330.2     1166.5
1333.6     615.17
1337.1     2166.4
1340.5     2874.8
1344     1593.7
1347.4     998.51
1350.8     1928.7
1354.3     2066.8
1357.7     1453.5
1361.1     1938.5
1364.6     2051
1368     2880.1
1371.4     1923.2
1374.9     2832.8
1378.3     536.13
1381.8     730.31
1385.2     962.92
1388.6     1211.8
1392.1     790.18
1395.5     1155.5
1398.9     1324.8
1402.4     4239
1405.8     4161.5
1409.3     2196.3
1412.7     1252.9
1416.1     638.66
1419.6     862.8
1423     1925.3
1426.4     958.41
1429.9     2717.4
1433.3     2948
1436.8     2096.7
1440.2     2032.9
1443.6     1168.3
1447.1     2990.4
1450.5     798.26
1453.9     3714.9
1457.4     2525.9
1460.8     1293.9
1464.3     2625.7
1467.7     1136.7
1471.1     707.92
1474.6     1203.3
1478     2955
1481.4     1901.5
1484.9     2646.1
1488.3     2234.2
1491.8     2857.3
1495.2     2656.2
1498.6     1355.8
1502.1     1244.2
1505.5     1662.1
1508.9     3573.3
1512.4     3718.4
1515.8     6099.1
1519.2     1188.8
1522.7     1625.6
1526.1     1935.1
1529.6     1345.7
1533     1759.3
1536.4     2449.1
1539.9     1497.6
1543.3     3876.1
1546.7     1973.4
1550.2     1444.9
1553.6     2225.7
1557.1     2057.4
1560.5     1260
1563.9     1118.3
1567.4     1377.4
1570.8     2683.8
1574.2     1491.3
1577.7     1658.5
1581.1     1333.2
1584.6     1455.6
1588     2525.8
1591.4     2965.1
1594.9     1377.6
1598.3     2038.9
1601.7     1832.5
1605.2     794.09
1608.6     1111.4
1612.1     3072.4
1615.5     3301.1
1618.9     1480.2
1622.4     3714.7
1625.8     629.99
1629.2     1994
1632.7     1278.3
1636.1     351.06
1639.6     307.1
1643     4101.8
1646.4     2960
1649.9     344.62
1653.3     1460.2
1656.7     1776.2
1660.2     1211.3
1663.6     1839.6
1667     923.06
1670.5     1009.3
1673.9     2183.5
1677.4     2462.5
1680.8     2314.8
1684.2     4050
1687.7     252.13
1691.1     2708.8
1694.5     2065
1698     3335.2
1701.4     1806.3
1704.9     1285.7
1708.3     1639.6
1711.7     3022.7
1715.2     3481.8
1718.6     1702.6
1722     369.05
1725.5     1983.2
1728.9     3473.8
1732.4     770.06
1735.8     2062.1
1739.2     2172
1742.7     759.51
1746.1     1797.3
1749.5     3582.3
1753     2410.4
1756.4     671.38
1759.9     611.46
1763.3     853.66
1766.7     1581.5
1770.2     885.92
1773.6     1271.2
1777     895.01
1780.5     4719
1783.9     1121.2
1787.4     2967.9
1790.8     949.86
1794.2     667.6
1797.7     1038.5
1801.1     1932.4
1804.5     745.08
1808     780.43
1811.4     2679.3
1814.8     703.54
1818.3     2226.2
1821.7     1906.5
1825.2     1684.3
1828.6     1088.1
1832     1180.9
1835.5     2976.7
1838.9     982.04
1842.3     2453.6
1845.8     514.45
1849.2     1464.2
1852.7     1453.5
1856.1     552.84
1859.5     2110.2
1863     2232.4
1866.4     2684.3
1869.8     881.21
1873.3     2397.9
1876.7     805.45
1880.2     2056.4
1883.6     3997.8
1887     2557.8
1890.5     3546.6
1893.9     2697.7
1897.3     343.81
1900.8     1230.7
1904.2     2284.4
1907.7     920.62
1911.1     1000.3
1914.5     1147.2
1918     482.45
1921.4     1203.1
1924.8     1091.3
1928.3     1203.7
1931.7     1015.3
1935.2     1732.5
1938.6     2982.2
1942     778.8
1945.5     1948
1948.9     1355.1
1952.3     2463
1955.8     544.74
1959.2     432.85
1962.6     2216.3
1966.1     1076
1969.5     810.29
1973     1150.8
1976.4     1042.2
1979.8     1030.7
1983.3     277.93
1986.7     1840.2
1990.1     1625.3
1993.6     1865.2
1997     1599.4
2000.5     1899.3
2003.9     506.55
2007.3     2867
2010.8     2029.1
2014.2     1991.9
2017.6     802.69
2021.1     1419.3
2024.5     1798.8
2028     1676.1
2031.4     2004.4
2034.8     1514.1
2038.3     1574.1
2041.7     3474.3
2045.1     2239.3
2048.6     3190.9
2052     1179.4
2055.5     666.15
2058.9     1728.1
2062.3     760.38
2065.8     1565
2069.2     3339.6
2072.6     1154.3
2076.1     1749.6
2079.5     948.56
2083     2013
2086.4     3535.4
2089.8     201.89
2093.3     2492.5
2096.7     981.83
2100.1     253.88
2103.6     195.19
2107     1139.8
2110.4     1591.8
2113.9     1396.6
2117.3     1092.5
2120.8     761.4
2124.2     569.74
2127.6     2028.1
2131.1     1301.7
2134.5     1127.7
2137.9     1114.7
2141.4     1752.5
2144.8     815.88
2148.3     1192.7
2151.7     1671.2
2155.1     3300.1
2158.6     2128.5
2162     1448.9
2165.4     1945.2
2168.9     1487.9
2172.3     903.63
2175.8     1082.8
2179.2     1449.3
2182.6     2267.6
2186.1     3156.9
2189.5     1177.5
2192.9     551.55
2196.4     2307.5
2199.8     58.35
2203.3     1135.9
2206.7     1036.4
2210.1     2242.5
2213.6     1660.1
2217     2417.2
2220.4     2179.5
2223.9     1524.9
2227.3     1646.3
2230.8     3217.5
2234.2     1650.1
2237.6     868.72
2241.1     3134.1
2244.5     2254.2
2247.9     771.87
2251.4     3156.6
2254.8     2177.2
2258.2     1572.8
2261.7     2414.1
2265.1     721.65
2268.6     1484.5
2272     508.17
2275.4     2324.7
2278.9     779.85
2282.3     1877
2285.7     1899.8
2289.2     879.78
2292.6     1759.5
2296.1     1800.7
2299.5     932.4
2302.9     803.45
2306.4     1959.5
2309.8     1796.4
2313.2     484.21
2316.7     977.09
2320.1     1023.9
2323.6     727.4
2327     72.099
2330.4     1292.4
2333.9     530.56
2337.3     1514.3
2340.7     629.38
2344.2     1610.8
2347.6     1130.2
2351.1     1123
2354.5     3050.4
2357.9     2462.8
2361.4     2025
2364.8     1329.2
2368.2     1713.6
2371.7     1104.4
2375.1     2582.7
2378.6     1181.2
2382     957.94
2385.4     1553.4
2388.9     1199.8
2392.3     1288.8
2395.7     340.39
2399.2     1774.4
2402.6     1257.7
2406     182.88
2409.5     2090.9
2412.9     977.33
2416.4     2734.3
2419.8     1539
2423.2     1005.9
2426.7     647.54
2430.1     1180.6
2433.5     1190.3
2437     777
2440.4     2324.2
2443.9     1550.7
2447.3     906.79
2450.7     2798.5
2454.2     330.07
2457.6     1176
2461     1613.1
2464.5     1141.8
2467.9     1655.5
2471.4     1184
2474.8     2556.3
2478.2     1442.8
2481.7     1383.3
2485.1     749.43
2488.5     349.63
2492     1628.7
2495.4     792.36
2498.9     1194.6
2502.3     508.8
2505.7     681.7
2509.2     1142.8
2512.6     533.14
2516     1889.5
2519.5     308.42
2522.9     1154
2526.4     1143.2
2529.8     588.79
2533.2     750.17
2536.7     1966.9
2540.1     2561.1
2543.5     1187.9
2547     1426.3
2550.4     499.46
2553.8     738.53
2557.3     349.05
2560.7     377.65
2564.2     1237.9
2567.6     1223.2
2571     1247.6
2574.5     1204.8
2577.9     844.87
2581.3     1568.5
2584.8     1310
2588.2     2188.9
2591.7     791.23
2595.1     1440.9
2598.5     1506.3
2602     1645.6
2605.4     1943
2608.8     1699.5
2612.3     468.31
2615.7     1232.6
2619.2     1302.4
2622.6     53.106
2626     1025.7
2629.5     798.35
2632.9     287.13
2636.3     638.43
2639.8     531.31
2643.2     812.02
2646.7     739.23
2650.1     774.53
2653.5     1369.1
2657     32.148
2660.4     271.17
2663.8     913.75
2667.3     1325.7
2670.7     700.47
2674.2     980.97
2677.6     579.66
2681     426.03
2684.5     1005.8
2687.9     1609.9
2691.3     970.54
2694.8     802.07
2698.2     294.47
2701.6     685.61
2705.1     1558.8
2708.5     923.92
2712     453.78
2715.4     113.22
2718.8     217.73
2722.3     715.7
2725.7     441.8
2729.1     1001.1
2732.6     1155.2
2736     951.42
2739.5     1209.6
2742.9     856.25
2746.3     969.96
2749.8     614.41
2753.2     1024.6
2756.6     771.62
2760.1     1088.7
2763.5     972.76
2767     952.54
2770.4     1760.5
2773.8     623.11
2777.3     1049.5
2780.7     1112.3
2784.1     736.21
2787.6     974.57
2791     470.87
2794.5     686.96
2797.9     1168.7
2801.3     311.65
2804.8     956
2808.2     157.27
2811.6     981.03
2815.1     287.66
2818.5     543.3
2822     243.49
2825.4     1005.9
2828.8     1143.2
2832.3     382.38
2835.7     869.69
2839.1     534.69
2842.6     1348
2846     632.57
2849.5     387.93
2852.9     479.66
2856.3     948.1
2859.8     1442.8
2863.2     1820.7
2866.6     1468.7
2870.1     1510.7
2873.5     1432.4
2876.9     908.94
2880.4     704.58
2883.8     752.31
2887.3     1186.4
2890.7     489.68
2894.1     2029.6
2897.6     1312.9
2901     571.69
2904.4     433.09
2907.9     384.2
2911.3     451.48
2914.8     459.69
2918.2     123.6
2921.6     509.59
2925.1     525.61
2928.5     588.98
2931.9     353.2
2935.4     246.57
2938.8     188.6
2942.3     105.49
2945.7     650.81
2949.1     117.01
2952.6     292.85
2956     228.84
2959.4     443.91
2962.9     433.44
2966.3     247.44
2969.8     61.164
2973.2     142.59
2976.6     279.7
2980.1     273.75
2983.5     176.73
2986.9     247.11
2990.4     30.652
2993.8     78.118
2997.3     283.45
3000.7     180.54
3004.1     156.94
3007.6     122.83
3011     131.09
3014.4     120.31
3017.9     97.602
3021.3     103
3024.7     130.15
3028.2     133.39
3031.6     130.15
3035.1     103
3038.5     97.602
3041.9     120.31
3045.4     131.09
3048.8     122.83
3052.2     156.94
3055.7     180.54
3059.1     283.45
3062.6     78.118
3066     30.652
3069.4     247.11
3072.9     176.73
3076.3     273.75
3079.7     279.7
3083.2     142.59
3086.6     61.164
3090.1     247.44
3093.5     433.44
3096.9     443.91
3100.4     228.84
3103.8     292.85
3107.2     117.01
3110.7     650.81
3114.1     105.49
3117.6     188.6
3121     246.57
3124.4     353.2
3127.9     588.98
3131.3     525.61
3134.7     509.59
3138.2     123.6
3141.6     459.69
3145.1     451.48
3148.5     384.2
3151.9     433.09
3155.4     571.69
3158.8     1312.9
3162.2     2029.6
3165.7     489.68
3169.1     1186.4
3172.5     752.31
3176     704.58
3179.4     908.94
3182.9     1432.4
3186.3     1510.7
3189.7     1468.7
3193.2     1820.7
3196.6     1442.8
3200     948.1
3203.5     479.66
3206.9     387.93
3210.4     632.57
3213.8     1348
3217.2     534.69
3220.7     869.69
3224.1     382.38
3227.5     1143.2
3231     1005.9
3234.4     243.49
3237.9     543.3
3241.3     287.66
3244.7     981.03
3248.2     157.27
3251.6     956
3255     311.65
3258.5     1168.7
3261.9     686.96
3265.4     470.87
3268.8     974.57
3272.2     736.21
3275.7     1112.3
3279.1     1049.5
3282.5     623.11
3286     1760.5
3289.4     952.54
3292.9     972.76
3296.3     1088.7
3299.7     771.62
3303.2     1024.6
3306.6     614.41
3310     969.96
3313.5     856.25
3316.9     1209.6
3320.3     951.42
3323.8     1155.2
3327.2     1001.1
3330.7     441.8
3334.1     715.7
3337.5     217.73
3341     113.22
3344.4     453.78
3347.8     923.92
3351.3     1558.8
3354.7     685.61
3358.2     294.47
3361.6     802.07
3365     970.54
3368.5     1609.9
3371.9     1005.8
3375.3     426.03
3378.8     579.66
3382.2     980.97
3385.7     700.47
3389.1     1325.7
3392.5     913.75
3396     271.17
3399.4     32.148
3402.8     1369.1
3406.3     774.53
3409.7     739.23
3413.2     812.02
3416.6     531.31
3420     638.43
3423.5     287.13
3426.9     798.35
3430.3     1025.7
3433.8     53.106
3437.2     1302.4
3440.7     1232.6
3444.1     468.31
3447.5     1699.5
3451     1943
3454.4     1645.6
3457.8     1506.3
3461.3     1440.9
3464.7     791.23
3468.1     2188.9
3471.6     1310
3475     1568.5
3478.5     844.87
3481.9     1204.8
3485.3     1247.6
3488.8     1223.2
3492.2     1237.9
3495.6     377.65
3499.1     349.05
3502.5     738.53
3506     499.46
3509.4     1426.3
3512.8     1187.9
3516.3     2561.1
3519.7     1966.9
3523.1     750.17
3526.6     588.79
3530     1143.2
3533.5     1154
3536.9     308.42
3540.3     1889.5
3543.8     533.14
3547.2     1142.8
3550.6     681.7
3554.1     508.8
3557.5     1194.6
3561     792.36
3564.4     1628.7
3567.8     349.63
3571.3     749.43
3574.7     1383.3
3578.1     1442.8
3581.6     2556.3
3585     1184
3588.5     1655.5
3591.9     1141.8
3595.3     1613.1
3598.8     1176
3602.2     330.07
3605.6     2798.5
3609.1     906.79
3612.5     1550.7
3615.9     2324.2
3619.4     777
3622.8     1190.3
3626.3     1180.6
3629.7     647.54
3633.1     1005.9
3636.6     1539
3640     2734.3
3643.4     977.33
3646.9     2090.9
3650.3     182.88
3653.8     1257.7
3657.2     1774.4
3660.6     340.39
3664.1     1288.8
3667.5     1199.8
3670.9     1553.4
3674.4     957.94
3677.8     1181.2
3681.3     2582.7
3684.7     1104.4
3688.1     1713.6
3691.6     1329.2
3695     2025
3698.4     2462.8
3701.9     3050.4
3705.3     1123
3708.8     1130.2
3712.2     1610.8
3715.6     629.38
3719.1     1514.3
3722.5     530.56
3725.9     1292.4
3729.4     72.099
3732.8     727.4
3736.3     1023.9
3739.7     977.09
3743.1     484.21
3746.6     1796.4
3750     1959.5
3753.4     803.45
3756.9     932.4
3760.3     1800.7
3763.7     1759.5
3767.2     879.78
3770.6     1899.8
3774.1     1877
3777.5     779.85
3780.9     2324.7
3784.4     508.17
3787.8     1484.5
3791.2     721.65
3794.7     2414.1
3798.1     1572.8
3801.6     2177.2
3805     3156.6
3808.4     771.87
3811.9     2254.2
3815.3     3134.1
3818.7     868.72
3822.2     1650.1
3825.6     3217.5
3829.1     1646.3
3832.5     1524.9
3835.9     2179.5
3839.4     2417.2
3842.8     1660.1
3846.2     2242.5
3849.7     1036.4
3853.1     1135.9
3856.6     58.35
3860     2307.5
3863.4     551.55
3866.9     1177.5
3870.3     3156.9
3873.7     2267.6
3877.2     1449.3
3880.6     1082.8
3884.1     903.63
3887.5     1487.9
3890.9     1945.2
3894.4     1448.9
3897.8     2128.5
3901.2     3300.1
3904.7     1671.2
3908.1     1192.7
3911.5     815.88
3915     1752.5
3918.4     1114.7
3921.9     1127.7
3925.3     1301.7
3928.7     2028.1
3932.2     569.74
3935.6     761.4
3939     1092.5
3942.5     1396.6
3945.9     1591.8
3949.4     1139.8
3952.8     195.19
3956.2     253.88
3959.7     981.83
3963.1     2492.5
3966.5     201.89
3970     3535.4
3973.4     2013
3976.9     948.56
3980.3     1749.6
3983.7     1154.3
3987.2     3339.6
3990.6     1565
3994     760.38
3997.5     1728.1
4000.9     666.15
4004.4     1179.4
4007.8     3190.9
4011.2     2239.3
4014.7     3474.3
4018.1     1574.1
4021.5     1514.1
4025     2004.4
4028.4     1676.1
4031.9     1798.8
4035.3     1419.3
4038.7     802.69
4042.2     1991.9
4045.6     2029.1
4049     2867
4052.5     506.55
4055.9     1899.3
4059.3     1599.4
4062.8     1865.2
4066.2     1625.3
4069.7     1840.2
4073.1     277.93
4076.5     1030.7
4080     1042.2
4083.4     1150.8
4086.8     810.29
4090.3     1076
4093.7     2216.3
4097.2     432.85
4100.6     544.74
4104     2463
4107.5     1355.1
4110.9     1948
4114.3     778.8
4117.8     2982.2
4121.2     1732.5
4124.7     1015.3
4128.1     1203.7
4131.5     1091.3
4135     1203.1
4138.4     482.45
4141.8     1147.2
4145.3     1000.3
4148.7     920.62
4152.2     2284.4
4155.6     1230.7
4159     343.81
4162.5     2697.7
4165.9     3546.6
4169.3     2557.8
4172.8     3997.8
4176.2     2056.4
4179.7     805.45
4183.1     2397.9
4186.5     881.21
4190     2684.3
4193.4     2232.4
4196.8     2110.2
4200.3     552.84
4203.7     1453.5
4207.1     1464.2
4210.6     514.45
4214     2453.6
4217.5     982.04
4220.9     2976.7
4224.3     1180.9
4227.8     1088.1
4231.2     1684.3
4234.6     1906.5
4238.1     2226.2
4241.5     703.54
4245     2679.3
4248.4     780.43
4251.8     745.08
4255.3     1932.4
4258.7     1038.5
4262.1     667.6
4265.6     949.86
4269     2967.9
4272.5     1121.2
4275.9     4719
4279.3     895.01
4282.8     1271.2
4286.2     885.92
4289.6     1581.5
4293.1     853.66
4296.5     611.46
4300     671.38
4303.4     2410.4
4306.8     3582.3
4310.3     1797.3
4313.7     759.51
4317.1     2172
4320.6     2062.1
4324     770.06
4327.5     3473.8
4330.9     1983.2
4334.3     369.05
4337.8     1702.6
4341.2     3481.8
4344.6     3022.7
4348.1     1639.6
4351.5     1285.7
4354.9     1806.3
4358.4     3335.2
4361.8     2065
4365.3     2708.8
4368.7     252.13
4372.1     4050
4375.6     2314.8
4379     2462.5
4382.4     2183.5
4385.9     1009.3
4389.3     923.06
4392.8     1839.6
4396.2     1211.3
4399.6     1776.2
4403.1     1460.2
4406.5     344.62
4409.9     2960
4413.4     4101.8
4416.8     307.1
4420.3     351.06
4423.7     1278.3
4427.1     1994
4430.6     629.99
4434     3714.7
4437.4     1480.2
4440.9     3301.1
4444.3     3072.4
4447.8     1111.4
4451.2     794.09
4454.6     1832.5
4458.1     2038.9
4461.5     1377.6
4464.9     2965.1
4468.4     2525.8
4471.8     1455.6
4475.3     1333.2
4478.7     1658.5
4482.1     1491.3
4485.6     2683.8
4489     1377.4
4492.4     1118.3
4495.9     1260
4499.3     2057.4
4502.7     2225.7
4506.2     1444.9
4509.6     1973.4
4513.1     3876.1
4516.5     1497.6
4519.9     2449.1
4523.4     1759.3
4526.8     1345.7
4530.2     1935.1
4533.7     1625.6
4537.1     1188.8
4540.6     6099.1
4544     3718.4
4547.4     3573.3
4550.9     1662.1
4554.3     1244.2
4557.7     1355.8
4561.2     2656.2
4564.6     2857.3
4568.1     2234.2
4571.5     2646.1
4574.9     1901.5
4578.4     2955
4581.8     1203.3
4585.2     707.92
4588.7     1136.7
4592.1     2625.7
4595.6     1293.9
4599     2525.9
4602.4     3714.9
4605.9     798.26
4609.3     2990.4
4612.7     1168.3
4616.2     2032.9
4619.6     2096.7
4623.1     2948
4626.5     2717.4
4629.9     958.41
4633.4     1925.3
4636.8     862.8
4640.2     638.66
4643.7     1252.9
4647.1     2196.3
4650.5     4161.5
4654     4239
4657.4     1324.8
4660.9     1155.5
4664.3     790.18
4667.7     1211.8
4671.2     962.92
4674.6     730.31
4678     536.13
4681.5     2832.8
4684.9     1923.2
4688.4     2880.1
4691.8     2051
4695.2     1938.5
4698.7     1453.5
4702.1     2066.8
4705.5     1928.7
4709     998.51
4712.4     1593.7
4715.9     2874.8
4719.3     2166.4
4722.7     615.17
4726.2     1166.5
4729.6     817.38
4733     1061.3
4736.5     2976
4739.9     3572.5
4743.4     2520.3
4746.8     834.27
4750.2     1706.9
4753.7     3629.4
4757.1     1551.6
4760.5     1285
4764     1095.3
4767.4     658.13
4770.9     1938.2
4774.3     2416.1
4777.7     947.61
4781.2     2411.1
4784.6     3577.8
4788     1382.7
4791.5     1049.7
4794.9     1593.5
4798.4     1653.3
4801.8     1363
4805.2     471.38
4808.7     968.13
4812.1     1534
4815.5     676.4
4819     2397.2
4822.4     2410.3
4825.8     847.84
4829.3     2303.5
4832.7     1172.1
4836.2     1949.3
4839.6     1880.4
4843     1059.3
4846.5     1682.8
4849.9     934.11
4853.3     809.15
4856.8     1186.7
4860.2     3318.6
4863.7     1529.5
4867.1     2379.6
4870.5     2065.8
4874     1579.2
4877.4     1557.5
4880.8     951.36
4884.3     242.2
4887.7     2469.7
4891.2     4665.9
4894.6     2543
4898     1848.4
4901.5     2277.4
4904.9     2564.9
4908.3     1497.3
4911.8     1170.8
4915.2     1822
4918.7     823.52
4922.1     2152.5
4925.5     1650.2
4929     2315
4932.4     1567.6
4935.8     2427.8
4939.3     3674
4942.7     4481.7
4946.2     1876.2
4949.6     2127.6
4953     548.17
4956.5     1518.1
4959.9     1439.7
4963.3     1563.9
4966.8     3179.7
4970.2     3926
4973.6     2224.1
4977.1     2595
4980.5     2744.6
4984     1002.4
4987.4     1977.8
4990.8     5568.2
4994.3     2133.4
4997.7     1085.3
5001.1     2388.8
5004.6     1720.4
5008     2058.4
5011.5     476.45
5014.9     1314.2
5018.3     908.62
5021.8     1798.4
5025.2     489.04
5028.6     2446.8
5032.1     2208.5
5035.5     1705.3
5039     2702.9
5042.4     986.29
5045.8     1611.2
5049.3     1874.9
5052.7     2856.3
5056.1     2781.7
5059.6     3147.2
5063     1636.2
5066.5     1347
5069.9     2512
5073.3     1650.8
5076.8     2562.2
5080.2     2001.9
5083.6     894.65
5087.1     2926.5
5090.5     2704.8
5094     3415.5
5097.4     2776.5
5100.8     1831.9
5104.3     895.34
5107.7     2275.7
5111.1     1663.3
5114.6     3011.7
5118     2191.1
5121.4     3035.6
5124.9     2252.3
5128.3     3312.2
5131.8     1726
5135.2     2279.6
5138.6     2489.6
5142.1     1822.9
5145.5     2717.7
5148.9     2539.5
5152.4     1743.2
5155.8     865.77
5159.3     1767
5162.7     1523.9
5166.1     2501.4
5169.6     1714
5173     1787.8
5176.4     1407.9
5179.9     877.83
5183.3     305.22
5186.8     1012.6
5190.2     1069.7
5193.6     932.41
5197.1     1226.6
5200.5     2978.1
5203.9     1859.4
5207.4     1438.8
5210.8     3805.4
5214.3     2847.1
5217.7     1816.6
5221.1     2278.2
5224.6     2490.5
5228     2536.1
5231.4     2756.4
5234.9     1276.7
5238.3     2818.8
5241.8     2563.1
5245.2     1446.9
5248.6     2526.3
5252.1     1525.4
5255.5     3306
5258.9     3877.3
5262.4     2708.9
5265.8     1662
5269.2     811.48
5272.7     1571.7
5276.1     3999.7
5279.6     2401.6
5283     1213.6
5286.4     2367.1
5289.9     3751.5
5293.3     2915.7
5296.7     3986.4
5300.2     1826.6
5303.6     3940.5
5307.1     3425.2
5310.5     2399
5313.9     1656.9
5317.4     2341.6
5320.8     909.39
5324.2     358.1
5327.7     1469.9
5331.1     3860.5
5334.6     2536.7
5338     896.06
5341.4     1679
5344.9     1476.8
5348.3     2464.3
5351.7     2101.7
5355.2     1954.9
5358.6     751.67
5362.1     815.01
5365.5     3575.2
5368.9     1744.5
5372.4     594.12
5375.8     3077.6
5379.2     2542.6
5382.7     2131.4
5386.1     2471.3
5389.6     1948
5393     2492.3
5396.4     1469.2
5399.9     640.29
5403.3     1670.4
5406.7     2436.1
5410.2     1728.7
5413.6     1434.4
5417     433.57
5420.5     3249.9
5423.9     1254.6
5427.4     1934.5
5430.8     822.36
5434.2     1803.3
5437.7     4236.4
5441.1     4123.6
5444.5     988.42
5448     2187.1
5451.4     1119.4
5454.9     2434.6
5458.3     2108.3
5461.7     3175.2
5465.2     2443.9
5468.6     1176.8
5472     2001.8
5475.5     2040.1
5478.9     1251.8
5482.4     4489.8
5485.8     1219.1
5489.2     2745.7
5492.7     866.39
5496.1     5586.1
5499.5     13772
5503     3848.9
5506.4     4935.2
5509.9     744.34
5513.3     468.94
5516.7     3077
5520.2     5395.1
5523.6     3540.2
5527     744.3
5530.5     510.63
5533.9     1677.5
5537.4     1705.6
5540.8     2040.6
5544.2     1344.2
5547.7     508.59
5551.1     3227.7
5554.5     2436.8
5558     683.52
5561.4     2803.2
5564.8     2248.6
5568.3     2893.1
5571.7     1783.6
5575.2     2129.9
5578.6     3108
5582     2146.3
5585.5     850.06
5588.9     272.53
5592.3     3036.8
5595.8     737.31
5599.2     2733.5
5602.7     2391.2
5606.1     1045
5609.5     4460.2
5613     2360.7
5616.4     1963.6
5619.8     963.13
5623.3     114.46
5626.7     2595.1
5630.2     3056.2
5633.6     1292
5637     974.4
5640.5     2826.5
5643.9     183.49
5647.3     1791
5650.8     587.48
5654.2     2084.7
5657.7     3361.5
5661.1     6111.9
5664.5     2004.7
5668     299.68
5671.4     1743.5
5674.8     1568.1
5678.3     1393.9
5681.7     526.52
5685.2     2249.4
5688.6     1498.1
5692     1413.5
5695.5     2543.8
5698.9     1716.8
5702.3     2156.8
5705.8     1368.4
5709.2     1842.8
5712.6     2061
5716.1     1702.2
5719.5     572.77
5723     162.85
5726.4     1629.1
5729.8     1736.6
5733.3     5074.7
5736.7     1845.1
5740.1     2384.9
5743.6     1448.1
5747     4417
5750.5     953.66
5753.9     1772.9
5757.3     3334.9
5760.8     777.45
5764.2     984.84
5767.6     555.37
5771.1     1868.1
5774.5     1242.1
5778     3336.4
5781.4     2268.4
5784.8     1664.5
5788.3     2449.6
5791.7     3070
5795.1     2718.6
5798.6     3665.2
5802     1708.9
5805.5     1662.3
5808.9     1728.7
5812.3     2016.2
5815.8     1990.5
5819.2     1463.4
5822.6     609.71
5826.1     3925.1
5829.5     1224.3
5833     2893.9
5836.4     5443.9
5839.8     4067.6
5843.3     2246.2
5846.7     682.49
5850.1     1680.2
5853.6     1175
5857     2785.9
5860.4     3584.6
5863.9     1718.1
5867.3     1358.1
5870.8     2098.4
5874.2     1958.6
5877.6     9156.3
5881.1     14274
5884.5     39833
5887.9     61777
5891.4     72341
5894.8     77222
5898.3     77650
5901.7     81612
5905.1     61532
5908.6     73073
5912     72490
5915.4     90807
5918.9     89070
5922.3     90525
5925.8     84654
5929.2     51629
5932.6     36161
5936.1     11992
5939.5     6851
5942.9     3433.5
5946.4     1189.7
5949.8     3648.3
5953.3     3188.5
5956.7     3178.2
5960.1     760.14
5963.6     1064.2
5967     1337.7
5970.4     2422.1
5973.9     2292.5
5977.3     2072.3
5980.8     3676.6
5984.2     2349.2
5987.6     2399.7
5991.1     1953.4
5994.5     4449
5997.9     2730.3
6001.4     3291
6004.8     707.8
6008.2     380.09
6011.7     3157.2
6015.1     1877.3
6018.6     656.97
6022     5170.4
6025.4     2208.8
6028.9     787.58
6032.3     2417
6035.7     84.911
6039.2     2092.3
6042.6     5219.2
6046.1     7067.9
6049.5     7435.5
6052.9     20693
