1 3.807982429862E-03 1.2194077498862E-06 3.8067628629506E-03
2 4.0839463472366E-03 4.9013042371371E-06 4.0790447965264E-03
3 4.1704699397087E-03 1.1126960089314E-05 4.1593429632485E-03
4 4.2375107295811E-03 2.0075849533896E-05 4.2174346745014E-03
5 4.3092533014715E-03 3.2070955057861E-05 4.277182277292E-03
6 4.3918550945818E-03 4.6978722821223E-05 4.3448763899505E-03
7 4.4874059967697E-03 6.4404121076223E-05 4.423001781106E-03
8 4.5985612086952E-03 8.5468171164393E-05 4.5130932703614E-03
9 4.7304425388575E-03 1.1094863293692E-04 4.6194940805435E-03
10 4.8814048059285E-03 1.4175471733324E-04 4.7396500594914E-03
11 5.0685913302004E-03 1.7927668523043E-04 4.8893145285547E-03
12 5.2335737273097E-03 2.2581171651836E-04 5.0077619962394E-03
13 5.4532983340323E-03 2.8464628849179E-04 5.1686521619558E-03
14 5.7088322937489E-03 3.6077431286685E-04 5.3480579517782E-03
15 6.0222838073969E-03 4.6344197471626E-04 5.5588418617845E-03
16 6.3812895677984E-03 6.1060447478667E-04 5.7706851512194E-03
17 6.8363533355296E-03 8.35444428958E-04 6.0009090229869E-03
18 7.4724750593305E-03 1.2064398033544E-03 6.2660351395607E-03
19 8.4298057481647E-03 1.8763104453683E-03 6.5534953027964E-03
20 0.010070892050862 3.2025661785156E-03 6.8683256395161E-03
21 0.013134885579348 5.921115167439E-03 7.2137699462473E-03
22 0.017614403739572 0.01002146769315 7.5929365120828E-03
23 0.017010860145092 8.9994445443153E-03 8.0114156007767E-03
24 0.01431208755821 5.8373855426908E-03 8.4747020155191E-03
25 0.012898504734039 3.9230124093592E-03 8.9754918590188E-03
26 0.012424315325916 2.9034044127911E-03 9.5209116116166E-03
27 0.012468249537051 2.3428271524608E-03 0.010125421918929
28 0.012819828465581 2.0200004801154E-03 0.010799827985466
29 0.013489586301148 1.8289276631549E-03 0.011660658754408
30 0.014330469071865 1.716191181913E-03 0.012614278122783
31 0.014955022372305 1.6530654393137E-03 0.01330195646733
32 0.015932576730847 1.6231330810115E-03 0.014309443533421
33 0.017074808478355 1.6164978733286E-03 0.015458310954273
34 0.018305173143744 1.6269169282168E-03 0.016678255051374
35 0.019790736958385 1.6502956859767E-03 0.018140440806746
36 0.021077558398247 1.6839909367263E-03 0.019393566995859
37 0.022709656506777 1.7258045263588E-03 0.020983852446079
38 0.024591572582722 1.7746017547324E-03 0.022816970944405
39 0.027047863230109 1.8291309243068E-03 0.025218730792403
40 0.030209990218282 1.8887658370659E-03 0.028321223333478
41 0.033657852560282 1.9528990378603E-03 0.03170495480299
42 0.039227582514286 2.0211054943502E-03 0.03720647841692
43 0.044370152056217 2.0930408500135E-03 0.042277112603188
44 0.050924021750689 2.1683797240257E-03 0.048755642026663
45 0.058590278029442 2.2470136173069E-03 0.056343261152506
46 0.068222403526306 2.3287141229957E-03 0.065893694758415
47 0.080559097230434 2.4133396800607E-03 0.078145757317543
48 0.096867077052593 2.5007757358253E-03 0.094366297125816
49 0.11927625536919 2.5909277610481E-03 0.11668532341719
50 0.15228667855263 2.683718688786E-03 0.14960296452045
51 0.20927879214287 2.7790856547654E-03 0.20649971067905
52 0.33618101477623 2.8769774362445E-03 0.33330404758453
53 0.6759540438652 2.9773532878608E-03 0.67297667264938
54 1.6119240522385 3.0801824759692E-03 1.6088439226151
55 3.8232107162476 3.1854428816587E-03 3.8200254440308
56 8.8623170852661 3.2931230962276E-03 8.8590240478516
57 18.40810585022 3.4032235853374E-03 18.404703140259
58 18.517402648926 3.5157778766006E-03 18.513885498047
59 22.710208892822 3.6307957489043E-03 22.706577301025
60 23.614671707153 3.7483698688447E-03 23.61092376709
61 24.278902053833 3.868647152558E-03 24.275032043457
62 21.610130310059 3.9919321425259E-03 21.60613822937
63 24.088441848755 4.1187098249793E-03 24.084323883057
64 6.9806356430054 4.2501343414187E-03 6.9763851165771
65 2.8697609901428 4.3886634521186E-03 2.8653721809387
66 1.1654089689255 4.539490211755E-03 1.1608694791794
67 0.52528846263885 4.7076707705855E-03 0.52058082818985
68 0.29396495223045 4.8630419187248E-03 0.2891018986702
69 0.19988936185837 4.9676992930472E-03 0.19492165744305
70 0.15164245665073 5.0776614807546E-03 0.14656479656696
71 0.1216958463192 5.2029183134437E-03 0.11649292707443
72 0.10076288878918 5.3378464654088E-03 0.0954250395298
73 0.085386745631695 5.4787360131741E-03 0.079908013343811
74 0.073729559779167 5.6238719262183E-03 0.068105690181255
75 0.064716592431068 5.7723131030798E-03 0.058944281190634
76 0.057669594883919 5.9236334636807E-03 0.051745962351561
77 0.05185192078352 6.0776947066188E-03 0.045774225145578
78 0.046819724142551 6.2343152239919E-03 0.040585409849882
79 0.043102867901325 6.3934219069779E-03 0.036709446460009
80 0.039493314921856 6.5549719147384E-03 0.032938342541456
81 0.036750331521034 6.7189414985478E-03 0.030031390488148
82 0.034402094781399 6.8853194825351E-03 0.027516776695848
83 0.032430682331324 7.0541012100875E-03 0.025376580655575
84 0.03075903095305 7.225289940834E-03 0.023533741012216
85 0.029342042282224 7.3988917283714E-03 0.021943150088191
86 0.027895698323846 7.5749168172479E-03 0.020320780575275
87 0.026907777413726 7.7533787116408E-03 0.019154399633408
88 0.026078771799803 7.9342965036631E-03 0.01814447529614
89 0.025396000593901 8.1176906824112E-03 0.017278309911489
90 0.024845996871591 8.3035919815302E-03 0.01654240489006
91 0.024424491450191 8.4920441731811E-03 0.015932446345687
92 0.024119844660163 8.6831199005246E-03 0.015436724759638
93 0.024002350866795 8.8769579306245E-03 0.015125392004848
94 0.024126630276442 9.0738860890269E-03 0.015052745118737
95 0.02390318736434 9.2747872695327E-03 0.014628400094807
96 0.024928720667958 9.4816368073225E-03 0.015447084791958
97 0.024228729307652 9.6888728439808E-03 0.014539855532348
98 0.024467397481203 9.8876664415002E-03 0.014579731039703
99 0.024969596415758 0.010092871263623 0.014876725152135
100 0.025694699957967 0.010305348783731 0.015389352105558
101 0.024865271523595 0.01051914319396 0.014346129260957
102 0.026153974235058 0.010736091062427 0.015417884103954
103 0.027108458802104 0.010956046171486 0.016152411699295
104 0.028809724375606 0.01117897592485 0.017630748450756
105 0.030656915158033 0.011404890567064 0.019252024590969
106 0.033097330480814 0.011633824557066 0.021463505923748
107 0.036172654479742 0.011865834705532 0.024306822568178
108 0.040112238377333 0.012100980617106 0.028011258691549
109 0.045375246554613 0.012339343316853 0.033035904169083
110 0.052498646080494 0.012581019662321 0.039917625486851
111 0.065840162336826 0.012826134450734 0.053014028817415
112 0.07510282844305 0.013074854388833 0.062027972191572
113 0.096033997833729 0.013327422551811 0.082706578075886
114 0.13095360994339 0.013584216125309 0.11736939102411
115 0.19837526977062 0.013845878653228 0.18452939391136
116 0.33311787247658 0.014113624580204 0.31900426745415
117 0.70768493413925 0.014389934949577 0.69329500198364
118 2.2262418270111 0.014679937623441 2.2115619182587
119 5.3775568008423 0.014990836381912 5.3625659942627
120 1.1810151338577 0.015305500477552 1.1657096147537
121 0.47313129901886 0.015558513812721 0.45757278800011
122 0.25409981608391 0.01580473408103 0.23829509317875
123 0.16278544068336 0.016071761026978 0.14671367406845
124 0.12752224504948 0.016354132443666 0.1111681163311
125 0.091869346797466 0.016646731644869 0.075222611427307
126 0.073931954801083 0.016947079449892 0.056984875351191
127 0.062535613775253 0.017254238948226 0.045281376689672
128 0.055667921900749 0.01756776124239 0.03810016065836
129 0.049731362611055 0.017887569963932 0.031843792647123
130 0.045730881392956 0.018213715404272 0.027517164126039
131 0.043341048061848 0.018546473234892 0.024794572964311
132 0.040763467550278 0.018886066973209 0.021877398714423
133 0.039191275835037 0.019232828170061 0.019958447664976
134 0.037840258330107 0.019587136805058 0.018253123387694
135 0.036912593990564 0.019949430599809 0.016963163390756
136 0.036331426352262 0.020320201292634 0.016011223196983
137 0.037056796252728 0.020700003951788 0.016356790438294
138 0.035253714770079 0.021089455112815 0.014164258725941
139 0.035046827048063 0.021489249542356 0.013557576574385
140 0.035023793578148 0.021900167688727 0.013123625889421
141 0.0354138687253 0.02232308126986 0.013090784661472
142 0.042859625071287 0.022758979350328 0.020100645720959
143 0.036038741469383 0.023208968341351 0.012829774059355
144 0.035615779459476 0.023674292489886 0.011941488832235
145 0.041486993432045 0.024156408384442 0.017330585047603
146 0.035820320248604 0.024656923487782 0.011163395829499
147 0.036089092493057 0.02517769113183 0.010911403223872
148 0.036639273166656 0.025720836594701 0.010918435640633
149 0.037975538522005 0.026288798078895 0.01168674044311
150 0.037750497460365 0.026883687824011 0.010866807773709
151 0.038639113306999 0.027510227635503 0.011128883808851
152 0.038527611643076 0.028171472251415 0.010356138460338
153 0.039224490523338 0.028871869668365 0.010352618992329
154 0.045055106282234 0.029616646468639 0.015438458882272
155 0.040503293275833 0.03041197732091 0.010091315954924
156 0.041487246751785 0.031265199184418 0.010222049430013
157 0.041990555822849 0.032185070216656 9.8054828122258E-03
158 0.042902424931526 0.033182136714458 9.7202872857451E-03
159 0.043962750583887 0.034269154071808 9.6935983747244E-03
160 0.045123480260372 0.03546167910099 9.6618020907044E-03
161 0.046426877379417 0.036778844892979 9.6480315551162E-03
162 0.047949504107237 0.038244366645813 9.7051383927464E-03
163 0.049668785184622 0.039887920022011 9.780865162611E-03
164 0.052067369222641 0.041748385876417 0.010318982414901
165 0.065292254090309 0.043871015310287 0.021421240642667
166 0.058670945465565 0.046319201588631 0.012351743876934
167 0.05952924862504 0.049174316227436 0.010354932397604
168 0.06237992271781 0.052544672042131 9.8352506756783E-03
169 0.066303357481956 0.056576810777187 9.7265467047691E-03
170 0.071206904947758 0.061472799628973 9.7341034561396E-03
171 0.077349811792374 0.067517079412937 9.8327305167913E-03
172 0.08496668189764 0.075119704008102 9.8469741642475E-03
173 0.094986528158188 0.084887988865376 0.010098541155457
174 0.1080109551549 0.097749881446362 0.010261075571179
175 0.12712235748768 0.11517524719238 0.011947102844715
176 0.15107999742031 0.13959184288979 0.011488155461848
177 0.18562017381191 0.17520989477634 0.010410289280117
178 0.23980754613876 0.22975280880928 0.010054729878902
179 0.3283277451992 0.31830069422722 0.010027043521404
180 0.48337003588676 0.47212409973145 0.0112459436059
181 0.76762980222702 0.75754606723785 0.010083744302392
182 1.3022480010986 1.2920361757278 0.010211781598628
183 2.0529544353485 2.0423381328583 0.010616292245686
184 1.8070129156113 1.7927495241165 0.014263335615396
185 1.1050305366516 1.0912889242172 0.013741562142968
186 0.67578142881393 0.66517865657806 0.010602723807096
187 0.44743239879608 0.43688413500786 0.010548246093094
188 0.31993544101715 0.30960687994957 0.010328580625355
189 0.24414378404617 0.23375780880451 0.010385979898274
190 0.19612017273903 0.18567837774754 0.010441796854138
191 0.16415633261204 0.15360979735851 0.010546530596912
192 0.14210191369057 0.13136257231236 0.010739343240857
193 0.12734207510948 0.11551638692617 0.011825693771243
194 0.11545483767986 0.10389902442694 0.01155580766499
195 0.10987510532141 0.094497114419937 0.015377985313535
196 0.10001040250063 0.087207406759262 0.01280299667269
197 0.092919766902924 0.081597730517387 0.011322037316859
198 0.088298812508583 0.077231459319592 0.011067349463701
199 0.085463680326939 0.073834523558617 0.011629150249064
200 0.0831353738904 0.071269527077675 0.01186584122479
201 0.083683259785175 0.069556549191475 0.014126709662378
202 0.080531932413578 0.068965166807175 0.011566764675081
203 0.081103749573231 0.069680094718933 0.011423652991652
204 0.079189382493496 0.067990235984325 0.011199150234461
205 0.076098680496216 0.064768083393574 0.011330598965287
206 0.076011635363102 0.062716983258724 0.013294656760991
207 0.073221892118454 0.061431374400854 0.01179052144289
208 0.073498360812664 0.060560122132301 0.01293823774904
209 0.074946686625481 0.059941366314888 0.01500532310456
210 0.071886979043484 0.059475418180227 0.012411558069289
211 0.073693297803402 0.059140522032976 0.014552774839103
212 0.070764295756817 0.058908771723509 0.01185552123934
213 0.070685043931007 0.058760430663824 0.011924612335861
214 0.071108527481556 0.058681927621365 0.012426603585482
215 0.091854117810726 0.058663345873356 0.033190775662661
216 0.070971272885799 0.058697000145912 0.01227427367121
217 0.07088777422905 0.058776710182428 0.012111066840589
218 0.071179457008839 0.058897402137518 0.012282054871321
219 0.071209967136383 0.059054832905531 0.012155130505562
220 0.071456208825111 0.05924541503191 0.012210794724524
221 0.071793459355831 0.05946609005332 0.012327367439866
222 0.072180561721325 0.059715405106544 0.012465158477426
223 0.072669699788094 0.059988740831614 0.012680954299867
224 0.073296725749969 0.060244977474213 0.013051744550467
225 0.074649684131145 0.060566373169422 0.014083312824368
226 0.085408754646778 0.060907386243343 0.024501368403435
227 0.075787551701069 0.06126680970192 0.014520742930472
228 0.075368814170361 0.061643663793802 0.013725148513913
229 0.076340675354004 0.062037251889706 0.014303421601653
230 0.077533006668091 0.062447499483824 0.015085503458977
231 0.086187548935413 0.062876127660275 0.023311417549849
232 0.080180160701275 0.063330881297588 0.016849279403687
233 0.083784021437168 0.063806898891926 0.019977128133178
234 0.11231081932783 0.064242713153362 0.048068109899759
235 0.087283305823803 0.064698994159698 0.022584307938814
236 0.086853966116905 0.065177768468857 0.021676195785403
237 0.10774675756693 0.065671250224113 0.042075507342815
238 0.084027849137783 0.066176883876324 0.017850963398814
239 0.12056937068701 0.066693633794785 0.053875736892223
240 0.083294950425625 0.067220903933048 0.016074046492577
241 0.08393070846796 0.06775838881731 0.016172321513295
242 0.09389553964138 0.068305760622025 0.025589779019356
243 0.093048110604286 0.068862825632095 0.024185284972191
244 0.090494059026241 0.069429397583008 0.021064665168524
245 0.085746750235558 0.070005305111408 0.01574144884944
246 0.085846222937107 0.070590436458588 0.015255785547197
247 0.088033489882946 0.071184694766998 0.016848793253303
248 0.10805405676365 0.071788012981415 0.036266051232815
249 0.09428920596838 0.072400316596031 0.021888894960284
250 0.098994664847851 0.073021568357944 0.025973094627261
251 0.094176232814789 0.073651760816574 0.02052447758615
252 0.090368553996086 0.074290871620178 0.016077686101198
253 0.090437866747379 0.074938915669918 0.015498954802752
254 0.090850882232189 0.075595922768116 0.015254960395396
255 0.091479614377022 0.076261930167675 0.015217679552734
256 0.092241428792477 0.07693700492382 0.015304429456592
257 0.093502812087536 0.077621206641197 0.015881605446339
258 0.098555728793144 0.078314624726772 0.020241102203727
259 0.1046983525157 0.079017370939255 0.025680981576443
260 0.096037410199642 0.079729557037354 0.016307853162289
261 0.096642844378948 0.080451317131519 0.016191525384784
262 0.098167061805725 0.081182710826397 0.016984347254038
263 0.10681167989969 0.081924110651016 0.024887569248676
264 0.10348648577929 0.08267816901207 0.020808320492506
265 0.10761185735464 0.083439975976944 0.024171881377697
266 0.10126472264528 0.084212318062782 0.0170524045825
267 0.10977206379175 0.084995433688164 0.024776626378298
268 0.1032140403986 0.085789784789085 0.017424257472157
269 0.10326903313398 0.086595334112644 0.016673700883985
270 0.10408348590136 0.087412603199482 0.016670886427164
271 0.10594502091408 0.088242001831532 0.017703022807837
272 0.10745646804571 0.089084215462208 0.018372258171439
273 0.1576582044363 0.089940212666988 0.067717991769314
274 0.11200796067715 0.090807043015957 0.021200919523835
275 0.11277018487453 0.091687880456448 0.021082310006022
276 0.11406821757555 0.092583738267422 0.021484479308128
277 0.12369291484356 0.093494743108749 0.03019817173481
278 0.11277696490288 0.094421468675137 0.018355494365096
279 0.1143778860569 0.09536462277174 0.01901326328516
280 0.1146736741066 0.096325010061264 0.018348665907979
281 0.11806982755661 0.0973035171628 0.02076630666852
282 0.11632282286882 0.098300911486149 0.01802191324532
283 0.12070413678885 0.099318757653236 0.021385379135609
284 0.11892542243004 0.10035806149244 0.018567366525531
285 0.12150950729847 0.10142016410828 0.020089339464903
286 0.17008183896542 0.10250701755285 0.067574813961983
287 0.12730595469475 0.10361955314875 0.023686395958066
288 0.12615278363228 0.1047600954771 0.021392690017819
289 0.20597161352634 0.1059308424592 0.10004077106714
290 0.12710453569889 0.1071343049407 0.019970221444964
291 0.13453668355942 0.10837338119745 0.026163298636675
292 0.12938629090786 0.10965149104595 0.019734801724553
293 0.1433017551899 0.11097299307585 0.032328758388758
294 0.13269732892513 0.1123464256525 0.020350906997919
295 0.13345129787922 0.11377311497927 0.019678192213178
296 0.13509799540043 0.11523962765932 0.019858364015818
297 0.13834205269814 0.11677631735802 0.021565737202764
298 0.14469647407532 0.11838981509209 0.026306657120585
299 0.14662007987499 0.12008537352085 0.026534711942077
300 0.14662431180477 0.12186973541975 0.024754570797086
301 0.15569698810577 0.12376372516155 0.031933270394802
302 0.15761148929596 0.12579306960106 0.031818423420191
303 0.16883601248264 0.12795719504356 0.040878817439079
304 0.15207377076149 0.13029165565968 0.021782102063298
305 0.15352477133274 0.13282832503319 0.020696440711617
306 0.15563952922821 0.13560749590397 0.020032031461596
307 0.15880458056927 0.13868072628975 0.020123852416873
308 0.1623881906271 0.14211487770081 0.020273312926292
309 0.16672365367413 0.14599788188934 0.020725760608912
310 0.18135552108288 0.15044730901718 0.030908217653632
311 0.17660090327263 0.15562322735786 0.020977675914764
312 0.18260222673416 0.16174817085266 0.020854050293565
313 0.19035533070564 0.1691389977932 0.02121633477509
314 0.20013490319252 0.17825941741467 0.02187548391521
315 0.2141979932785 0.18981046974659 0.024387529119849
316 0.24191850423813 0.2048953473568 0.037023164331913
317 0.25479677319527 0.22533498704433 0.029461767524481
318 0.2770776450634 0.25433143973351 0.02274621091783
319 0.32159474492073 0.29795515537262 0.023639583960176
320 0.39589250087738 0.36828118562698 0.027611287310719
321 0.50572270154953 0.48268374800682 0.023038925603032
322 0.67088043689728 0.64858239889145 0.02229799516499
323 0.99241554737091 0.96967685222626 0.022738721221685
324 1.6377919912338 1.6142363548279 0.023555664345622
325 2.4820072650909 2.4569051265717 0.025102201849222
326 1.934951543808 1.9038665294647 0.031084954738617
327 1.2316888570786 1.1405448913574 0.091143898665905
328 0.75549054145813 0.72796416282654 0.027526373043656
329 0.54207617044449 0.51751089096069 0.024565240368247
330 0.426438331604 0.40299642086029 0.023441933095455
331 0.36017328500748 0.33594000339508 0.024233277887106
332 0.32266163825989 0.29422032833099 0.028441295027733
333 0.31932893395424 0.26705479621887 0.052274122834206
334 0.27403256297112 0.24880185723305 0.025230698287487
335 0.26360905170441 0.23632788658142 0.027281180024147
336 0.25204801559448 0.22775365412235 0.024294355884194
337 0.24579943716526 0.22170157730579 0.024097871035337
338 0.24163806438446 0.21752509474754 0.024112965911627
339 0.23920075595379 0.21489110589027 0.02430964820087
340 0.23803713917732 0.21345791220665 0.024579228833318
341 0.23789003491402 0.21296767890453 0.024922359734774
342 0.23900009691715 0.21321968734264 0.025780415162444
343 0.24765060842037 0.21417073905468 0.033479861915112
344 0.24316795170307 0.21570385992527 0.027464088052511
345 0.25109994411469 0.21776579320431 0.033334154635668
346 0.24855642020702 0.22032506763935 0.028231348842382
347 0.2506063580513 0.22336629033089 0.027240078896284
348 0.2541543841362 0.22688767313957 0.027266712859273
349 0.25892049074173 0.23089991509914 0.028020590543747
350 0.26513561606407 0.23542556166649 0.029710037633777
351 0.2746179997921 0.24049919843674 0.034118808805943
352 0.29742395877838 0.2461680918932 0.051255870610476
353 0.306216776371 0.25249370932579 0.053723067045212
354 0.29199594259262 0.25955095887184 0.032444998621941
355 0.36273342370987 0.26744306087494 0.09529036283493
356 0.3090486228466 0.27628767490387 0.032760966569185
357 0.32335665822029 0.28623449802399 0.037122152745724
358 0.35265383124352 0.29746988415718 0.055183943361044
359 0.40901190042496 0.31022667884827 0.098785206675529
360 0.36631795763969 0.32479792833328 0.04152000695467
361 0.38198909163475 0.34155556559563 0.040433533489704
362 0.40460103750229 0.36097633838654 0.043624710291624
363 0.4362336397171 0.38367858529091 0.052555043250322
364 0.48460122942924 0.41047477722168 0.074126459658146
365 0.52924007177353 0.44244828820229 0.086791798472404
366 0.59872490167618 0.48106694221497 0.11765799671412
367 0.77276027202606 0.52836316823959 0.24439708888531
368 1.3240402936935 0.58720099925995 0.73683929443359
369 1.4079051017761 0.66172516345978 0.74617993831635
370 0.98887598514557 0.75810092687607 0.2307750582695
371 1.0934292078018 0.88580077886581 0.20762848854065
372 1.1382087469101 1.0599367618561 0.0782720297575
373 1.3662216663361 1.3057065010071 0.060515116900206
374 1.7203460931778 1.667364358902 0.052981667220592
375 2.3035356998444 2.2275133132935 0.076022297143936
376 3.2070777416229 3.1514089107513 0.055669035762548
377 4.8463335037231 4.7938647270203 0.052468772977591
378 8.0028696060181 7.945255279541 0.057614803314209
379 14.12954044342 14.083815574646 0.045724637806416
380 22.502431869507 22.465877532959 0.036555528640747
381 17.698112487793 17.662593841553 0.035519581288099
382 10.15093421936 10.115811347961 0.035122763365507
383 6.0091171264648 5.9743981361389 0.034718845039606
384 3.8832809925079 3.8485476970673 0.034733142703772
385 2.7217328548431 2.6866552829742 0.035077445209026
386 2.0368499755859 2.0006542205811 0.036195889115334
387 1.6222466230392 1.565752863884 0.056493826210499
388 1.3155825138092 1.2785693407059 0.037013173103333
389 1.1210153102875 1.0848437547684 0.036171555519104
390 0.98955380916595 0.95342749357224 0.036126296967268
391 0.88404583930969 0.8467321395874 0.037313718348742
392 0.79219061136246 0.74943041801453 0.04276018217206
393 0.72790825366974 0.67532044649124 0.052587818354368
394 0.65883219242096 0.61948955059052 0.039342608302832
395 0.62612879276276 0.57638156414032 0.049747213721275
396 0.58593058586121 0.54225087165833 0.043679729104042
397 0.59080874919891 0.51499670743942 0.07581203430891
398 0.53587484359741 0.49291998147964 0.042954843491316
399 0.52083736658096 0.47492519021034 0.04591216519475
400 0.55356538295746 0.46021285653114 0.093352548778057
401 0.53738778829575 0.44818416237831 0.089203648269176
402 0.54687839746475 0.43838238716125 0.10849602520466
403 0.50016617774963 0.43045365810394 0.069712519645691
404 0.47796735167503 0.42412084341049 0.053846515715122
405 0.47042018175125 0.41916483640671 0.051255352795124
406 0.46679157018661 0.41541159152985 0.05137998983264
407 0.46765837073326 0.41272240877151 0.054935969412327
408 0.48835936188698 0.41099065542221 0.077368699014187
409 0.4752970635891 0.4101215004921 0.065175548195839
410 0.47230771183968 0.4096674323082 0.062640279531479
411 0.47714948654175 0.41037657856941 0.066772915422916
412 0.48519521951675 0.41178873181343 0.073406487703323
413 0.54413187503815 0.41387921571732 0.13025268912315
414 0.5485081076622 0.4166347682476 0.13187336921692
415 0.53051221370697 0.42005318403244 0.11045905947685
416 0.54242497682571 0.42411261796951 0.11831237375736
417 0.5696713924408 0.42889645695686 0.14077493548393
418 0.60827344655991 0.43440476059914 0.17386867105961
419 0.66733431816101 0.44068410992622 0.22665022313595
420 0.76321321725845 0.44779068231583 0.3154225051403
421 0.93451774120331 0.45581957697868 0.47869816422462
422 1.2805873155594 0.46486973762512 0.81571763753891
423 2.1995930671692 0.47507756948471 1.7245154380798
424 5.6883807182312 0.48662254214287 5.2017579078674
425 13.488234519958 0.49970746040344 12.988526344299
426 3.458277463913 0.51460659503937 2.9436709880829
427 1.7428052425385 0.53173577785492 1.2110694646835
428 1.1959124803543 0.55159878730774 0.64431363344193
429 1.0035351514816 0.57489842176437 0.4286367893219
430 0.89807283878326 0.60263627767563 0.29543653130531
431 0.85305124521255 0.63629370927811 0.21675750613213
432 0.84572249650955 0.67818588018417 0.16753666102886
433 0.87058973312378 0.73216837644577 0.13842134177685
434 0.92383694648743 0.80531489849091 0.11852208524942
435 1.0165739059448 0.91228264570236 0.10429130494595
436 1.1832480430603 1.088365316391 0.094882674515247
437 1.5168077945709 1.4184277057648 0.098380111157894
438 2.0693354606628 1.9818476438522 0.087487772107124
439 2.9652621746063 2.8876931667328 0.077569045126438
440 2.5564026832581 2.4823031425476 0.074099361896515
441 2.2617609500885 2.1593189239502 0.10244213789701
442 2.4844903945923 2.3716955184937 0.11279497295618
443 3.0708055496216 3.0050549507141 0.065750479698181
444 3.8491067886353 3.7889120578766 0.060194790363312
445 5.5371479988098 5.4717168807983 0.065430887043476
446 9.1363868713379 9.0602560043335 0.076130695641041
447 16.451210021973 16.390600204468 0.060608699917793
448 24.772583007813 24.71272277832 0.059859413653612
449 16.670307159424 16.542253494263 0.12805433571339
450 9.2437162399292 9.1879062652588 0.055810160934925
451 5.5773668289185 5.5208435058594 0.056522868573666
452 3.7530221939087 3.6881666183472 0.06485553830862
453 2.7480590343475 2.6913869380951 0.056672129780054
454 2.1566858291626 2.1032857894897 0.053400047123432
455 1.7871001958847 1.7328884601593 0.054211642593145
456 1.5396076440811 1.4876337051392 0.051973976194859
457 1.3866698741913 1.3190762996674 0.067593574523926
458 1.2555725574493 1.2001533508301 0.055419269949198
459 1.1663924455643 1.1149272918701 0.051465138792992
460 1.1063752174377 1.0538285970688 0.052546571940184
461 1.0674306154251 1.0104175806046 0.057013064622879
462 1.0498037338257 0.98106849193573 0.068735219538212
463 1.0738376379013 0.96318060159683 0.11065702885389
464 1.040100812912 0.95518666505814 0.08491413295269
465 1.0165146589279 0.95816940069199 0.058345280587673
466 1.0389705896378 0.97450429201126 0.064466297626495
467 1.091493844986 1.0100526809692 0.081441126763821
468 1.1753022670746 1.0793957710266 0.095906510949135
469 1.3368616104126 1.2202153205872 0.11664628982544
470 1.5946074724197 1.5165474414825 0.078060030937195
471 2.2298812866211 1.864985704422 0.36489561200142
472 1.8875203132629 1.8172305822372 0.070289708673954
473 2.3207442760468 2.160849571228 0.15989477932453
474 3.2534127235413 3.1849718093872 0.068440973758698
475 3.7261271476746 3.6544272899628 0.071699902415276
476 2.7485675811768 2.4080021381378 0.34056550264359
477 1.7931921482086 1.7018195390701 0.091372668743134
478 1.4731696844101 1.3886677026749 0.084502004086971
479 1.3370941877365 1.2423952817917 0.094698905944824
480 1.3300235271454 1.1710020303726 0.15902145206928
481 1.3407608270645 1.1377520561218 0.20300869643688
482 1.2918788194656 1.1268899440765 0.16498890519142
483 1.331094622612 1.131698012352 0.19939659535885
484 1.4436860084534 1.1509186029434 0.29276740550995
485 1.7111469507217 1.1875126361847 0.52363431453705
486 2.5041034221649 1.2538493871689 1.250254034996
487 6.8007783889771 1.3792051076889 5.421573638916
488 3.8909442424774 1.5863571166992 2.3045871257782
489 2.3916773796082 1.6074458360672 0.78423154354095
490 1.8365312814713 1.4468426704407 0.38968858122826
491 1.6082881689072 1.3665518760681 0.24173630774021
492 1.515984416008 1.343137383461 0.17284701764584
493 1.4803884029388 1.3470063209534 0.1333821117878
494 1.4760283231735 1.3648588657379 0.11116939038038
495 1.4902098178864 1.3909769058228 0.099233016371727
496 1.5463054180145 1.4227670431137 0.12353830784559
497 1.5973246097565 1.4590198993683 0.13830465078354
498 1.5836514234543 1.4992300271988 0.084421463310719
499 1.6388297080994 1.5432041883469 0.095625475049019
500 1.6644268035889 1.5913844108582 0.073042392730713
501 1.7162749767303 1.6452313661575 0.071043536067009
502 1.7836894989014 1.7096070051193 0.074082471430302
503 1.8676341772079 1.7995812892914 0.068052895367146
504 1.9322227239609 1.8704199790955 0.061802729964256
505 1.9654358625412 1.9020978212357 0.063338108360767
506 2.0109696388245 1.9507433176041 0.060226384550333
507 2.0842638015747 2.0166487693787 0.067615129053593
508 2.2049570083618 2.0913684368134 0.11358850449324
509 2.2558648586273 2.1715550422668 0.08431002497673
510 2.3160624504089 2.2583062648773 0.057756081223488
511 2.407032251358 2.3516685962677 0.05536375194788
512 2.5067827701569 2.4521422386169 0.054640650749207
513 2.6139209270477 2.559722661972 0.054198250174522
514 2.730409860611 2.6753342151642 0.055075611919165
515 2.9284334182739 2.7997124195099 0.12872087955475
516 2.9904782772064 2.9337458610535 0.056732445955276
517 3.1482796669006 3.078031539917 0.070248208940029
518 3.2954142093658 3.2342050075531 0.061209205538034
519 3.4658951759338 3.4040060043335 0.061889089643955
520 3.7646896839142 3.5895004272461 0.17518930137157
521 3.8555295467377 3.7857899665833 0.069739557802677
522 4.2021422386169 3.9999485015869 0.20219387114048
523 4.3474936485291 4.2349834442139 0.11250987648964
524 4.5581583976746 4.4926118850708 0.065546117722988
525 4.8335380554199 4.7755146026611 0.058023247867823
526 5.1438822746277 5.0863041877747 0.057578448206186
527 5.4948387145996 5.429271697998 0.065567225217819
528 5.8680181503296 5.8089604377747 0.059057638049126
529 6.2890477180481 6.2306513786316 0.05839654058218
530 6.7589664459229 6.7007303237915 0.058235958218575
531 7.2923684120178 7.2270436286926 0.065325208008289
532 7.8720526695251 7.8179392814636 0.054113291203976
533 8.539363861084 8.4840812683105 0.055282492190599
534 9.3559408187866 9.2862091064453 0.069731146097183
535 10.216268539429 10.156584739685 0.059683982282877
536 11.216779708862 11.156615257263 0.060165099799633
537 12.369715690613 12.313621520996 0.056093793362379
538 13.711224555969 13.654570579529 0.056654620915651
539 15.297116279602 15.225921630859 0.071195259690285
540 17.151418685913 17.088342666626 0.063076436519623
541 19.374599456787 19.316583633423 0.058015525341034
542 22.06932258606 22.013372421265 0.055949445813894
543 25.379884719849 25.322702407837 0.057183127850294
544 29.512537002563 29.452472686768 0.060065478086472
545 34.821212768555 34.713039398193 0.10817494988441
546 41.624687194824 41.567352294922 0.057336002588272
547 50.617240905762 50.560710906982 0.056529670953751
548 62.139228820801 62.081672668457 0.057556115090847
549 76.518676757812 76.436569213867 0.082105547189713
550 97.432472229004 97.367919921875 0.064558580517769
551 129.32423400879 128.90866088867 0.41557046771049
552 178.2142791748 178.14210510254 0.072171181440353
553 259.00994873047 258.94192504883 0.068031348288059
554 400.53762817383 400.47821044922 0.059426415711641
555 659.34362792969 659.28540039063 0.058257628232241
556 1.1006657714844E+03 1.1006079101563E+03 0.05786132439971
557 1.4776307373047E+03 1.4775694580078E+03 0.061223905533552
558 1.0427589111328E+03 1.0426973876953E+03 0.061547104269266
559 625.97314453125 625.9091796875 0.063939772546291
560 385.45245361328 385.38537597656 0.067079678177834
561 252.76962280273 252.71002197266 0.05959291011095
562 175.97956848145 175.92054748535 0.059007745236158
563 128.70735168457 128.64636230469 0.060991823673248
564 97.921173095703 97.857780456543 0.063390582799911
565 76.901145935059 76.829254150391 0.071891032159328
566 62.025909423828 61.88822555542 0.13768655061722
567 51.078323364258 50.917915344238 0.16040572524071
568 42.713886260986 42.63822555542 0.075662240386009
569 36.313243865967 36.24195098877 0.071294844150543
570 31.358486175537 31.201309204102 0.15717667341232
571 28.128345489502 27.160196304321 0.96815037727356
572 23.943729400635 23.871644973755 0.072082571685314
573 21.26872253418 21.160223007202 0.10849894583225
574 18.955541610718 18.884271621704 0.071270801126957
575 17.050457000732 16.979354858398 0.071101762354374
576 15.439800262451 15.359265327454 0.080535173416138
577 14.056003570557 13.970026016235 0.085976995527744
578 12.844832420349 12.769751548767 0.07508085668087
579 11.792377471924 11.725434303284 0.066942781209946
580 10.875551223755 10.811423301697 0.06412835419178
581 10.074584960938 10.006948471069 0.067636519670486
582 9.4378185272217 9.2930946350098 0.14472453296185
583 8.7394580841064 8.6604833602905 0.078974388539791
584 8.1621236801147 8.0956392288208 0.066485092043877
585 7.6521878242493 7.5892577171326 0.06293011456728
586 7.195369720459 7.1335926055908 0.061777133494616
587 6.7842707633972 6.7221446037292 0.06212617084384
588 6.4120354652405 6.3494386672974 0.062596797943115
589 6.0782632827759 6.0108337402344 0.067429333925247
590 5.7733678817749 5.7023820877075 0.070985905826092
591 5.5692830085754 5.4207139015198 0.14856907725334
592 5.2353863716125 5.1629633903503 0.072423011064529
593 5.0061063766479 4.9267334938049 0.079372987151146
594 4.7790722846985 4.7100801467896 0.068992041051388
595 4.6895093917847 4.5104727745056 0.17903673648834
596 4.3917932510376 4.3245825767517 0.067210473120213
597 4.2190794944763 4.15394115448 0.065138570964336
598 4.0614094734192 3.9966514110565 0.064757831394672
599 3.9176018238068 3.8514873981476 0.066114492714405
600 3.7874913215637 3.7174932956696 0.069997861981392
