1 3.8222030270845E-03 1.5440058632521E-05 3.8067628629506E-03
2 4.1411048732698E-03 6.2059989431873E-05 4.0790447965264E-03
3 4.3002315796912E-03 1.4088882016949E-04 4.1593429632485E-03
4 4.4716335833073E-03 2.54199054325E-04 4.2174346745014E-03
5 4.68326266855E-03 4.0608024573885E-04 4.277182277292E-03
6 4.9397177062929E-03 5.9484143275768E-04 4.3448763899505E-03
7 5.2384822629392E-03 8.1548059824854E-04 4.423001781106E-03
8 5.5952854454517E-03 1.0821922915056E-03 4.5130932703614E-03
9 6.0243182815611E-03 1.4048242010176E-03 4.6194940805435E-03
10 6.5345386974514E-03 1.7948887543753E-03 4.7396500594914E-03
11 7.1593038737774E-03 2.2699893452227E-03 4.8893145285547E-03
12 7.8669749200344E-03 2.8592126909643E-03 5.0077619962394E-03
13 8.772823959589E-03 3.6041722632945E-03 5.1686521619558E-03
14 9.9161583930254E-03 4.5680999755859E-03 5.3480579517782E-03
15 0.011426913551986 5.8680712245405E-03 5.5588418617845E-03
16 0.013502118177712 7.7314325608313E-03 5.7706851512194E-03
17 0.016579249873757 0.01057834085077 6.0009090229869E-03
18 0.021541895344853 0.015275860205293 6.2660351395607E-03
19 0.030311210080981 0.02375771664083 6.5534953027964E-03
20 0.047419000416994 0.040550675243139 6.8683256395161E-03
21 0.08218652755022 0.07497276365757 7.2137699462473E-03
22 0.1344840824604 0.12689115107059 7.5929365120828E-03
23 0.12196177989244 0.11395036429167 8.0114156007767E-03
24 0.082387283444405 0.073912583291531 8.4747020155191E-03
25 0.058648411184549 0.049672920256853 8.9754918590188E-03
26 0.04628362134099 0.036762710660696 9.5209116116166E-03
27 0.039790142327547 0.029664721339941 0.010125421918929
28 0.036376938223839 0.025577109307051 0.010799827985466
29 0.034818418323994 0.023157758638263 0.011660658754408
30 0.0343445725739 0.021730296313763 0.012614278122783
31 0.034232959151268 0.02093100361526 0.01330195646733
32 0.034861445426941 0.02055200189352 0.014309443533421
33 0.035926297307014 0.020467987284064 0.015458310954273
34 0.037278167903423 0.020599912852049 0.016678255051374
35 0.039036374539137 0.02089593373239 0.018140440806746
36 0.040716148912907 0.021322580054402 0.019393566995859
37 0.042835872620344 0.021852020174265 0.020983852446079
38 0.045286856591702 0.022469887509942 0.022816970944405
39 0.048379063606262 0.023160332813859 0.025218730792403
40 0.052236650139093 0.023915426805615 0.028321223333478
41 0.05643242970109 0.0247274748981 0.03170495480299
42 0.062797576189041 0.025591101497412 0.03720647841692
43 0.068779058754444 0.026501942425966 0.042277112603188
44 0.076211519539356 0.027455877512693 0.048755642026663
45 0.084794797003269 0.028451535850763 0.056343261152506
46 0.095379710197449 0.029486021026969 0.065893694758415
47 0.10870330035686 0.030557544901967 0.078145757317543
48 0.12603095173836 0.031664654612541 0.094366297125816
49 0.1494914740324 0.032806150615215 0.11668532341719
50 0.18358401954174 0.033981066197157 0.14960296452045
51 0.24168829619884 0.035188592970371 0.20649971067905
52 0.36973214149475 0.036428093910217 0.33330404758453
53 0.71067571640015 0.037699047476053 0.67297667264938
54 1.6478449106216 0.039001062512398 1.6088439226151
55 3.8603591918945 0.040333863347769 3.8200254440308
56 8.9007215499878 0.041697304695845 8.8590240478516
57 18.447793960571 0.043091386556625 18.404703140259
58 18.558403015137 0.044516541063786 18.513885498047
59 22.752550125122 0.045972891151905 22.706577301025
60 23.658386230469 0.047461606562138 23.61092376709
61 24.324016571045 0.048984549939632 24.275032043457
62 21.65668296814 0.050545573234558 21.60613822937
63 24.136474609375 0.052150823175907 24.084323883057
64 7.0302000045776 0.05381491407752 6.9763851165771
65 2.9209413528442 0.055568963289261 2.8653721809387
66 1.2183481454849 0.057478714734316 1.1608694791794
67 0.58018904924393 0.059608213603497 0.52058082818985
68 0.35067743062973 0.061575509607792 0.2891018986702
69 0.25782233476639 0.062900677323341 0.19492165744305
70 0.21085780858994 0.064293012022972 0.14656479656696
71 0.18237192928791 0.065879002213478 0.11649292707443
72 0.16301248967648 0.067587450146675 0.0954250395298
73 0.14927940070629 0.06937138736248 0.079908013343811
74 0.13931477069855 0.071209087967873 0.068105690181255
75 0.13203293085098 0.073088638484478 0.058944281190634
76 0.12675060331821 0.075004652142525 0.051745962351561
77 0.1227295845747 0.076955363154411 0.045774225145578
78 0.11952389031649 0.078938484191895 0.040585409849882
79 0.11766252666712 0.080953076481819 0.036709446460009
80 0.11593695729971 0.082998611032963 0.032938342541456
81 0.11510618031025 0.085074789822102 0.030031390488148
82 0.11469822376966 0.087181448936462 0.027516776695848
83 0.1146951392293 0.089318558573723 0.025376580655575
84 0.11501987278461 0.091486133635044 0.023533741012216
85 0.11562741547823 0.093684270977974 0.021943150088191
86 0.1162338629365 0.095913082361221 0.020320780575275
87 0.11732716113329 0.098172761499882 0.019154399633408
88 0.11860800534487 0.10046353191137 0.01814447529614
89 0.12006396055222 0.10278565436602 0.017278309911489
90 0.12168192863464 0.10513952374458 0.01654240489006
91 0.12345813959837 0.10752569139004 0.015932446345687
92 0.12538179755211 0.10994507372379 0.015436724759638
93 0.12752483785152 0.11239944398403 0.015125392004848
94 0.12994568049908 0.1148929297924 0.015052745118737
95 0.13206513226032 0.11743673682213 0.014628400094807
96 0.13550291955471 0.12005583941936 0.015447084791958
97 0.13721971213818 0.12267985194921 0.014539855532348
98 0.1397766917944 0.12519696354866 0.014579731039703
99 0.1426719725132 0.12779524922371 0.014876725152135
100 0.14587497711182 0.13048562407494 0.015389352105558
101 0.1475388109684 0.1331926882267 0.014346129260957
102 0.15135754644871 0.13593965768814 0.015417884103954
103 0.15487714111805 0.13872472941875 0.016152411699295
104 0.15917818248272 0.14154744148254 0.017630748450756
105 0.16365997493267 0.14440795779228 0.019252024590969
106 0.16877020895481 0.14730671048164 0.021463505923748
107 0.17455121874809 0.1502443999052 0.024306822568178
108 0.18123306334019 0.15322180092335 0.028011258691549
109 0.18927584588528 0.15623994171619 0.033035904169083
110 0.19921764731407 0.1593000292778 0.039917625486851
111 0.21541766822338 0.16240364313126 0.053014028817415
112 0.22758090496063 0.16555292904377 0.062027972191572
113 0.25145751237869 0.16875092685223 0.082706578075886
114 0.28937181830406 0.17200243473053 0.11736939102411
115 0.35984498262405 0.17531558871269 0.18452939391136
116 0.49771001935005 0.17870576679707 0.31900426745415
117 0.87549936771393 0.18220438063145 0.69329500198364
118 2.397438287735 0.18587636947632 2.2115619182587
119 5.5523791313171 0.18981295824051 5.3625659942627
120 1.3595068454742 0.19379721581936 1.1657096147537
121 0.65457361936569 0.19700086116791 0.45757278800011
122 0.43841359019279 0.20011848211288 0.23829509317875
123 0.35021322965622 0.20349957048893 0.14671367406845
124 0.3182430267334 0.2070749104023 0.1111681163311
125 0.28600239753723 0.21077978610992 0.075222611427307
126 0.27156764268875 0.21458277106285 0.056984875351191
127 0.26375338435173 0.21847200393677 0.045281376689672
128 0.2605419754982 0.22244182229042 0.03810016065836
129 0.2583349943161 0.22649119794369 0.031843792647123
130 0.25813800096512 0.23062084615231 0.027517164126039
131 0.2596287727356 0.23483419418335 0.024794572964311
132 0.26101151108742 0.23913411796093 0.021877398714423
133 0.26348322629929 0.24352476000786 0.019958447664976
134 0.2662641108036 0.24801099300385 0.018253123387694
135 0.26956149935722 0.25259834527969 0.016963163390756
136 0.2733042538166 0.25729301571846 0.016011223196983
137 0.27845883369446 0.26210203766823 0.016356790438294
138 0.28119751811028 0.26703324913979 0.014164258725941
139 0.28565302491188 0.27209544181824 0.013557576574385
140 0.29042208194733 0.27729845046997 0.013123625889421
141 0.295744150877 0.28265336155891 0.013090784661472
142 0.30827328562737 0.28817266225815 0.020100645720959
143 0.30670017004013 0.29387038946152 0.012829774059355
144 0.31170380115509 0.29976230859756 0.011941488832235
145 0.32319739460945 0.3058668076992 0.017330585047603
146 0.32336768507957 0.31220430135727 0.011163395829499
147 0.32970961928368 0.31879821419716 0.010911403223872
148 0.33659392595291 0.32567548751831 0.010918435640633
149 0.34455373883247 0.33286699652672 0.01168674044311
150 0.35126626491547 0.34039944410324 0.010866807773709
151 0.35946154594421 0.34833264350891 0.011128883808851
152 0.3670614361763 0.35670527815819 0.010356138460338
153 0.37592628598213 0.36557367444038 0.010352618992329
154 0.39044243097305 0.3750039935112 0.015438458882272
155 0.39516574144363 0.38507440686226 0.010091315954924
156 0.40609988570213 0.39587783813477 0.010222049430013
157 0.41733068227768 0.40752521157265 9.8054828122258E-03
158 0.4298702776432 0.42014998197556 9.7202872857451E-03
159 0.44360730051994 0.43391370773315 9.6935983747244E-03
160 0.45867517590523 0.44901338219643 9.6618020907044E-03
161 0.47533929347992 0.46569123864174 9.6480315551162E-03
162 0.49395272135735 0.48424759507179 9.7051383927464E-03
163 0.51483899354935 0.50505816936493 9.780865162611E-03
164 0.53893423080444 0.52861523628235 0.010318982414901
165 0.57691311836243 0.55549186468124 0.021421240642667
166 0.59884238243103 0.58649063110352 0.012351743876934
167 0.63299679756165 0.62264186143875 0.010354932397604
168 0.67515236139297 0.66531711816788 9.8352506756783E-03
169 0.72609829902649 0.71637177467346 9.7265467047691E-03
170 0.78809851408005 0.77836441993713 9.7341034561396E-03
171 0.86472946405411 0.85489672422409 9.8327305167913E-03
172 0.96100759506226 0.95116066932678 9.8469741642475E-03
173 1.084944486618 1.0748459100723 0.010098541155457
174 1.2479635477066 1.2377023696899 0.010261075571179
175 1.4702882766724 1.4583412408829 0.011947102844715
176 1.7789906263351 1.7675025463104 0.011488155461848
177 2.2289061546326 2.2184958457947 0.010410289280117
178 2.9191694259644 2.9091145992279 0.010054729878902
179 4.0403289794922 4.0303020477295 0.010027043521404
180 5.9892492294312 5.9780035018921 0.0112459436059
181 9.6020803451538 9.5919971466064 0.010083744302392
182 16.369886398315 16.359674453735 0.010211781598628
183 25.87056350708 25.85994720459 0.010616292245686
184 22.713937759399 22.699674606323 0.014263335615396
185 13.831568717957 13.817826271057 0.013741562142968
186 8.4330501556396 8.4224472045898 0.010602723807096
187 5.5423460006714 5.5317974090576 0.010548246093094
188 3.9305498600006 3.9202213287354 0.010328580625355
189 2.9702115058899 2.9598255157471 0.010385979898274
190 2.3614890575409 2.351047039032 0.010441796854138
191 1.9555435180664 1.9449969530106 0.010546530596912
192 1.6740434169769 1.6633040904999 0.010739343240857
193 1.4744863510132 1.4626606702805 0.011825693771243
194 1.3271182775497 1.3155624866486 0.01155580766499
195 1.2118941545486 1.1965161561966 0.015377985313535
196 1.1170172691345 1.1042143106461 0.01280299667269
197 1.0445070266724 1.033185005188 0.011322037316859
198 0.98896688222885 0.9778995513916 0.011067349463701
199 0.94651693105698 0.93488782644272 0.011629150249064
200 0.91427582502365 0.90240997076035 0.01186584122479
201 0.89484703540802 0.88072031736374 0.014126709662378
202 0.88479906320572 0.8732323050499 0.011566764675081
203 0.89370834827423 0.88228470087051 0.011423652991652
204 0.87208688259125 0.8608877658844 0.011199150234461
205 0.8314197063446 0.82008910179138 0.011330598965287
206 0.80741286277771 0.79411816596985 0.013294656760991
207 0.78963041305542 0.77783989906311 0.01179052144289
208 0.7797464132309 0.76680815219879 0.01293823774904
209 0.77397882938385 0.75897353887558 0.01500532310456
210 0.76548528671265 0.75307375192642 0.012411558069289
211 0.7633860707283 0.74883329868317 0.014552774839103
212 0.75775438547134 0.74589890241623 0.01185552123934
213 0.75594520568848 0.74402058124542 0.011924612335861
214 0.75545316934586 0.74302661418915 0.012426603585482
215 0.77598208189011 0.74279129505157 0.033190775662661
216 0.75549173355103 0.74321740865707 0.01227427367121
217 0.75633782148361 0.7442267537117 0.012111066840589
218 0.75803697109222 0.7457549571991 0.012282054871321
219 0.75990343093872 0.74774831533432 0.012155130505562
220 0.76237225532532 0.7501614689827 0.012210794724524
221 0.76528298854828 0.75295561552048 0.012327367439866
222 0.76857757568359 0.75611245632172 0.012465158477426
223 0.77225434780121 0.7595734000206 0.012680954299867
224 0.77586960792542 0.76281785964966 0.013051744550467
225 0.78097063302994 0.76688730716705 0.014083312824368
226 0.79570657014847 0.77120518684387 0.024501368403435
227 0.79027700424194 0.77575623989105 0.014520742930472
228 0.79425305128098 0.78052788972855 0.013725148513913
229 0.7998149394989 0.78551149368286 0.014303421601653
230 0.80579155683517 0.79070603847504 0.015085503458977
231 0.81944477558136 0.79613333940506 0.023311417549849
232 0.81874060630798 0.8018913269043 0.016849279403687
233 0.82789576053619 0.80791860818863 0.019977128133178
234 0.86150497198105 0.81343686580658 0.048068109899759
235 0.84179866313934 0.81921434402466 0.022584307938814
236 0.84695273637772 0.82527655363083 0.021676195785403
237 0.87360042333603 0.83152490854263 0.042075507342815
238 0.85577821731567 0.83792722225189 0.017850963398814
239 0.89834600687027 0.84447026252747 0.053875736892223
240 0.8672206401825 0.85114657878876 0.016074046492577
241 0.87412446737289 0.85795211791992 0.016172321513295
242 0.89047276973724 0.86488300561905 0.025589779019356
243 0.89612174034119 0.87193644046783 0.024185284972191
244 0.9001749753952 0.87911033630371 0.021064665168524
245 0.90214383602142 0.88640242815018 0.01574144884944
246 0.90906715393066 0.8938113451004 0.015255785547197
247 0.91818463802338 0.90133583545685 0.016848793253303
248 0.94524097442627 0.9089749455452 0.036266051232815
249 0.93861681222916 0.91672790050507 0.021888894960284
250 0.95056730508804 0.9245942234993 0.025973094627261
251 0.95309805870056 0.93257361650467 0.02052447758615
252 0.95674365758896 0.94066596031189 0.016077686101198
253 0.96437042951584 0.94887149333954 0.015498954802752
254 0.97244542837143 0.9571904540062 0.015254960395396
255 0.98084115982056 0.96562343835831 0.015217679552734
256 0.98947554826736 0.97417116165161 0.015304429456592
257 0.99871605634689 0.98283445835114 0.015881605446339
258 1.0118556022644 0.99161452054977 0.020241102203727
259 1.0261936187744 1.0005125999451 0.025680981576443
260 1.025838136673 1.0095303058624 0.016307853162289
261 1.0348607301712 1.0186692476273 0.016191525384784
262 1.0449143648148 1.027930021286 0.016984347254038
263 1.0622051954269 1.0373176336288 0.024887569248676
264 1.0676736831665 1.0468653440475 0.020808320492506
265 1.0806832313538 1.0565114021301 0.024171881377697
266 1.0833430290222 1.0662907361984 0.0170524045825
267 1.1009831428528 1.076206445694 0.024776626378298
268 1.1036887168884 1.0862644910812 0.017424257472157
269 1.113137960434 1.0964642763138 0.016673700883985
270 1.123483300209 1.1068124771118 0.016670886427164
271 1.1350172758102 1.1173142194748 0.017703022807837
272 1.1463505029678 1.1279783248901 0.018372258171439
273 1.2065348625183 1.1388169527054 0.067717991769314
274 1.1709935665131 1.1497926712036 0.021200919523835
275 1.182028055191 1.1609457731247 0.021082310006022
276 1.1937735080719 1.1722890138626 0.021484479308128
277 1.2140222787857 1.1838241815567 0.03019817173481
278 1.2139137983322 1.1955583095551 0.018355494365096
279 1.2265136241913 1.2075003385544 0.01901326328516
280 1.2380094528198 1.2196607589722 0.018348665907979
281 1.2528169155121 1.2320506572723 0.02076630666852
282 1.2627013921738 1.2446794509888 0.01802191324532
283 1.2789528369904 1.2575674057007 0.021385379135609
284 1.2892943620682 1.2707269191742 0.018567366525531
285 1.30426466465 1.2841752767563 0.020089339464903
286 1.3655117750168 1.2979369163513 0.067574813961983
287 1.3357101678848 1.3120237588882 0.023686395958066
288 1.3478579521179 1.3264652490616 0.021392690017819
289 1.4413299560547 1.3412891626358 0.10004077106714
290 1.3764976263046 1.3565273284912 0.019970221444964
291 1.3983796834946 1.372216463089 0.026163298636675
292 1.4081345796585 1.388399720192 0.019734801724553
293 1.4374612569809 1.4051325321198 0.032328758388758
294 1.4428738355637 1.4225229024887 0.020350906997919
295 1.4602656364441 1.4405875205994 0.019678192213178
296 1.4790147542953 1.4591563940048 0.019858364015818
297 1.5001796483994 1.4786138534546 0.021565737202764
298 1.5253505706787 1.4990438222885 0.026306657120585
299 1.5470476150513 1.5205128192902 0.026534711942077
300 1.5678609609604 1.5431063175201 0.024754570797086
301 1.5990211963654 1.5670878887177 0.031933270394802
302 1.6246018409729 1.592783331871 0.031818423420191
303 1.6610641479492 1.6201853752136 0.040878817439079
304 1.6715263128281 1.6497442722321 0.021782102063298
305 1.7025598287582 1.6818633079529 0.020696440711617
306 1.7370849847794 1.717052936554 0.020032031461596
307 1.7760899066925 1.7559660673141 0.020123852416873
308 1.8197224140167 1.7994490861893 0.020273312926292
309 1.869341135025 1.8486154079437 0.020725760608912
310 1.935861825943 1.9049537181854 0.030908217653632
311 1.9914684295654 1.9704908132553 0.020977675914764
312 2.0688986778259 2.0480444431305 0.020854050293565
313 2.1628429889679 2.1416265964508 0.02121633477509
314 2.2789843082428 2.2571086883545 0.02187548391521
315 2.4277548789978 2.4033672809601 0.024387529119849
316 2.6313941478729 2.5943710803986 0.037023164331913
317 2.8826382160187 2.8531763553619 0.029461767524481
318 3.2430737018585 3.2203273773193 0.02274621091783
319 3.796327829361 3.7726881504059 0.023639583960176
320 4.6907629966736 4.6631517410278 0.027611287310719
321 6.1347479820251 6.1117091178894 0.023038925603032
322 8.2346048355103 8.2123069763184 0.02229799516499
323 12.300721168518 12.277982711792 0.022738721221685
324 20.462907791138 20.439352035522 0.023555664345622
325 31.134267807007 31.109167098999 0.025102201849222
326 24.137714385986 24.106630325317 0.031084954738617
327 14.532646179199 14.441502571106 0.091143898665905
328 9.2449598312378 9.2174339294434 0.027526373043656
329 6.5772533416748 6.5526881217957 0.024565240368247
330 5.1261553764343 5.1027135848999 0.023441933095455
331 4.2778830528259 4.2536497116089 0.024233277887106
332 3.7538392543793 3.7253980636597 0.028441295027733
333 3.4337038993835 3.3814299106598 0.052274122834206
334 3.1755430698395 3.1503121852875 0.025230698287487
335 3.0196487903595 2.9923677444458 0.027281180024147
336 2.9080955982208 2.8838014602661 0.024294355884194
337 2.8312683105469 2.8071703910828 0.024097871035337
338 2.7784011363983 2.7542881965637 0.024112965911627
339 2.7452464103699 2.7209367752075 0.02430964820087
340 2.7273690700531 2.7027897834778 0.024579228833318
341 2.7215046882629 2.6965823173523 0.024922359734774
342 2.7255537509918 2.699773311615 0.025780415162444
343 2.7452955245972 2.7118155956268 0.033479861915112
344 2.7586917877197 2.7312278747559 0.027464088052511
345 2.7906699180603 2.7573359012604 0.033334154635668
346 2.8179724216461 2.7897410392761 0.028231348842382
347 2.8554890155792 2.8282489776611 0.027240078896284
348 2.9001030921936 2.8728363513947 0.027266712859273
349 2.9516596794128 2.9236390590668 0.028020590543747
350 3.0106527805328 2.9809427261353 0.029710037633777
351 3.0793035030365 3.0451846122742 0.034118808805943
352 3.1682195663452 3.1169636249542 0.051255870610476
353 3.2507815361023 3.1970584392548 0.053723067045212
354 3.3188614845276 3.2864165306091 0.032444998621941
355 3.4816365242004 3.3863461017609 0.09529036283493
356 3.5310966968536 3.4983358383179 0.032760966569185
357 3.661404132843 3.6242818832397 0.037122152745724
358 3.8217277526855 3.7665436267853 0.055183943361044
359 4.0268545150757 3.9280693531036 0.098785206675529
360 4.1540894508362 4.11256980896 0.04152000695467
361 4.3651871681213 4.3247532844543 0.040433533489704
362 4.6142826080322 4.5706582069397 0.043624710291624
363 4.9106674194336 4.8581123352051 0.052555043250322
364 5.2715306282043 5.1974039077759 0.074126459658146
365 5.6890420913696 5.6022505760193 0.086791798472404
366 6.2088952064514 6.0912370681763 0.11765799671412
367 6.9344959259033 6.6900987625122 0.24439708888531
368 8.1719388961792 7.4350991249084 0.73683929443359
369 9.1248989105225 8.378719329834 0.74617993831635
370 9.829797744751 9.5990228652954 0.2307750582695
371 11.423578262329 11.215950012207 0.20762848854065
372 13.499119758606 13.420847892761 0.0782720297575
373 16.593282699585 16.532768249512 0.060515116900206
374 21.165037155151 21.112054824829 0.052981667220592
375 28.280647277832 28.204624176025 0.076022297143936
376 39.958595275879 39.902927398682 0.055669035762548
377 60.752063751221 60.699596405029 0.052468772977591
378 100.65990447998 100.60228729248 0.057614803314209
379 178.37403869629 178.32832336426 0.045724637806416
380 284.49798583984 284.46142578125 0.036555528640747
381 223.67808532715 223.64256286621 0.035519581288099
382 128.12083435059 128.08572387695 0.035122763365507
383 75.682144165039 75.647430419922 0.034718845039606
384 48.764785766602 48.730052947998 0.034733142703772
385 34.053325653076 34.018249511719 0.035077445209026
386 25.368343353271 25.332147598267 0.036195889115334
387 19.881950378418 19.825456619263 0.056493826210499
388 16.22617149353 16.189157485962 0.037013173103333
389 13.772390365601 13.736219406128 0.036171555519104
390 12.108361244202 12.072235107422 0.036126296967268
391 10.758578300476 10.721264839172 0.037313718348742
392 9.5319976806641 9.4892377853394 0.04276018217206
393 8.6034498214722 8.5508623123169 0.052587818354368
394 7.8832778930664 7.8439350128174 0.039342608302832
395 7.3478517532349 7.2981042861938 0.049747213721275
396 6.9096236228943 6.8659439086914 0.043679729104042
397 6.5966658592224 6.5208535194397 0.07581203430891
398 6.2842745780945 6.2413196563721 0.042954843491316
399 6.0593829154968 6.0134706497192 0.04591216519475
400 5.9205369949341 5.8271842002869 0.093352548778057
401 5.7640810012817 5.6748776435852 0.089203648269176
402 5.659264087677 5.5507678985596 0.10849602520466
403 5.5200877189636 5.4503750801086 0.069712519645691
404 5.424036026001 5.370189666748 0.053846515715122
405 5.3586921691895 5.3074369430542 0.051255352795124
406 5.3112936019897 5.259913444519 0.05137998983264
407 5.2807989120483 5.2258629798889 0.054935969412327
408 5.2813048362732 5.2039361000061 0.077368699014187
409 5.2581062316895 5.1929306983948 0.065175548195839
410 5.2498216629028 5.1871814727783 0.062640279531479
411 5.2629332542419 5.1961603164673 0.066772915422916
412 5.2874474525452 5.2140412330627 0.073406487703323
413 5.3707633018494 5.2405104637146 0.13025268912315
414 5.407274723053 5.2754011154175 0.13187336921692
415 5.4291443824768 5.3186850547791 0.11045905947685
416 5.4883980751038 5.3700857162476 0.11831237375736
417 5.5714330673218 5.4306583404541 0.14077493548393
418 5.6742725372314 5.500403881073 0.17386867105961
419 5.8065624237061 5.5799121856689 0.22665022313595
420 5.9853181838989 5.6698956489563 0.3154225051403
421 6.2502551078796 5.771556854248 0.47869816422462
422 6.7018671035767 5.8861494064331 0.81571763753891
423 7.7399153709412 6.0153999328613 1.7245154380798
424 11.363339424133 6.1615815162659 5.2017579078674
425 19.315788269043 6.3272624015808 12.988526344299
426 9.4595851898193 6.5159139633179 2.9436709880829
427 7.9438719749451 6.7328023910522 1.2110694646835
428 7.6286206245422 6.9843068122864 0.64431363344193
429 7.7079615592957 7.2793245315552 0.4286367893219
430 7.9259762763977 7.630539894104 0.29543653130531
431 8.2734661102295 8.0567083358765 0.21675750613213
432 8.7546806335449 8.5871438980103 0.16753666102886
433 9.4090881347656 9.2706670761108 0.13842134177685
434 10.315364837646 10.196843147278 0.11852208524942
435 11.655552864075 11.551260948181 0.10429130494595
436 13.875691413879 13.780808448792 0.094882674515247
437 18.058416366577 17.960037231445 0.098380111157894
438 25.181509017944 25.094020843506 0.087487772107124
439 36.641345977783 36.563777923584 0.077569045126438
440 31.504856109619 31.430755615234 0.074099361896515
441 27.443592071533 27.341150283813 0.10244213789701
442 30.143043518066 30.030248641968 0.11279497295618
443 38.11555480957 38.0498046875 0.065750479698181
444 48.035140991211 47.974948883057 0.060194790363312
445 69.347946166992 69.282508850098 0.065430887043476
446 114.79648590088 114.72035217285 0.076130695641041
447 207.59729003906 207.53668212891 0.060608699917793
448 312.970703125 312.91082763672 0.059859413653612
449 209.58494567871 209.4568939209 0.12805433571339
450 116.39246368408 116.33664703369 0.055810160934925
451 69.961074829102 69.90454864502 0.056522868573666
452 46.764171600342 46.699317932129 0.06485553830862
453 34.134830474854 34.078159332275 0.056672129780054
454 26.685062408447 26.631662368774 0.053400047123432
455 21.995929718018 21.941717147827 0.054211642593145
456 18.888290405273 18.836317062378 0.051973976194859
457 16.769649505615 16.702054977417 0.067593574523926
458 15.251679420471 15.196260452271 0.055419269949198
459 14.168599128723 14.117134094238 0.051465138792992
460 13.396053314209 13.343506813049 0.052546571940184
461 12.850852012634 12.793839454651 0.057013064622879
462 12.490958213806 12.422223091125 0.068735219538212
463 12.306385040283 12.195728302002 0.11065702885389
464 12.179423332214 12.094509124756 0.08491413295269
465 12.190622329712 12.132276535034 0.058345280587673
466 12.403573989868 12.339107513428 0.064466297626495
467 12.870659828186 12.789218902588 0.081441126763821
468 13.763142585754 13.667236328125 0.095906510949135
469 15.566930770874 15.450284004211 0.11664628982544
470 19.280481338501 19.202421188354 0.078060030937195
471 23.979219436646 23.614322662354 0.36489561200142
472 23.079940795898 23.009651184082 0.070289708673954
473 27.520425796509 27.360530853271 0.15989477932453
474 40.396339416504 40.327896118164 0.068440973758698
475 46.343811035156 46.272109985352 0.071699902415276
476 30.830526351929 30.489959716797 0.34056550264359
477 21.639696121216 21.548324584961 0.091372668743134
478 17.667718887329 17.583215713501 0.084502004086971
479 15.825824737549 15.731125831604 0.094698905944824
480 14.986170768738 14.827149391174 0.15902145206928
481 14.609148979187 14.406140327454 0.20300869643688
482 14.433592796326 14.268604278564 0.16498890519142
483 14.528881072998 14.329483985901 0.19939659535885
484 14.865620613098 14.572854042053 0.29276740550995
485 15.559839248657 15.036204338074 0.52363431453705
486 17.12640953064 15.876155853271 1.250254034996
487 22.88497543335 17.463403701782 5.421573638916
488 22.390933990479 20.086347579956 2.3045871257782
489 21.137603759766 20.353370666504 0.78423154354095
490 18.709512710571 18.31982421875 0.38968858122826
491 17.544923782349 17.303186416626 0.24173630774021
492 17.179563522339 17.006715774536 0.17284701764584
493 17.189085006714 17.055702209473 0.1333821117878
494 17.392921447754 17.28175163269 0.11116939038038
495 17.711688995361 17.612455368042 0.099233016371727
496 18.138519287109 18.014980316162 0.12353830784559
497 18.612316131592 18.474012374878 0.13830465078354
498 19.067569732666 18.983148574829 0.084421463310719
499 19.635572433472 19.539947509766 0.095625475049019
500 20.223043441772 20.150001525879 0.073042392730713
501 20.902853012085 20.831809997559 0.071043536067009
502 21.721012115479 21.646928787231 0.074082471430302
503 22.854230880737 22.786176681519 0.068052895367146
504 23.744934082031 23.683132171631 0.061802729964256
505 24.147571563721 24.084234237671 0.063338108360767
506 24.760406494141 24.700180053711 0.060226384550333
507 25.602285385132 25.534669876099 0.067615129053593
508 26.594354629517 26.480766296387 0.11358850449324
509 27.580392837524 27.496082305908 0.08431002497673
510 28.652276992798 28.594522476196 0.057756081223488
511 29.83203125 29.776668548584 0.05536375194788
512 31.103500366211 31.048858642578 0.054640650749207
513 32.465232849121 32.411033630371 0.054198250174522
514 33.929977416992 33.874900817871 0.055075611919165
515 35.578491210938 35.449771881104 0.12872087955475
516 37.203624725342 37.146892547607 0.056732445955276
517 39.044075012207 38.973827362061 0.070248208940029
518 41.012496948242 40.951286315918 0.061209205538034
519 43.163185119629 43.101295471191 0.061889089643955
520 45.625202178955 45.450012207031 0.17518930137157
521 48.005157470703 47.935417175293 0.069739557802677
522 50.849269866943 50.647075653076 0.20219387114048
523 53.73558807373 53.623077392578 0.11250987648964
524 56.950698852539 56.885150909424 0.065546117722988
525 60.525268554688 60.46724319458 0.058023247867823
526 64.460014343262 64.402435302734 0.057578448206186
527 68.810638427734 68.745071411133 0.065567225217819
528 73.611724853516 73.552665710449 0.059057638049126
529 78.950485229492 78.89208984375 0.05839654058218
530 84.90242767334 84.844192504883 0.058235958218575
531 91.573661804199 91.508338928223 0.065325208008289
532 99.044334411621 98.990219116211 0.054113291203976
533 107.48014831543 107.42486572266 0.055282492190599
534 117.6510925293 117.58135986328 0.069731146097183
535 128.66168212891 128.60198974609 0.059683982282877
536 141.32447814941 141.26431274414 0.060165099799633
537 155.97033691406 155.91424560547 0.056093793362379
538 172.94990539551 172.89324951172 0.056654620915651
539 192.86077880859 192.78959655762 0.071195259690285
540 216.43450927734 216.37142944336 0.063076436519623
541 244.64329528809 244.58528137207 0.058015525341034
542 278.78778076172 278.73184204102 0.055949445813894
543 320.69152832031 320.63433837891 0.057183127850294
544 372.98529052734 372.92520141602 0.060065478086472
545 439.64233398438 439.53414916992 0.10817494988441
546 526.38031005859 526.32299804687 0.057336002588272
547 640.25286865234 640.1962890625 0.056529670953751
548 786.13146972656 786.07391357422 0.057556115090847
549 967.91680908203 967.83471679688 0.082105547189713
550 1.2329305419922E+03 1.2328659667969E+03 0.064558580517769
551 1.6326484375E+03 1.6322327880859E+03 0.41557046771049
552 2.2556955566406E+03 2.2556232910156E+03 0.072171181440353
553 3.2787731933594E+03 3.278705078125E+03 0.068031348288059
554 5.0708876953125E+03 5.070828125E+03 0.059426415711641
555 8.3478857421875E+03 8.3478271484375E+03 0.058257628232241
556 1.3935881835938E+04 1.393582421875E+04 0.05786132439971
557 1.8708947265625E+04 1.8708884765625E+04 0.061223905533552
558 1.3202625E+04 1.3202563476563E+04 0.061547104269266
559 7.9252841796875E+03 7.9252202148438E+03 0.063939772546291
560 4.8797905273437E+03 4.8797236328125E+03 0.067079678177834
561 3.1998569335937E+03 3.1997973632813E+03 0.05959291011095
562 2.2275532226563E+03 2.227494140625E+03 0.059007745236158
563 1.6289725341797E+03 1.6289116210937E+03 0.060991823673248
564 1.2391320800781E+03 1.2390686035156E+03 0.063390582799911
565 972.87866210938 972.80682373047 0.071891032159328
566 783.76220703125 783.62451171875 0.13768655061722
567 644.87963867188 644.71923828125 0.16040572524071
568 539.9580078125 539.88232421875 0.075662240386009
569 458.96441650391 458.89312744141 0.071294844150543
570 395.22604370117 395.06887817383 0.15717667341232
571 344.86871337891 343.90057373047 0.96815037727356
572 302.33325195312 302.26116943359 0.072082571685314
573 268.0378112793 267.92932128906 0.10849894583225
574 239.18263244629 239.11137390137 0.071270801126957
575 215.06254577637 214.99143981934 0.071101762354374
576 194.55851745605 194.47798156738 0.080535173416138
577 176.97351074219 176.88752746582 0.085976995527744
578 161.76481628418 161.6897277832 0.07508085668087
579 148.53359985352 148.4666595459 0.066942781209946
580 136.95764160156 136.89350891113 0.06412835419178
581 126.77494049072 126.7073059082 0.067636519670486
582 117.81325531006 117.6685333252 0.14472453296185
583 109.73743438721 109.65846252441 0.078974388539791
584 102.57292175293 102.50643157959 0.066485092043877
585 96.157600402832 96.094673156738 0.06293011456728
586 90.386840820312 90.325065612793 0.061777133494616
587 85.177467346191 85.115341186523 0.06212617084384
588 80.458755493164 80.39616394043 0.062596797943115
589 76.176200866699 76.108772277832 0.067429333925247
590 72.27416229248 72.203178405762 0.070985905826092
591 68.785285949707 68.636711120605 0.14856907725334
592 65.445518493652 65.373092651367 0.072423011064529
593 62.461338043213 62.381965637207 0.079372987151146
594 59.707710266113 59.638721466064 0.068992041051388
595 57.290340423584 57.111301422119 0.17903673648834
596 54.824783325195 54.757572174072 0.067210473120213
597 52.662059783936 52.596923828125 0.065138570964336
598 50.67008972168 50.605331420898 0.064757831394672
599 48.833385467529 48.767272949219 0.066114492714405
600 47.140647888184 47.070652008057 0.069997861981392
