1 3.823498962447E-03 1.6735895769671E-05 3.8067628629506E-03
2 4.1463132947683E-03 6.7268490965944E-05 4.0790447965264E-03
3 4.3120561167598E-03 1.5271318261512E-04 4.1593429632485E-03
4 4.4929678551853E-03 2.7553318068385E-04 4.2174346745014E-03
5 4.7173434868455E-03 4.401613259688E-04 4.277182277292E-03
6 4.9896412529051E-03 6.4476463012397E-04 4.3448763899505E-03
7 5.3069232963026E-03 8.8392139878124E-04 4.423001781106E-03
8 5.6861103512347E-03 1.1730173137039E-03 4.5130932703614E-03
9 6.1422204598784E-03 1.5227267285809E-03 4.6194940805435E-03
10 6.6851782612503E-03 1.9455283181742E-03 4.7396500594914E-03
11 7.3498170822859E-03 2.4605025537312E-03 4.8893145285547E-03
12 8.1069394946098E-03 3.0991777312011E-03 5.0077619962394E-03
13 9.0753110125661E-03 3.9066593162715E-03 5.1686521619558E-03
14 0.010299544781446 4.9514868296683E-03 5.3480579517782E-03
15 0.011919402517378 6.3605606555939E-03 5.5588418617845E-03
16 0.014150992967188 8.380307815969E-03 5.7706851512194E-03
17 0.017467057332397 0.011466149240732 6.0009090229869E-03
18 0.022823952138424 0.016557916998863 6.2660351395607E-03
19 0.032305125147104 0.025751627981663 6.5534953027964E-03
20 0.050822295248508 0.043953970074654 6.8683256395161E-03
21 0.088478766381741 0.081264995038509 7.2137699462473E-03
22 0.14513367414474 0.13754072785378 7.5929365120828E-03
23 0.13152529299259 0.12351386994123 8.0114156007767E-03
24 0.088590539991856 0.080115839838982 8.4747020155191E-03
25 0.062817305326462 0.053841818124056 8.9754918590188E-03
26 0.049369003623724 0.03984809294343 9.5209116116166E-03
27 0.042279813438654 0.032154388725758 0.010125421918929
28 0.03852354735136 0.027723718434572 0.010799827985466
29 0.036761976778507 0.025101318955421 0.011660658754408
30 0.036168333142996 0.023554053157568 0.012614278122783
31 0.035989634692669 0.022687679156661 0.01330195646733
32 0.036586310714483 0.022276867181063 0.014309443533421
33 0.037644114345312 0.022185802459717 0.015458310954273
34 0.039007056504488 0.022328801453114 0.016678255051374
35 0.040790107101202 0.02264966443181 0.018140440806746
36 0.04250568524003 0.023112120106816 0.019393566995859
37 0.044669844210148 0.023685993626714 0.020983852446079
38 0.04717268794775 0.024355717003345 0.022816970944405
39 0.050322838127613 0.02510410733521 0.025218730792403
40 0.054243799299002 0.025922574102879 0.028321223333478
41 0.058507733047009 0.026802776381373 0.03170495480299
42 0.064945362508297 0.027738884091377 0.03720647841692
43 0.071003280580044 0.028726169839501 0.042277112603188
44 0.07851580530405 0.029760165140033 0.048755642026663
45 0.087182648479939 0.030839385464787 0.056343261152506
46 0.097854383289814 0.031960692256689 0.065893694758415
47 0.11126790195704 0.033122148364782 0.078145757317543
48 0.12868846952915 0.034322168678045 0.094366297125816
49 0.15224479138851 0.035559471696615 0.11668532341719
50 0.18643595278263 0.036832991987467 0.14960296452045
51 0.24464157223701 0.038141865283251 0.20649971067905
52 0.37278944253922 0.039485391229391 0.33330404758453
53 0.71383970975876 0.040863014757633 0.67297667264938
54 1.6511181592941 0.042274303734303 1.6088439226151
55 3.8637442588806 0.043718960136175 3.8200254440308
56 8.9042205810547 0.045196831226349 8.8590240478516
57 18.451410293579 0.046707917004824 18.404703140259
58 18.562139511108 0.048252679407597 18.513885498047
59 22.756408691406 0.049831256270409 22.706577301025
60 23.662368774414 0.051444914191961 23.61092376709
61 24.328128814697 0.053095672279596 24.275032043457
62 21.660926818848 0.054787710309029 21.60613822937
63 24.140851974487 0.056527681648731 24.084323883057
64 7.0347166061401 0.058331433683634 6.9763851165771
65 2.92560505867 0.060232695192099 2.8653721809387
66 1.2231721878052 0.062302730977535 1.1608694791794
67 0.58519178628922 0.064610950648785 0.52058082818985
68 0.35584527254105 0.066743351519108 0.2891018986702
69 0.26310139894485 0.068179734051228 0.19492165744305
70 0.21625372767448 0.06968892365694 0.14656479656696
71 0.18790094554424 0.071408025920391 0.11649292707443
72 0.16868489980698 0.073259860277176 0.0954250395298
73 0.15510152280331 0.075193516910076 0.079908013343811
74 0.14529113471508 0.077185444533825 0.068105690181255
75 0.13816702365875 0.079222746193409 0.058944281190634
76 0.13304552435875 0.081299558281898 0.051745962351561
77 0.12918820977211 0.083413988351822 0.045774225145578
78 0.12614895403385 0.08556354790926 0.040585409849882
79 0.12445666640997 0.087747223675251 0.036709446460009
80 0.12290278077126 0.089964434504509 0.032938342541456
81 0.12224624305964 0.092214852571487 0.030031390488148
82 0.1220150962472 0.094498321413994 0.027516776695848
83 0.12219136953354 0.096814788877964 0.025376580655575
84 0.12269803136587 0.09916428476572 0.023533741012216
85 0.12349005043507 0.10154690593481 0.021943150088191
86 0.12428355962038 0.1039627790451 0.020320780575275
87 0.12556649744511 0.1064120978117 0.019154399633408
88 0.12703961133957 0.10889513045549 0.01814447529614
89 0.12869045138359 0.11141213774681 0.017278309911489
90 0.13050596415997 0.11396355926991 0.01654240489006
91 0.13248243927956 0.11654999107122 0.015932446345687
92 0.1346091479063 0.11917243152857 0.015436724759638
93 0.13695818185806 0.12183278799057 0.015125392004848
94 0.13958829641342 0.12453554570675 0.015052745118737
95 0.14192123711109 0.1272928416729 0.014628400094807
96 0.14557884633541 0.13013176620007 0.015447084791958
97 0.147515848279 0.13297599554062 0.014539855532348
98 0.15028409659863 0.13570436835289 0.014579731039703
99 0.15339744091034 0.13852071762085 0.014876725152135
100 0.15682624280453 0.14143688976765 0.015389352105558
101 0.15871725976467 0.14437113702297 0.014346129260957
102 0.16276654601097 0.1473486572504 0.015417884103954
103 0.1665198802948 0.1503674685955 0.016152411699295
104 0.17105783522129 0.15342707931995 0.017630748450756
105 0.17577970027924 0.15652766823769 0.019252024590969
106 0.18113321065903 0.15966971218586 0.021463505923748
107 0.18716077506542 0.16285395622253 0.024306822568178
108 0.19409249722958 0.1660812497139 0.028011258691549
109 0.2023885846138 0.16935268044472 0.033035904169083
110 0.21258720755577 0.1726695895195 0.039917625486851
111 0.22904771566391 0.17603369057178 0.053014028817415
112 0.24147525429726 0.17944727838039 0.062027972191572
113 0.26562026143074 0.18291367590427 0.082706578075886
114 0.30380746722221 0.18643806874752 0.11736939102411
115 0.37455868721008 0.19002929329872 0.18452939391136
116 0.51270824670792 0.19370399415493 0.31900426745415
117 0.89079123735428 0.1974962502718 0.69329500198364
118 2.4130382537842 0.20147641003132 2.2115619182587
119 5.5683093070984 0.20574337244034 5.3625659942627
120 1.3757716417313 0.21006202697754 1.1657096147537
121 0.67110729217529 0.21353453397751 0.45757278800011
122 0.45520889759064 0.21691381931305 0.23829509317875
123 0.36729234457016 0.22057867050171 0.14671367406845
124 0.33562219142914 0.22445407509804 0.1111681163311
125 0.30369248986244 0.2284698933363 0.075222611427307
126 0.28957691788673 0.23259204626083 0.056984875351191
127 0.28208908438683 0.2368076890707 0.045281376689672
128 0.27921083569527 0.24111068248749 0.03810016065836
129 0.27734372019768 0.2454999089241 0.031843792647123
130 0.27749332785606 0.24997614324093 0.027517164126039
131 0.27933767437935 0.25454312562943 0.024794572964311
132 0.28108131885529 0.25920391082764 0.021877398714423
133 0.28392150998116 0.26396304368973 0.019958447664976
134 0.28707891702652 0.26882579922676 0.018253123387694
135 0.29076132178307 0.27379813790321 0.016963163390756
136 0.29489806294441 0.27888685464859 0.016011223196983
137 0.30045625567436 0.28409945964813 0.016356790438294
138 0.30360880494118 0.28944453597069 0.014164258725941
139 0.30848914384842 0.29493156075478 0.013557576574385
140 0.31369489431381 0.30057126283646 0.013123625889421
141 0.31946638226509 0.30637559294701 0.013090784661472
142 0.33245873451233 0.31235811114311 0.020100645720959
143 0.33136379718781 0.31853401660919 0.012829774059355
144 0.33686190843582 0.32492044568062 0.011941488832235
145 0.34886786341667 0.33153727650642 0.017330585047603
146 0.34957003593445 0.33840665221214 0.011163395829499
147 0.35646539926529 0.34555399417877 0.010911403223872
148 0.36392688751221 0.35300844907761 0.010918435640633
149 0.37249025702477 0.36080351471901 0.01168674044311
150 0.37983494997025 0.36896812915802 0.010866807773709
151 0.38869604468346 0.37756714224815 0.011128883808851
152 0.3969986140728 0.38664248585701 0.010356138460338
153 0.40660777688026 0.39625516533852 0.010352618992329
154 0.42191538214684 0.40647691488266 0.015438458882272
155 0.42748385667801 0.41739255189896 0.010091315954924
156 0.43932470679283 0.42910265922546 0.010222049430013
157 0.45153304934502 0.44172754883766 9.8054828122258E-03
158 0.46513217687607 0.45541188120842 9.7202872857451E-03
159 0.48002433776855 0.47033074498177 9.6935983747244E-03
160 0.49635949730873 0.48669770359993 9.6618020907044E-03
161 0.51442331075668 0.50477528572083 9.6480315551162E-03
162 0.53459411859512 0.52488899230957 9.7051383927464E-03
163 0.5572270154953 0.54744613170624 9.780865162611E-03
164 0.58329927921295 0.5729803442955 0.010318982414901
165 0.62353384494781 0.60211259126663 0.021421240642667
166 0.64806473255157 0.63571298122406 0.012351743876934
167 0.68525326251984 0.67489832639694 0.010354932397604
168 0.73099035024643 0.72115510702133 9.8352506756783E-03
169 0.7862212061882 0.77649462223053 9.7265467047691E-03
170 0.8534243106842 0.84369015693665 9.7341034561396E-03
171 0.93647837638855 0.92664563655853 9.8327305167913E-03
172 1.0408356189728 1.0309886932373 9.8469741642475E-03
173 1.1751530170441 1.1650545597076 0.010098541155457
174 1.3518401384354 1.3415789604187 0.010261075571179
175 1.5926824808121 1.5807353258133 0.011947102844715
176 1.9273318052292 1.9158436059952 0.011488155461848
177 2.4150977134705 2.4046874046326 0.010410289280117
178 3.1633224487305 3.153267621994 0.010054729878902
179 4.3785800933838 4.3685526847839 0.010027043521404
180 6.4909648895264 6.4797191619873 0.0112459436059
181 10.40710735321 10.397024154663 0.010083744302392
182 17.742904663086 17.732692718506 0.010211781598628
183 28.040910720825 28.030294418335 0.010616292245686
184 24.619052886963 24.604787826538 0.014263335615396
185 14.991256713867 14.977515220642 0.013741562142968
186 9.1399202346802 9.1293182373047 0.010602723807096
187 6.00661277771 5.9960641860962 0.010548246093094
188 4.2595620155334 4.2492337226868 0.010328580625355
189 3.2186207771301 3.2082347869873 0.010385979898274
190 2.5588052272797 2.5483634471893 0.010441796854138
191 2.1187810897827 2.1082346439362 0.010546530596912
192 1.8136394023895 1.8029000759125 0.010739343240857
193 1.5972430706024 1.5854173898697 0.011825693771243
194 1.4375294446945 1.4259736537933 0.01155580766499
195 1.3123140335083 1.2969360351563 0.015377985313535
196 1.2096905708313 1.1968876123428 0.01280299667269
197 1.1312190294266 1.1198970079422 0.011322037316859
198 1.0710390806198 1.0599716901779 0.011067349463701
199 1.0249792337418 1.0133501291275 0.011629150249064
200 0.99001234769821 0.97814649343491 0.01186584122479
201 0.96876323223114 0.95463651418686 0.014126709662378
202 0.95808678865433 0.9465200304985 0.011566764675081
203 0.96775579452515 0.95633214712143 0.011423652991652
204 0.94433861970901 0.93313944339752 0.011199150234461
205 0.90024727582932 0.88891667127609 0.011330598965287
206 0.87406075000763 0.86076611280441 0.013294656760991
207 0.85491216182709 0.84312164783478 0.01179052144289
208 0.84410226345062 0.83116406202316 0.01293823774904
209 0.83767718076706 0.82267189025879 0.01500532310456
210 0.82868844270706 0.81627690792084 0.012411558069289
211 0.82623338699341 0.81168061494827 0.014552774839103
212 0.82035541534424 0.80849993228912 0.01185552123934
213 0.81838858127594 0.80646395683289 0.011924612335861
214 0.81781315803528 0.80538654327393 0.012426603585482
215 0.83832228183746 0.80513149499893 0.033190775662661
216 0.81786769628525 0.80559343099594 0.01227427367121
217 0.81879848241806 0.80668741464615 0.012111066840589
218 0.82062596082687 0.8083438873291 0.012282054871321
219 0.82265967130661 0.81050455570221 0.012155130505562
220 0.82533103227615 0.81312024593353 0.012210794724524
221 0.82847625017166 0.81614887714386 0.012327367439866
222 0.832035779953 0.81957066059113 0.012465158477426
223 0.83600306510925 0.82332211732864 0.012680954299867
224 0.83989059925079 0.82683885097504 0.013051744550467
225 0.84533315896988 0.83124983310699 0.014083312824368
226 0.86043149232864 0.83593010902405 0.024501368403435
227 0.8553838133812 0.84086310863495 0.014520742930472
228 0.85976040363312 0.84603524208069 0.013725148513913
229 0.86574047803879 0.85143709182739 0.014303421601653
230 0.87215310335159 0.85706758499146 0.015085503458977
231 0.88626176118851 0.86295038461685 0.023311417549849
232 0.88604086637497 0.86919158697128 0.016849279403687
233 0.89570188522339 0.87572473287582 0.019977128133178
234 0.92977422475815 0.88170611858368 0.048068109899759
235 0.91055279970169 0.88796848058701 0.022584307938814
236 0.91621565818787 0.89453947544098 0.021676195785403
237 0.94338780641556 0.90131229162216 0.042075507342815
238 0.92610287666321 0.90825188159943 0.017850963398814
239 0.96921980381012 0.91534411907196 0.053875736892223
240 0.93865478038788 0.92258071899414 0.016074046492577
241 0.94612973928452 0.92995744943619 0.016172321513295
242 0.96305972337723 0.93746995925903 0.025589779019356
243 0.96930068731308 0.94511538743973 0.024185284972191
244 0.97395604848862 0.95289134979248 0.021064665168524
245 0.97653692960739 0.9607954621315 0.01574144884944
246 0.98408198356628 0.96882617473602 0.015255785547197
247 0.99383097887039 0.97698223590851 0.016848793253303
248 1.0215284824371 0.98526245355606 0.036266051232815
249 1.015555024147 0.9936660528183 0.021888894960284
250 1.0281656980515 1.0021926164627 0.025973094627261
251 1.031366109848 1.0108416080475 0.02052447758615
252 1.0356909036636 1.0196132659912 0.016077686101198
253 1.0440063476563 1.0285073518753 0.015498954802752
254 1.0527795553207 1.0375245809555 0.015254960395396
255 1.0618829727173 1.0466653108597 0.015217679552734
256 1.0712348222733 1.0559303760529 0.015304429456592
257 1.0812023878098 1.0653207302094 0.015881605446339
258 1.0950788259506 1.0748376846313 0.020241102203727
259 1.1101635694504 1.084482550621 0.025680981576443
260 1.1105649471283 1.0942569971085 0.016307853162289
261 1.1203545331955 1.1041629314423 0.016191525384784
262 1.1311854124069 1.1142010688782 0.016984347254038
263 1.1492640972137 1.1243765354156 0.024887569248676
264 1.1555339097977 1.1347255706787 0.020808320492506
265 1.1693530082703 1.1451811790466 0.024171881377697
266 1.1728335618973 1.1557811498642 0.0170524045825
267 1.1913058757782 1.1665291786194 0.024776626378298
268 1.1948555707932 1.177431344986 0.017424257472157
269 1.2051608562469 1.1884871721268 0.016673700883985
270 1.2163747549057 1.1997038125992 0.016670886427164
271 1.2287900447845 1.2110869884491 0.017703022807837
272 1.2410182952881 1.2226461172104 0.018372258171439
273 1.3021123409271 1.2343943119049 0.067717991769314
274 1.2674921751022 1.2462912797928 0.021200919523835
275 1.2794626951218 1.2583804130554 0.021082310006022
276 1.292160153389 1.2706756591797 0.021484479308128
277 1.3133770227432 1.2831789255142 0.03019817173481
278 1.3142533302307 1.2958978414536 0.018355494365096
279 1.3278554677963 1.3088421821594 0.01901326328516
280 1.3403718471527 1.3220231533051 0.018348665907979
281 1.3562191724777 1.335452914238 0.02076630666852
282 1.3671635389328 1.3491415977478 0.01802191324532
283 1.3844966888428 1.3631112575531 0.021385379135609
284 1.395942568779 1.3773752450943 0.018567366525531
285 1.4120415449142 1.3919521570206 0.020089339464903
286 1.4744436740875 1.4068688154221 0.067574813961983
287 1.4458243846893 1.4221379756927 0.023686395958066
288 1.4591841697693 1.437791466713 0.021392690017819
289 1.5539002418518 1.4538594484329 0.10004077106714
290 1.49034678936 1.4703766107559 0.019970221444964
291 1.5135456323624 1.4873824119568 0.026163298636675
292 1.5246586799622 1.5049239397049 0.019734801724553
293 1.5553897619247 1.5230610370636 0.032328758388758
294 1.5622618198395 1.5419108867645 0.020350906997919
295 1.5811697244644 1.5614916086197 0.019678192213178
296 1.601477265358 1.5816189050674 0.019858364015818
297 1.6242752075195 1.6027094125748 0.021565737202764
298 1.6511607170105 1.6248540878296 0.026306657120585
299 1.6746596097946 1.6481248140335 0.026534711942077
300 1.6973690986633 1.6726145744324 0.024754570797086
301 1.7305420637131 1.6986088752747 0.031933270394802
302 1.7582792043686 1.726460814476 0.031818423420191
303 1.7970414161682 1.7561626434326 0.040878817439079
304 1.8099843263626 1.7882022857666 0.021782102063298
305 1.8437134027481 1.823017001152 0.020696440711617
306 1.8811920881271 1.8611600399017 0.020032031461596
307 1.9234627485275 1.9033389091492 0.020123852416873
308 1.9707446098328 1.9504712820053 0.020273312926292
309 2.0244898796082 2.0037641525269 0.020725760608912
310 2.0957388877869 2.0648305416107 0.030908217653632
311 2.1568458080292 2.1358680725098 0.020977675914764
312 2.2407846450806 2.2199306488037 0.020854050293565
313 2.3425829410553 2.3213667869568 0.02121633477509
314 2.4684164524078 2.4465410709381 0.02187548391521
315 2.6294620037079 2.6050746440887 0.024387529119849
316 2.8491318225861 2.8121087551117 0.037023164331913
317 3.1220965385437 3.0926349163055 0.029461767524481
318 3.5133459568024 3.4905996322632 0.02274621091783
319 4.1129579544067 4.0893182754517 0.023639583960176
320 5.0821270942688 5.054515838623 0.027611287310719
321 6.6476850509644 6.6246461868286 0.023038925603032
322 8.9238386154175 8.9015407562256 0.02229799516499
323 13.331174850464 13.308436393738 0.022738721221685
324 22.17831993103 22.154764175415 0.023555664345622
325 33.745166778564 33.720062255859 0.025102201849222
326 26.160911560059 26.129825592041 0.031084954738617
327 15.74467754364 15.653533935547 0.091143898665905
328 10.018550872803 9.9910249710083 0.027526373043656
329 7.1272006034851 7.102635383606 0.024565240368247
330 5.5544104576111 5.5309686660767 0.023441933095455
331 4.6348786354065 4.6106457710266 0.024233277887106
332 4.0665006637573 4.0380592346191 0.028441295027733
333 3.7174971103668 3.6652228832245 0.052274122834206
334 3.4399390220642 3.4147083759308 0.025230698287487
335 3.2707891464233 3.2435081005096 0.027281180024147
336 3.1501243114471 3.1258299350739 0.024294355884194
337 3.0668654441833 3.0427675247192 0.024097871035337
338 3.0095601081848 2.9854471683502 0.024112965911627
339 2.9736063480377 2.9492967128754 0.02430964820087
340 2.9542057514191 2.9296267032623 0.024579228833318
341 2.9478206634521 2.9228982925415 0.024922359734774
342 2.9521374702454 2.9263570308685 0.025780415162444
343 2.9728899002075 2.9394099712372 0.033479861915112
344 2.9879155158997 2.9604513645172 0.027464088052511
345 3.0220847129822 2.9887506961823 0.033334154635668
346 3.0521068572998 3.0238754749298 0.028231348842382
347 3.0928554534912 3.0656151771545 0.027240078896284
348 3.1412115097046 3.1139447689056 0.027266712859273
349 3.1970317363739 3.1690111160278 0.028020590543747
350 3.2608342170715 3.231124162674 0.029710037633777
351 3.334876537323 3.3007576465607 0.034118808805943
352 3.4298167228699 3.3785610198975 0.051255870610476
353 3.5191009044647 3.4653778076172 0.053723067045212
354 3.5946805477142 3.5622355937958 0.032444998621941
355 3.7658421993256 3.670551776886 0.09529036283493
356 3.8247013092041 3.7919404506683 0.032760966569185
357 3.9655790328979 3.9284567832947 0.037122152745724
358 4.1378421783447 4.082658290863 0.055183943361044
359 4.3565254211426 4.2577404975891 0.098785206675529
360 4.4992451667786 4.4577250480652 0.04152000695467
361 4.7281503677368 4.687716960907 0.040433533489704
362 4.9978842735291 4.9542593955994 0.043624710291624
363 5.3183941841125 5.265839099884 0.052555043250322
364 5.7077326774597 5.6336064338684 0.074126459658146
365 6.1592221260071 6.0724301338196 0.086791798472404
366 6.7201142311096 6.6024560928345 0.11765799671412
367 7.4959754943848 7.2515783309937 0.24439708888531
368 8.7959442138672 8.0591049194336 0.73683929443359
369 9.8280992507935 9.081919670105 0.74617993831635
370 10.635414123535 10.40463924408 0.2307750582695
371 12.364898681641 12.157270431519 0.20762848854065
372 14.625491142273 14.547218322754 0.0782720297575
373 17.980827331543 17.92031288147 0.060515116900206
374 22.936906814575 22.883926391602 0.052981667220592
375 30.647773742676 30.571752548218 0.076022297143936
376 43.307525634766 43.251857757568 0.055669035762548
377 65.846397399902 65.793930053711 0.052468772977591
378 109.10314178467 109.04553222656 0.057614803314209
379 193.34059143066 193.29487609863 0.045724637806416
380 308.37194824219 308.33538818359 0.036555528640747
381 242.44772338867 242.41220092773 0.035519581288099
382 138.8706817627 138.83555603027 0.035122763365507
383 82.031005859375 81.996284484863 0.034718845039606
384 52.854549407959 52.819816589355 0.034733142703772
385 36.908374786377 36.87329864502 0.035077445209026
386 27.49439239502 27.458196640015 0.036195889115334
387 21.545841217041 21.489347457886 0.056493826210499
388 17.58487701416 17.54786491394 0.037013173103333
389 14.925230026245 14.889058113098 0.036171555519104
390 13.1215467453 13.085420608521 0.036126296967268
391 11.658381462097 11.621068000793 0.037313718348742
392 10.328400611877 10.285639762878 0.04276018217206
393 9.3210973739624 9.2685098648071 0.052587818354368
394 8.5415954589844 8.5022525787354 0.039342608302832
395 7.9603590965271 7.9106121063232 0.049747213721275
396 7.4858613014221 7.4421815872192 0.043679729104042
397 7.1439409255981 7.0681290626526 0.07581203430891
398 6.8080892562866 6.7651348114014 0.042954843491316
399 6.5640749931335 6.518162727356 0.04591216519475
400 6.4095945358276 6.3162422180176 0.093352548778057
401 6.2403564453125 6.1511526107788 0.089203648269176
402 6.1251230239868 6.0166273117065 0.10849602520466
403 5.9775214195251 5.9078087806702 0.069712519645691
404 5.8747396469116 5.8208932876587 0.053846515715122
405 5.8041291236877 5.7528738975525 0.051255352795124
406 5.7527418136597 5.7013621330261 0.05137998983264
407 5.7193899154663 5.6644539833069 0.054935969412327
408 5.7180552482605 5.6406865119934 0.077368699014187
409 5.6939334869385 5.6287579536438 0.065175548195839
410 5.6851658821106 5.6225256919861 0.062640279531479
411 5.6990313529968 5.6322584152222 0.066772915422916
412 5.7250461578369 5.6516394615173 0.073406487703323
413 5.8105835914612 5.6803307533264 0.13025268912315
414 5.8500227928162 5.7181496620178 0.13187336921692
415 5.8755249977112 5.7650661468506 0.11045905947685
416 5.9390926361084 5.8207802772522 0.11831237375736
417 6.0272116661072 5.8864369392395 0.14077493548393
418 6.1359047889709 5.9620361328125 0.17386867105961
419 6.2748675346375 6.0482172966003 0.22665022313595
420 6.4611749649048 6.1457524299622 0.3154225051403
421 6.7346444129944 6.2559461593628 0.47869816422462
422 7.195873260498 6.3801560401917 0.81571763753891
423 8.2447700500488 6.5202541351318 1.7245154380798
424 11.880462646484 6.6787042617798 5.2017579078674
425 19.846817016602 6.8582901954651 12.988526344299
426 10.006445884705 7.0627746582031 2.9436709880829
427 8.5089359283447 7.2978658676147 1.2110694646835
428 8.2147922515869 7.5704784393311 0.64431363344193
429 8.3188934326172 7.8902564048767 0.4286367893219
430 8.5663843154907 8.2709474563599 0.29543653130531
431 8.9496402740479 8.7328834533691 0.21675750613213
432 9.4753732681274 9.3078365325928 0.16753666102886
433 10.187147140503 10.048725128174 0.13842134177685
434 11.171154975891 11.052632331848 0.11852208524942
435 12.625014305115 12.520723342896 0.10429130494595
436 15.032272338867 14.937390327454 0.094882674515247
437 19.565748214722 19.467367172241 0.098380111157894
438 27.287572860718 27.200084686279 0.087487772107124
439 39.710033416748 39.632461547852 0.077569045126438
440 34.142742156982 34.068641662598 0.074099361896515
441 29.738250732422 29.635808944702 0.10244213789701
442 32.663391113281 32.550594329834 0.11279497295618
443 41.308959960938 41.243209838867 0.065750479698181
444 52.061534881592 52.00133895874 0.060194790363312
445 75.162612915039 75.097183227539 0.065430887043476
446 124.42461395264 124.34848022461 0.076130695641041
447 225.0152130127 224.95460510254 0.060608699917793
448 339.23236083984 339.17248535156 0.059859413653612
449 227.16401672363 227.03596496582 0.12805433571339
450 126.15624237061 126.10043334961 0.055810160934925
451 75.827949523926 75.771423339844 0.056522868573666
452 50.683502197266 50.618648529053 0.06485553830862
453 36.99490737915 36.938236236572 0.056672129780054
454 28.920175552368 28.866775512695 0.053400047123432
455 23.837430953979 23.783218383789 0.054211642593145
456 20.469165802002 20.417192459106 0.051973976194859
457 18.171401977539 18.103809356689 0.067593574523926
458 16.527055740356 16.471635818481 0.055419269949198
459 15.353406906128 15.301941871643 0.051465138792992
460 14.515933036804 14.463386535645 0.052546571940184
461 13.924600601196 13.867587089539 0.057013064622879
462 13.533517837524 13.464782714844 0.068735219538212
463 13.329935073853 13.219278335571 0.11065702885389
464 13.194478034973 13.109563827515 0.08491413295269
465 13.208847045898 13.150501251221 0.058345280587673
466 13.439157485962 13.374691009521 0.064466297626495
467 13.944020271301 13.862579345703 0.081441126763821
468 14.910192489624 14.81428527832 0.095906510949135
469 16.863626480103 16.746978759766 0.11664628982544
470 20.892082214355 20.814022064209 0.078060030937195
471 25.961095809937 25.596200942993 0.36489561200142
472 25.011072158813 24.940782546997 0.070289708673954
473 29.816711425781 29.656816482544 0.15989477932453
474 43.780937194824 43.712493896484 0.068440973758698
475 50.22728729248 50.155590057373 0.071699902415276
476 33.389453887939 33.048889160156 0.34056550264359
477 23.448181152344 23.356809616089 0.091372668743134
478 19.143423080444 19.058921813965 0.084502004086971
479 17.146089553833 17.051391601563 0.094698905944824
480 16.230567932129 16.071546554565 0.15902145206928
481 15.818212509155 15.615203857422 0.20300869643688
482 15.631113052368 15.466124534607 0.16498890519142
483 15.731511116028 15.532114028931 0.19939659535885
484 16.088676452637 15.795908927917 0.29276740550995
485 16.821781158447 16.298147201538 0.52363431453705
486 18.458847045898 17.20859336853 1.250254034996
487 24.350625991821 18.929052352905 5.421573638916
488 24.076719284058 21.772132873535 2.3045871257782
489 22.84580039978 22.061567306519 0.78423154354095
490 20.247039794922 19.857351303101 0.38968858122826
491 18.997127532959 18.755390167236 0.24173630774021
492 18.606884002686 18.434038162231 0.17284701764584
493 18.620517730713 18.487134933472 0.1333821117878
494 18.843324661255 18.73215675354 0.11116939038038
495 19.189847946167 19.090614318848 0.099233016371727
496 19.650461196899 19.526924133301 0.12353830784559
497 20.162784576416 20.024478912354 0.13830465078354
498 20.660768508911 20.576347351074 0.084421463310719
499 21.275501251221 21.179876327515 0.095625475049019
500 21.914173126221 21.841129302979 0.073042392730713
501 22.651203155518 22.580160140991 0.071043536067009
502 23.537771224976 23.463689804077 0.074082471430302
503 24.766603469849 24.698551177979 0.068052895367146
504 25.732587814331 25.670785903931 0.061802729964256
505 26.168888092041 26.105550765991 0.063338108360767
506 26.833417892456 26.773191452026 0.060226384550333
507 27.745332717896 27.677717208862 0.067615129053593
508 28.816804885864 28.703216552734 0.11358850449324
509 29.888053894043 29.803745269775 0.08431002497673
510 31.052127838135 30.994373321533 0.057756081223488
511 32.33109664917 32.275733947754 0.05536375194788
512 33.709335327148 33.654693603516 0.054640650749207
513 35.185390472412 35.131195068359 0.054198250174522
514 36.772994995117 36.717918395996 0.055075611919165
515 38.553680419922 38.424961090088 0.12872087955475
516 40.321250915527 40.264514923096 0.056732445955276
517 42.315029144287 42.244781494141 0.070248208940029
518 44.449413299561 44.388202667236 0.061209205538034
519 46.780544281006 46.718654632568 0.061889089643955
520 49.439682006836 49.264492034912 0.17518930137157
521 52.028228759766 51.958492279053 0.069739557802677
522 55.099925994873 54.897731781006 0.20219387114048
523 58.23600769043 58.123497009277 0.11250987648964
524 61.724895477295 61.65934753418 0.065546117722988
525 65.60009765625 65.54207611084 0.058023247867823
526 69.865119934082 69.807540893555 0.057578448206186
527 74.580200195312 74.514633178711 0.065567225217819
528 79.784774780273 79.725715637207 0.059057638049126
529 85.571655273438 85.513259887695 0.05839654058218
530 92.023147583008 91.964912414551 0.058235958218575
531 99.253677368164 99.188354492188 0.065325208008289
532 107.35227966309 107.29816436768 0.054113291203976
533 116.49599456787 116.4407119751 0.055282492190599
534 127.51933288574 127.44960021973 0.069731146097183
535 139.45484924316 139.39515686035 0.059683982282877
536 153.18035888672 153.12019348145 0.060165099799633
537 169.05575561523 168.99966430664 0.056093793362379
538 187.46031188965 187.40365600586 0.056654620915651
539 209.04103088379 208.96983337402 0.071195259690285
540 234.59390258789 234.53082275391 0.063076436519623
541 265.17059326172 265.1125793457 0.058015525341034
542 302.18090820312 302.12493896484 0.055949445813894
543 347.60140991211 347.5442199707 0.057183127850294
544 404.28375244141 404.22369384766 0.060065478086472
545 476.53109741211 476.42291259766 0.10817494988441
546 570.55303955078 570.49566650391 0.057336002588272
547 693.98254394531 693.92602539062 0.056529670953751
548 852.10430908203 852.04675292969 0.057556115090847
549 1.0491442871094E+03 1.0490621337891E+03 0.082105547189713
550 1.3364012451172E+03 1.3363366699219E+03 0.064558580517769
551 1.76963671875E+03 1.7692211914062E+03 0.41557046771049
552 2.4450031738281E+03 2.4449309082031E+03 0.072171181440353
553 3.5539448242187E+03 3.553876953125E+03 0.068031348288059
554 5.496466796875E+03 5.4964072265625E+03 0.059426415711641
555 9.0484931640625E+03 9.0484345703125E+03 0.058257628232241
556 1.510547265625E+04 1.5105415039062E+04 0.05786132439971
557 2.0279126953125E+04 2.0279064453125E+04 0.061223905533552
558 1.431067578125E+04 1.4310614257812E+04 0.061547104269266
559 8.590423828125E+03 8.590359375E+03 0.063939772546291
560 5.2893310546875E+03 5.289263671875E+03 0.067079678177834
561 3.46840625E+03 3.4683466796875E+03 0.05959291011095
562 2.4145E+03 2.4144409179687E+03 0.059007745236158
563 1.7656821289063E+03 1.76562109375E+03 0.060991823673248
564 1.3431232910156E+03 1.3430599365234E+03 0.063390582799911
565 1.0545234375E+03 1.0544515380859E+03 0.071891032159328
566 849.52941894531 849.39172363281 0.13768655061722
567 698.98895263672 698.82855224609 0.16040572524071
568 585.26867675781 585.19299316406 0.075662240386009
569 497.47790527344 497.40661621094 0.071294844150543
570 428.38296508789 428.22579956055 0.15717667341232
571 373.73123168945 372.76309204102 0.96815037727356
572 327.70111083984 327.62902832031 0.072082571685314
573 290.52432250977 290.41580200195 0.10849894583225
574 259.25051879883 259.17926025391 0.071270801126957
575 233.10612487793 233.0350189209 0.071101762354374
576 210.88046264648 210.79992675781 0.080535173416138
577 191.81913757324 191.73315429688 0.085976995527744
578 175.33493041992 175.25985717773 0.07508085668087
579 160.99395751953 160.92701721191 0.066942781209946
580 148.4467010498 148.38256835938 0.06412835419178
581 137.40910339355 137.34146118164 0.067636519670486
582 127.68881988525 127.54409790039 0.14472453296185
583 118.94073486328 118.86176300049 0.078974388539791
584 111.17597198486 111.10948944092 0.066485092043877
585 104.22253417969 104.15960693359 0.06293011456728
586 97.967552185059 97.905776977539 0.061777133494616
587 92.320938110352 92.258811950684 0.06212617084384
588 87.206161499023 87.143569946289 0.062596797943115
589 82.563781738281 82.496353149414 0.067429333925247
590 78.333953857422 78.262969970703 0.070985905826092
591 74.545753479004 74.397186279297 0.14856907725334
592 70.932083129883 70.859657287598 0.072423011064529
593 67.696868896484 67.617492675781 0.079372987151146
594 64.713005065918 64.644012451172 0.068992041051388
595 62.083515167236 61.904479980469 0.17903673648834
596 59.420417785645 59.353210449219 0.067210473120213
597 57.076358795166 57.011222839355 0.065138570964336
598 54.917240142822 54.852481842041 0.064757831394672
599 52.926273345947 52.860160827637 0.066114492714405
600 51.091144561768 51.021144866943 0.069997861981392
