1 3.8133873604238E-03 6.6244365370949E-06 3.8067628629506E-03
2 4.1056713089347E-03 2.6626352337189E-05 4.0790447965264E-03
3 4.2197899892926E-03 6.0447247960838E-05 4.1593429632485E-03
4 4.3264967389405E-03 1.0906211537076E-04 4.2174346745014E-03
5 4.4514075852931E-03 1.742255553836E-04 4.277182277292E-03
6 4.6000885777175E-03 2.5521207135171E-04 4.3448763899505E-03
7 4.7728773206472E-03 3.4987559774891E-04 4.423001781106E-03
8 4.9773994833231E-03 4.6430612565018E-04 4.5130932703614E-03
9 5.2222227677703E-03 6.0272880364209E-04 4.6194940805435E-03
10 5.509733222425E-03 7.7008298831061E-04 4.7396500594914E-03
11 5.8632357977331E-03 9.7392115276307E-04 4.8893145285547E-03
12 6.2344847247005E-03 1.2267228448763E-03 5.0077619962394E-03
13 6.7149940878153E-03 1.5463419258595E-03 5.1686521619558E-03
14 7.3079653084278E-03 1.9599078223109E-03 5.3480579517782E-03
15 8.0764917656779E-03 2.5176501367241E-03 5.5588418617845E-03
16 9.0877963230014E-03 3.3171107061207E-03 5.7706851512194E-03
17 0.010539463721216 4.5385546982288E-03 6.0009090229869E-03
18 0.012820024043322 6.5539884380996E-03 6.2660351395607E-03
19 0.016746558248997 0.010193062014878 6.5534953027964E-03
20 0.02426627650857 0.017397951334715 6.8683256395161E-03
21 0.039380248636007 0.032166477292776 7.2137699462473E-03
22 0.062034592032433 0.054441656917334 7.5929365120828E-03
23 0.056900929659605 0.048889514058828 8.0114156007767E-03
24 0.040186315774918 0.031711615622044 8.4747020155191E-03
25 0.030287271365523 0.021311778575182 8.9754918590188E-03
26 0.025293665006757 0.015772754326463 9.5209116116166E-03
27 0.022852838039398 0.012727417051792 0.010125421918929
28 0.021773487329483 0.010973659344018 0.010799827985466
29 0.021596314385533 9.935655631125E-03 0.011660658754408
30 0.021937491372228 9.3232141807675E-03 0.012614278122783
31 0.022282240912318 8.9802835136652E-03 0.01330195646733
32 0.023127119988203 8.8176755234599E-03 0.014309443533421
33 0.024239940568805 8.781629614532E-03 0.015458310954273
34 0.025516487658024 8.8382316753268E-03 0.016678255051374
35 0.027105677872896 8.9652370661497E-03 0.018140440806746
36 0.028541853651404 9.1482866555452E-03 0.019393566995859
37 0.030359290540218 9.3754390254617E-03 0.020983852446079
38 0.032457500696182 9.6405297517776E-03 0.022816970944405
39 0.035155490040779 9.9367592483759E-03 0.025218730792403
40 0.038581948727369 0.010260726325214 0.028321223333478
41 0.0423140861094 0.010609130375087 0.03170495480299
42 0.048186138272285 0.010979661718011 0.03720647841692
43 0.053647562861443 0.011370451189578 0.042277112603188
44 0.060535371303558 0.011779729276896 0.048755642026663
45 0.068550169467926 0.012206909246743 0.056343261152506
46 0.078544437885284 0.01265074685216 0.065893694758415
47 0.091256231069565 0.01311047654599 0.078145757317543
48 0.10795176774263 0.01358547154814 0.094366297125816
49 0.13076055049896 0.014075223356485 0.11668532341719
50 0.16418226063251 0.014579310081899 0.14960296452045
51 0.2215970903635 0.015097391791642 0.20649971067905
52 0.34893321990967 0.015629189088941 0.33330404758453
53 0.68915116786957 0.016174482181668 0.67297667264938
54 1.6255769729614 0.016733100637794 1.6088439226151
55 3.8373303413391 0.017304928973317 3.8200254440308
56 8.876914024353 0.017889901995659 8.8590240478516
57 18.423191070557 0.018488023430109 18.404703140259
58 18.532985687256 0.019099473953247 18.513885498047
59 22.726301193237 0.019724309444427 22.706577301025
60 23.631286621094 0.020363030955195 23.61092376709
61 24.296049118042 0.02101643756032 24.275032043457
62 21.627824783325 0.021686183288693 21.60613822937
63 24.106698989868 0.022374903783202 24.084323883057
64 6.9994740486145 0.023088868707418 6.9763851165771
65 2.8892138004303 0.023841429501772 2.8653721809387
66 1.1855303049088 0.024660794064403 1.1608694791794
67 0.54615527391434 0.025574438273907 0.52058082818985
68 0.31552040576935 0.02641849219799 0.2891018986702
69 0.22190870344639 0.026987042278051 0.19492165744305
70 0.17414921522141 0.027584413066506 0.14656479656696
71 0.14475779235363 0.028264872729778 0.11649292707443
72 0.12442290782928 0.028997868299484 0.0954250395298
73 0.10967126488686 0.029763251543045 0.079908013343811
74 0.098657391965389 0.030551701784134 0.068105690181255
75 0.090302392840385 0.031358111649752 0.058944281190634
76 0.083926118910313 0.032180160284042 0.051745962351561
77 0.078791320323944 0.033017095178366 0.045774225145578
78 0.074453346431255 0.033867940306664 0.040585409849882
79 0.071441732347012 0.034732285887003 0.036709446460009
80 0.068548254668713 0.035609908401966 0.032938342541456
81 0.06653206050396 0.036500673741102 0.030031390488148
82 0.064921297132969 0.037404518574476 0.027516776695848
83 0.063698008656502 0.038321428000927 0.025376580655575
84 0.062785148620605 0.039251413196325 0.023533741012216
85 0.06213765591383 0.040194503962994 0.021943150088191
86 0.061471540480852 0.041150759905577 0.020320780575275
87 0.061274655163288 0.042120255529881 0.019154399633408
88 0.061247568577528 0.043103095144033 0.01814447529614
89 0.061377692967653 0.044099383056164 0.017278309911489
90 0.061651695519686 0.045109290629625 0.01654240489006
91 0.062065504491329 0.046133056282997 0.015932446345687
92 0.062607802450657 0.047171074897051 0.015436724759638
93 0.063349492847919 0.048224102705717 0.015125392004848
94 0.06434665620327 0.049293912947178 0.015052745118737
95 0.065013714134693 0.050385314971209 0.014628400094807
96 0.066956102848053 0.051509022712708 0.015447084791958
97 0.067174687981606 0.052634831517935 0.014539855532348
98 0.068294510245323 0.053714781999588 0.014579731039703
99 0.069706283509731 0.054829556494951 0.014876725152135
100 0.0713731944561 0.05598383769393 0.015389352105558
101 0.071491412818432 0.057145278900862 0.014346129260957
102 0.073741734027863 0.058323848992586 0.015417884103954
103 0.075671173632145 0.05951875820756 0.016152411699295
104 0.078360572457314 0.060729820281267 0.017630748450756
105 0.081209130585194 0.061957105994225 0.019252024590969
106 0.084664300084114 0.063200794160366 0.021463505923748
107 0.088768005371094 0.064461186528206 0.024306822568178
108 0.09374988079071 0.065738618373871 0.028011258691549
109 0.10006942600012 0.067033521831036 0.033035904169083
110 0.10826405882835 0.068346433341503 0.039917625486851
111 0.12269204109907 0.069678016006947 0.053014028817415
112 0.13305716216564 0.07102919369936 0.062027972191572
113 0.15510784089565 0.072401270270348 0.082706578075886
114 0.19116568565369 0.073796302080154 0.11736939102411
115 0.25974717736244 0.07521778345108 0.18452939391136
116 0.39567658305168 0.076672315597534 0.31900426745415
117 0.77146834135056 0.078173369169235 0.69329500198364
118 2.2913105487823 0.079748809337616 2.2115619182587
119 5.4440040588379 0.081437766551971 5.3625659942627
120 1.2488569021225 0.083147183060646 1.1657096147537
121 0.54209446907043 0.084521681070328 0.45757278800011
122 0.32415437698364 0.085859276354313 0.23829509317875
123 0.2340235710144 0.087309896945953 0.14671367406845
124 0.20001198351383 0.088843874633312 0.1111681163311
125 0.16565603017807 0.090433418750763 0.075222611427307
126 0.14904993772507 0.092065066099167 0.056984875351191
127 0.13901507854462 0.093733705580235 0.045281376689672
128 0.13353708386421 0.095436923205853 0.03810016065836
129 0.1290180683136 0.097174279391766 0.031843792647123
130 0.12646323442459 0.098946072161198 0.027517164126039
131 0.12554834783077 0.10075377672911 0.024794572964311
132 0.12447602301836 0.10259862244129 0.021877398714423
133 0.12444084882736 0.1044823974371 0.019958447664976
134 0.12466030567884 0.1064071804285 0.018253123387694
135 0.12533850967884 0.10837534070015 0.016963163390756
136 0.12640078365803 0.11038956046104 0.016011223196983
137 0.12880963087082 0.11245283484459 0.016356790438294
138 0.12873278558254 0.11456853151321 0.014164258725941
139 0.13029800355434 0.1167404204607 0.013557576574385
140 0.13209636509418 0.11897273361683 0.013123625889421
141 0.13436099886894 0.12127021700144 0.013090784661472
142 0.14373886585236 0.12363822758198 0.020100645720959
143 0.13891257345676 0.12608279287815 0.012829774059355
144 0.14055216312408 0.12861067056656 0.011941488832235
145 0.14856034517288 0.1312297731638 0.017330585047603
146 0.14511221647263 0.13394881784916 0.011163395829499
147 0.1476892977953 0.13677789270878 0.010911403223872
148 0.15064695477486 0.13972853124142 0.010918435640633
149 0.15450072288513 0.14281398057938 0.01168674044311
150 0.156912535429 0.14604572951794 0.010866807773709
151 0.16057829558849 0.14944940805435 0.011128883808851
152 0.16339775919914 0.15304161608219 0.010356138460338
153 0.16719914972782 0.15684652328491 0.010352618992329
154 0.17633098363876 0.16089253127575 0.015438458882272
155 0.1753044873476 0.16521316766739 0.010091315954924
156 0.18007034063339 0.16984829306602 0.010222049430013
157 0.1846509873867 0.17484551668167 9.8054828122258E-03
158 0.18998235464096 0.18026207387447 9.7202872857451E-03
159 0.19586087763309 0.18616728484631 9.6935983747244E-03
160 0.20230749249458 0.19264568388462 9.6618020907044E-03
161 0.2094492316246 0.19980119168758 9.6480315551162E-03
162 0.21746778488159 0.20776264369488 9.7051383927464E-03
163 0.22647212445736 0.21669125556946 9.780865162611E-03
164 0.23711723089218 0.22679825127125 0.010318982414901
165 0.25975069403648 0.2383294403553 0.021421240642667
166 0.26398095488548 0.25162923336029 0.012351743876934
167 0.27749454975128 0.26713964343071 0.010354932397604
168 0.2952843606472 0.28544908761978 9.8352506756783E-03
169 0.31708025932312 0.30735370516777 9.7265467047691E-03
170 0.34368526935577 0.33395117521286 9.7341034561396E-03
171 0.37661951780319 0.36678677797318 9.8327305167913E-03
172 0.41793501377106 0.40808805823326 9.8469741642475E-03
173 0.47125279903412 0.46115425229073 0.010098541155457
174 0.54128766059875 0.53102654218674 0.010261075571179
175 0.63763701915741 0.62568992376328 0.011947102844715
176 0.76982128620148 0.75833314657211 0.011488155461848
177 0.9622386097908 0.95182830095291 0.010410289280117
178 1.2581876516342 1.2481329441071 0.010054729878902
179 1.7391965389252 1.7291696071625 0.010027043521404
180 2.5760617256165 2.5648157596588 0.0112459436059
181 4.1254549026489 4.1153712272644 0.010083744302392
182 7.0292024612427 7.0189909934998 0.010211781598628
183 11.105625152588 11.095008850098 0.010616292245686
184 9.753381729126 9.7391176223755 0.014263335615396
185 5.9421720504761 5.928430557251 0.013741562142968
186 3.6241881847382 3.6135854721069 0.010602723807096
187 2.3839228153229 2.3733744621277 0.010548246093094
188 1.6922688484192 1.6819403171539 0.010328580625355
189 1.2802760601044 1.2698900699615 0.010385979898274
190 1.0191402435303 1.0086984634399 0.010441796854138
191 0.84503227472305 0.83448576927185 0.010546530596912
192 0.7243669629097 0.71362763643265 0.010739343240857
193 0.63936883211136 0.62754315137863 0.011825693771243
194 0.575987637043 0.56443178653717 0.01155580766499
195 0.5287339091301 0.51335591077805 0.015377985313535
196 0.48655751347542 0.47375449538231 0.01280299667269
197 0.45460197329521 0.44327995181084 0.011322037316859
198 0.43062752485275 0.41956016421318 0.011067349463701
199 0.41273546218872 0.40110629796982 0.011629150249064
200 0.39903777837753 0.38717195391655 0.01186584122479
201 0.39199289679527 0.37786617875099 0.014126709662378
202 0.38622024655342 0.3746534883976 0.011566764675081
203 0.3899610042572 0.37853735685349 0.011423652991652
204 0.38055631518364 0.36935716867447 0.011199150234461
205 0.3631834089756 0.35185280442238 0.011330598965287
206 0.35400485992432 0.34071019291878 0.013294656760991
207 0.34551665186882 0.33372613787651 0.01179052144289
208 0.34193128347397 0.32899305224419 0.01293823774904
209 0.34063699841499 0.3256316781044 0.01500532310456
210 0.33551195263863 0.32310038805008 0.012411558069289
211 0.33583387732506 0.3212810754776 0.014552774839103
212 0.33187761902809 0.32002210617065 0.01185552123934
213 0.33114084601402 0.31921622157097 0.011924612335861
214 0.33121636509895 0.3187897503376 0.012426603585482
215 0.35187959671021 0.31868880987167 0.033190775662661
216 0.33114591240883 0.31887164711952 0.01227427367121
217 0.33141574263573 0.31930467486382 0.012111066840589
218 0.33224239945412 0.31996032595634 0.012282054871321
219 0.33297070860863 0.32081559300423 0.012155130505562
220 0.3340617120266 0.32185092568398 0.012210794724524
221 0.33537709712982 0.32304972410202 0.012327367439866
222 0.33686929941177 0.32440415024757 0.012465158477426
223 0.33856999874115 0.32588905096054 0.012680954299867
224 0.34033280611038 0.32728105783463 0.013051744550467
225 0.34311032295227 0.32902702689171 0.014083312824368
226 0.35538095235825 0.33087956905365 0.024501368403435
227 0.34735289216042 0.33283215761185 0.014520742930472
228 0.34860455989838 0.33487939834595 0.013725148513913
229 0.35132098197937 0.33701756596565 0.014303421601653
230 0.35433176159859 0.33924624323845 0.015085503458977
231 0.36488619446754 0.34157478809357 0.023311417549849
232 0.36089450120926 0.34404522180557 0.016849279403687
233 0.3666082918644 0.34663116931915 0.019977128133178
234 0.39706683158875 0.34899872541428 0.048068109899759
235 0.37406182289124 0.35147750377655 0.022584307938814
236 0.3757546544075 0.35407844185829 0.021676195785403
237 0.39883479475975 0.35675927996635 0.042075507342815
238 0.37735709547997 0.35950613021851 0.017850963398814
239 0.41618910431862 0.36231338977814 0.053875736892223
240 0.38125184178352 0.36517778038979 0.016074046492577
241 0.38426998257637 0.36809766292572 0.016172321513295
242 0.39666107296944 0.37107127904892 0.025589779019356
243 0.39828279614449 0.37409752607346 0.024185284972191
244 0.3982400894165 0.37717542052269 0.021064665168524
245 0.3960454761982 0.38030403852463 0.01574144884944
246 0.39873856306076 0.38348278403282 0.015255785547197
247 0.40355989336967 0.38671109080315 0.016848793253303
248 0.42625465989113 0.38998860120773 0.036266051232815
249 0.41520383954048 0.39331495761871 0.021888894960284
250 0.42266303300858 0.39668992161751 0.025973094627261
251 0.42063790559769 0.40011343359947 0.02052447758615
252 0.41966307163239 0.40358540415764 0.016077686101198
253 0.42260485887527 0.40710589289665 0.015498954802752
254 0.42593005299568 0.41067510843277 0.015254960395396
255 0.42951089143753 0.4142931997776 0.015217679552734
256 0.4332649409771 0.41796052455902 0.015304429456592
257 0.43755903840065 0.42167744040489 0.015881605446339
258 0.44568556547165 0.4254444539547 0.020241102203727
259 0.45494309067726 0.42926213145256 0.025680981576443
260 0.4494389295578 0.43313106894493 0.016307853162289
261 0.45324358344078 0.43705207109451 0.016191525384784
262 0.45800969004631 0.44102534651756 0.016984347254038
263 0.46994057297707 0.44505301117897 0.024887569248676
264 0.46995773911476 0.44914942979813 0.020808320492506
265 0.47745984792709 0.45328795909882 0.024171881377697
266 0.47453609108925 0.45748367905617 0.0170524045825
267 0.4865146279335 0.46173799037933 0.024776626378298
268 0.48347753286362 0.4660532772541 0.017424257472157
269 0.48710313439369 0.47042945027351 0.016673700883985
270 0.49154013395309 0.47486925125122 0.016670886427164
271 0.49707797169685 0.47937494516373 0.017703022807837
272 0.50232255458832 0.48395028710365 0.018372258171439
273 0.55631852149963 0.48860049247742 0.067717991769314
274 0.51451051235199 0.4933095574379 0.021200919523835
275 0.5191770195961 0.49809470772743 0.021082310006022
276 0.52444595098495 0.50296145677567 0.021484479308128
277 0.53810864686966 0.50791049003601 0.03019817173481
278 0.53130042552948 0.51294493675232 0.018355494365096
279 0.53708189725876 0.51806861162186 0.01901326328516
280 0.54163455963135 0.52328592538834 0.018348665907979
281 0.54936802387238 0.52860170602798 0.02076630666852
282 0.55204194784164 0.53402000665665 0.01802191324532
283 0.56093490123749 0.53954946994781 0.021385379135609
284 0.56376284360886 0.54519546031952 0.018567366525531
285 0.57105469703674 0.55096536874771 0.020089339464903
286 0.62444454431534 0.55686968564987 0.067574813961983
287 0.58659994602203 0.5629135966301 0.023686395958066
288 0.59050226211548 0.56910955905914 0.021392690017819
289 0.67551040649414 0.5754696726799 0.10004077106714
290 0.60197770595551 0.58200746774673 0.019970221444964
291 0.61490201950073 0.58873873949051 0.026163298636675
292 0.6154168844223 0.59568208456039 0.019734801724553
293 0.63518989086151 0.60286110639572 0.032328758388758
294 0.63067322969437 0.61032235622406 0.020350906997919
295 0.63775098323822 0.61807280778885 0.019678192213178
296 0.64589804410934 0.62603962421417 0.019858364015818
297 0.65595346689224 0.63438773155212 0.021565737202764
298 0.66945970058441 0.6431530714035 0.026306657120585
299 0.67889887094498 0.65236419439316 0.026534711942077
300 0.68681228160858 0.66205775737762 0.024754570797086
301 0.7042800784111 0.67234683036804 0.031933270394802
302 0.71518969535828 0.68337124586105 0.031818423420191
303 0.73600667715073 0.69512790441513 0.040878817439079
304 0.72959196567535 0.7078098654747 0.021782102063298
305 0.7422868013382 0.72159034013748 0.020696440711617
306 0.75672018527985 0.73668819665909 0.020032031461596
307 0.77350735664368 0.75338351726532 0.020123852416873
308 0.79231286048889 0.77203959226608 0.020273312926292
309 0.81385976076126 0.79313397407532 0.020725760608912
310 0.84821373224258 0.81730550527573 0.030908217653632
311 0.86640137434006 0.84542369842529 0.020977675914764
312 0.8995515704155 0.878697514534 0.020854050293565
313 0.94006448984146 0.91884815692902 0.02121633477509
314 0.99027037620544 0.96839487552643 0.02187548391521
315 1.0555335283279 1.0311459302902 0.024387529119849
316 1.1501177549362 1.1130945682526 0.037023164331913
317 1.2535948753357 1.2241331338882 0.029461767524481
318 1.4044024944305 1.3816562891006 0.02274621091783
319 1.6422820091248 1.618642449379 0.023639583960176
320 2.0283000469208 2.000688791275 0.027611287310719
321 2.645220041275 2.6221809387207 0.023038925603032
322 3.5457241535187 3.5234260559082 0.02229799516499
323 5.2905111312866 5.2677726745605 0.022738721221685
324 8.7929000854492 8.769344329834 0.023555664345622
325 13.372246742249 13.347145080566 0.025102201849222
326 10.373846054077 10.342761039734 0.031084954738617
327 6.2871580123901 6.1960139274597 0.091143898665905
328 3.982194185257 3.9546678066254 0.027526373043656
329 2.835944890976 2.8113796710968 0.024565240368247
330 2.2127213478088 2.1892793178558 0.023441933095455
331 1.8492285013199 1.8249951601028 0.024233277887106
332 1.626794219017 1.5983529090881 0.028441295027733
333 1.5030502080917 1.4507761001587 0.052274122834206
334 1.3768476247787 1.351616859436 0.025230698287487
335 1.311133146286 1.283851981163 0.027281180024147
336 1.2615667581558 1.2372725009918 0.024294355884194
337 1.2284923791885 1.2043944597244 0.024097871035337
338 1.205818772316 1.1817058324814 0.024112965911627
339 1.1917062997818 1.1673966646194 0.02430964820087
340 1.1841900348663 1.1596108675003 0.024579228833318
341 1.1818699836731 1.1569476127625 0.024922359734774
342 1.1840970516205 1.1583166122437 0.025780415162444
343 1.1969631910324 1.1634832620621 0.033479861915112
344 1.199275970459 1.1718119382858 0.027464088052511
345 1.2163475751877 1.1830134391785 0.033334154635668
346 1.2251479625702 1.1969165802002 0.028231348842382
347 1.240678191185 1.2134381532669 0.027240078896284
348 1.2598347663879 1.232568025589 0.027266712859273
349 1.2823851108551 1.254364490509 0.028020590543747
350 1.3086601495743 1.278950214386 0.029710037633777
351 1.3406314849854 1.3065127134323 0.034118808805943
352 1.388564825058 1.337308883667 0.051255870610476
353 1.4253959655762 1.3716729879379 0.053723067045212
354 1.4424563646317 1.4100114107132 0.032444998621941
355 1.5481756925583 1.452885389328 0.09529036283493
356 1.5336946249008 1.5009336471558 0.032760966569185
357 1.5920920372009 1.5549699068069 0.037122152745724
358 1.6711901426315 1.6160061359406 0.055183943361044
359 1.7840926647186 1.6853075027466 0.098785206675529
360 1.8059859275818 1.7644659280777 0.04152000695467
361 1.895935177803 1.8555016517639 0.040433533489704
362 2.0046298503876 1.9610050916672 0.043624710291624
363 2.1368901729584 2.0843353271484 0.052555043250322
364 2.304032087326 2.2299056053162 0.074126459658146
365 2.4903936386108 2.4036018848419 0.086791798472404
366 2.7310557365417 2.6133975982666 0.11765799671412
367 3.1147317886353 2.8703346252441 0.24439708888531
368 3.926810503006 3.1899712085724 0.73683929443359
369 4.3410038948059 3.5948240756989 0.74617993831635
370 4.3491606712341 4.1183857917786 0.2307750582695
371 5.0197439193726 4.8121156692505 0.20762848854065
372 5.8363819122314 5.7581100463867 0.0782720297575
373 7.1537699699402 7.0932545661926 0.060515116900206
374 9.1109437942505 9.0579624176025 0.052981667220592
375 12.176996231079 12.100974082947 0.076022297143936
376 17.175706863403 17.120038986206 0.055669035762548
377 26.095155715942 26.042686462402 0.052468772977591
378 43.220241546631 43.162624359131 0.057614803314209
379 76.556098937988 76.510375976563 0.045724637806416
380 122.08250427246 122.04595184326 0.036555528640747
381 95.987617492676 95.952095031738 0.035519581288099
382 54.98929977417 54.954177856445 0.035122763365507
383 32.490657806396 32.455936431885 0.034718845039606
384 20.941982269287 20.907247543335 0.034733142703772
385 14.630341529846 14.595264434814 0.035077445209026
386 10.904755592346 10.868559837341 0.036195889115334
387 8.5624513626099 8.5059576034546 0.056493826210499
388 6.9828448295593 6.9458317756653 0.037013173103333
389 5.9295892715454 5.8934173583984 0.036171555519104
390 5.215624332428 5.1794981956482 0.036126296967268
391 4.637188911438 4.5998749732971 0.037313718348742
392 4.1140432357788 4.0712833404541 0.04276018217206
393 3.721268415451 3.6686804294586 0.052587818354368
394 3.404721736908 3.3653790950775 0.039342608302832
395 3.1809418201447 3.1311945915222 0.049747213721275
396 2.9894592761993 2.9457795619965 0.043679729104042
397 2.8735332489014 2.7977213859558 0.07581203430891
398 2.7207443714142 2.6777894496918 0.042954843491316
399 2.625944852829 2.5800325870514 0.04591216519475
400 2.5934603214264 2.5001077651978 0.093352548778057
401 2.5239655971527 2.4347620010376 0.089203648269176
402 2.4900097846985 2.3815135955811 0.10849602520466
403 2.4081535339355 2.3384408950806 0.069712519645691
404 2.3578844070435 2.3040378093719 0.053846515715122
405 2.3283696174622 2.2771143913269 0.051255352795124
406 2.3081047534943 2.2567248344421 0.05137998983264
407 2.2970516681671 2.2421157360077 0.054935969412327
408 2.310076713562 2.2327082157135 0.077368699014187
409 2.2931621074677 2.2279863357544 0.065175548195839
410 2.2881600856781 2.225519657135 0.062640279531479
411 2.2961449623108 2.2293720245361 0.066772915422916
412 2.3104500770569 2.2370436191559 0.073406487703323
413 2.3786528110504 2.2484002113342 0.13025268912315
414 2.3952431678772 2.2633697986603 0.13187336921692
415 2.3923993110657 2.2819402217865 0.11045905947685
416 2.4223055839539 2.3039932250977 0.11831237375736
417 2.4707562923431 2.3299815654755 0.14077493548393
418 2.5337738990784 2.3599052429199 0.17386867105961
419 2.6206679344177 2.3940179347992 0.22665022313595
420 2.748046875 2.4326243400574 0.3154225051403
421 2.9549396038055 2.476241350174 0.47869816422462
422 3.3411240577698 2.5254063606262 0.81571763753891
423 4.3053755760193 2.580860376358 1.7245154380798
424 7.8453364372253 2.6435785293579 5.2017579078674
425 15.703188896179 2.7146625518799 12.988526344299
426 5.7392730712891 2.7956018447876 2.9436709880829
427 4.0997257232666 2.8886563777924 1.2110694646835
428 3.6408760547638 2.9965622425079 0.64431363344193
429 3.551774263382 3.1231374740601 0.4286367893219
430 3.5692601203918 3.2738234996796 0.29543653130531
431 3.6734251976013 3.4566676616669 0.21675750613213
432 3.8517835140228 3.6842470169067 0.16753666102886
433 4.1159286499023 3.9775071144104 0.13842134177685
434 4.4933977127075 4.3748755455017 0.11852208524942
435 5.0602698326111 4.9559783935547 0.10429130494595
436 6.0074310302734 5.9125485420227 0.094882674515247
437 7.8039937019348 7.7056131362915 0.098380111157894
438 10.853881835938 10.766393661499 0.087487772107124
439 15.764971733093 15.68740272522 0.077569045126438
440 13.559219360352 13.485120773315 0.074099361896515
441 11.832948684692 11.730506896973 0.10244213789701
442 12.997038841248 12.884243965149 0.11279497295618
443 16.39072227478 16.32497215271 0.065750479698181
444 20.64347076416 20.583276748657 0.060194790363312
445 29.790552139282 29.725120544434 0.065430887043476
446 49.296001434326 49.219871520996 0.076130695641041
447 89.102600097656 89.0419921875 0.060608699917793
448 134.31181335449 134.251953125 0.059859413653612
449 89.993896484375 89.865844726563 0.12805433571339
450 49.969142913818 49.913330078125 0.055810160934925
451 30.048524856567 29.992002487183 0.056522868573666
452 20.100831985474 20.035976409912 0.06485553830862
453 14.677639961243 14.62096786499 0.056672129780054
454 11.479506492615 11.426106452942 0.053400047123432
455 9.4681339263916 9.4139223098755 0.054211642593145
456 8.1335487365723 8.0815744400024 0.051973976194859
457 7.2334804534912 7.1658868789673 0.067593574523926
458 6.5752563476563 6.5198369026184 0.055419269949198
459 6.1083111763 6.0568461418152 0.051465138792992
460 5.7774739265442 5.7249274253845 0.052546571940184
461 5.5461096763611 5.4890966415405 0.057013064622879
462 5.3983931541443 5.3296580314636 0.068735219538212
463 5.3431386947632 5.2324819564819 0.11065702885389
464 5.2739686965942 5.1890544891357 0.08491413295269
465 5.2636036872864 5.2052583694458 0.058345280587673
466 5.3584637641907 5.2939977645874 0.064466297626495
467 5.5685558319092 5.4871144294739 0.081441126763821
468 5.9597272872925 5.8638210296631 0.095906510949135
469 6.7454700469971 6.6288237571716 0.11664628982544
470 8.3167085647583 8.2386484146118 0.078060030937195
471 10.49643611908 10.131541252136 0.36489561200142
472 9.942400932312 9.8721113204956 0.070289708673954
473 11.898716926575 11.738821983337 0.15989477932453
474 17.370809555054 17.302370071411 0.068440973758698
475 19.924388885498 19.852687835693 0.071699902415276
476 13.422044754028 13.081479072571 0.34056550264359
477 9.3365125656128 9.2451400756836 0.091372668743134
478 7.6284437179565 7.5439414978027 0.084502004086971
479 6.8440155982971 6.7493166923523 0.094698905944824
480 6.5204939842224 6.3614726066589 0.15902145206928
481 6.3838505744934 6.18084192276 0.20300869643688
482 6.2868218421936 6.1218333244324 0.16498890519142
483 6.3473496437073 6.1479535102844 0.19939659535885
484 6.5451364517212 6.252368927002 0.29276740550995
485 6.9748005867004 6.4511661529541 0.52363431453705
486 8.0617952346802 6.8115406036377 1.250254034996
487 12.914110183716 7.4925365447998 5.421573638916
488 10.922477722168 8.6178903579712 2.3045871257782
489 9.5166864395142 8.7324552536011 0.78423154354095
490 8.2496662139893 7.859977722168 0.38968858122826
491 7.6655335426331 7.4237976074219 0.24173630774021
492 7.4694457054138 7.2965984344482 0.17284701764584
493 7.4509983062744 7.3176159858704 0.1333821117878
494 7.5257697105408 7.4146003723145 0.11116939038038
495 7.6557192802429 7.5564861297607 0.099233016371727
496 7.8527250289917 7.7291870117188 0.12353830784559
497 8.064435005188 7.926130771637 0.13830465078354
498 8.2289934158325 8.1445713043213 0.084421463310719
499 8.4790878295898 8.3834619522095 0.095625475049019
500 8.718243598938 8.6452007293701 0.073042392730713
501 9.0087690353394 8.9377250671387 0.071043536067009
502 9.3615283966064 9.2874460220337 0.074082471430302
503 9.8442840576172 9.7762317657471 0.068052895367146
504 10.222865104675 10.161063194275 0.061802729964256
505 10.39649105072 10.333152770996 0.063338108360767
506 10.657646179199 10.59741973877 0.060226384550333
507 11.023066520691 10.955451011658 0.067615129053593
508 11.474954605103 11.361366271973 0.11358850449324
509 11.881289482117 11.7969789505 0.08431002497673
510 12.326012611389 12.268256187439 0.057756081223488
511 12.830810546875 12.775446891785 0.05536375194788
512 13.375910758972 13.321270942688 0.054640650749207
513 13.959899902344 13.905701637268 0.054198250174522
514 14.588837623596 14.533761978149 0.055075611919165
515 15.338168144226 15.209446907043 0.12872087955475
516 15.994316101074 15.93758392334 0.056732445955276
517 16.791664123535 16.721416473389 0.070248208940029
518 17.631038665771 17.569829940796 0.061209205538034
519 18.554162979126 18.492275238037 0.061889089643955
520 19.675161361694 19.499973297119 0.17518930137157
521 20.636054992676 20.566316604614 0.069739557802677
522 21.931926727295 21.729732513428 0.20219387114048
523 23.119071960449 23.006563186646 0.11250987648964
524 24.471675872803 24.406129837036 0.065546117722988
525 26.001022338867 25.942998886108 0.058023247867823
526 27.688941955566 27.631362915039 0.057578448206186
527 29.560102462769 29.494535446167 0.065567225217819
528 31.616254806519 31.557197570801 0.059057638049126
529 33.906429290771 33.848033905029 0.05839654058218
530 36.459976196289 36.401741027832 0.058235958218575
531 39.326263427734 39.260936737061 0.065325208008289
532 42.525093078613 42.4709815979 0.054113291203976
533 46.145084381104 46.08980178833 0.055282492190599
534 50.517093658447 50.447364807129 0.069731146097183
535 55.235363006592 55.175678253174 0.059683982282877
536 60.668514251709 60.608348846436 0.060165099799633
537 66.949882507324 66.89379119873 0.056093793362379
538 74.235153198242 74.178497314453 0.056654620915651
539 82.786064147949 82.714866638184 0.071195259690285
540 92.895545959473 92.832473754883 0.063076436519623
541 104.99542236328 104.93740081787 0.058015525341034
542 119.64366912842 119.58772277832 0.055949445813894
543 137.62284851074 137.56565856934 0.057183127850294
544 160.06071472168 160.00065612793 0.060065478086472
545 188.68687438965 188.57870483398 0.10817494988441
546 225.87210083008 225.81477355957 0.057336002588272
547 274.72775268555 274.67123413086 0.056529670953751
548 337.31643676758 337.25888061523 0.057556115090847
549 415.32403564453 415.24194335938 0.082105547189713
550 529.01611328125 528.95153808594 0.064558580517769
551 700.71234130859 700.29675292969 0.41557046771049
552 967.82977294922 967.75756835937 0.072171181440353
553 1.4067708740234E+03 1.4067028808594E+03 0.068031348288059
554 2.1756586914062E+03 2.1755991210938E+03 0.059426415711641
555 3.5816284179688E+03 3.5815700683594E+03 0.058257628232241
556 5.9791142578125E+03 5.9790561523437E+03 0.05786132439971
557 8.0269624023438E+03 8.0269013671875E+03 0.061223905533552
558 5.6645180664063E+03 5.6644565429688E+03 0.061547104269266
559 3.4003178710937E+03 3.40025390625E+03 0.063939772546291
560 2.0936743164063E+03 2.0936071777344E+03 0.067079678177834
561 1.3729075927734E+03 1.3728480224609E+03 0.05959291011095
562 955.74798583984 955.68896484375 0.059007745236158
563 698.93280029297 698.87176513672 0.060991823673248
564 531.67614746094 531.61273193359 0.063390582799911
565 417.44705200195 417.37515258789 0.071891032159328
566 336.34567260742 336.20797729492 0.13768655061722
567 276.77215576172 276.61175537109 0.16040572524071
568 231.70796203613 231.63229370117 0.075662240386009
569 196.95579528809 196.88450622559 0.071294844150543
570 169.65838623047 169.50122070313 0.15717667341232
571 148.51600646973 147.5478515625 0.96815037727356
572 129.7548828125 129.68280029297 0.072082571685314
573 115.06148529053 114.9529876709 0.10849894583225
574 102.66013336182 102.5888671875 0.071270801126957
575 92.311500549316 92.24040222168 0.071101762354374
576 83.519790649414 83.439254760742 0.080535173416138
577 75.978187561035 75.892211914063 0.085976995527744
578 69.446792602539 69.371711730957 0.07508085668087
579 63.765403747559 63.698459625244 0.066942781209946
580 58.797218322754 58.733093261719 0.06412835419178
581 54.430416107178 54.362781524658 0.067636519670486
582 50.629489898682 50.484764099121 0.14472453296185
583 47.12707901001 47.048107147217 0.078974388539791
584 44.046070098877 43.979583740234 0.066485092043877
585 41.291599273682 41.228668212891 0.06293011456728
586 38.815040588379 38.753265380859 0.061777133494616
587 36.580200195313 36.518074035645 0.06212617084384
588 34.5559425354 34.493347167969 0.062596797943115
589 32.721305847168 32.653873443604 0.067429333925247
590 31.049194335938 30.97820854187 0.070985905826092
591 29.596614837646 29.448045730591 0.14856907725334
592 28.120237350464 28.047815322876 0.072423011064529
593 26.843868255615 26.764495849609 0.079372987151146
594 25.656518936157 25.587526321411 0.068992041051388
595 24.682195663452 24.503158569336 0.17903673648834
596 23.560520172119 23.493309020996 0.067210473120213
597 22.631437301636 22.566299438477 0.065138570964336
598 21.776580810547 21.711822509766 0.064757831394672
599 20.989332199097 20.923217773437 0.066114492714405
600 20.265293121338 20.195295333862 0.069997861981392
