1 3.8136597722769E-03 6.8968206505815E-06 3.8067628629506E-03
2 4.1067660786211E-03 2.7721178412321E-05 4.0790447965264E-03
3 4.2222756892443E-03 6.2932725995779E-05 4.1593429632485E-03
4 4.3309810571373E-03 1.135465427069E-04 4.2174346745014E-03
5 4.4585717841983E-03 1.8138939049095E-04 4.277182277292E-03
6 4.610582254827E-03 2.6570589398034E-04 4.3448763899505E-03
7 4.7872634604573E-03 3.6426182487048E-04 4.423001781106E-03
8 4.9964906647801E-03 4.8339753993787E-04 4.5130932703614E-03
9 5.2470057271421E-03 6.2751187942922E-04 4.6194940805435E-03
10 5.5413972586393E-03 8.0174737377092E-04 4.7396500594914E-03
11 5.9032812714577E-03 1.0139669757336E-03 4.8893145285547E-03
12 6.2849251553416E-03 1.2771633919328E-03 5.0077619962394E-03
13 6.7785764113069E-03 1.609924598597E-03 5.1686521619558E-03
14 7.3885531164706E-03 2.040495397523E-03 5.3480579517782E-03
15 8.1800129264593E-03 2.6211710646749E-03 5.5588418617845E-03
16 9.2241894453764E-03 3.4535040613264E-03 5.7706851512194E-03
17 0.010726080276072 4.7251717187464E-03 6.0009090229869E-03
18 0.013089511543512 6.8234764039516E-03 6.2660351395607E-03
19 0.017165677621961 0.010612182319164 6.5534953027964E-03
20 0.024981647729874 0.018113322556019 6.8683256395161E-03
21 0.040702871978283 0.033489104360342 7.2137699462473E-03
22 0.06427313387394 0.05668019503355 7.5929365120828E-03
23 0.058911174535751 0.050899758934975 8.0114156007767E-03
24 0.041490238159895 0.033015538007021 8.4747020155191E-03
25 0.031163571402431 0.022188078612089 8.9754918590188E-03
26 0.025942210108042 0.016421299427748 9.5209116116166E-03
27 0.023376166820526 0.013250743970275 0.010125421918929
28 0.022224703803658 0.01142487488687 0.010799827985466
29 0.022004850208759 0.010344190523028 0.011660658754408
30 0.022320844233036 9.7065670415759E-03 0.012614278122783
31 0.022651493549347 9.3495361506939E-03 0.01330195646733
32 0.023489685729146 9.1802421957254E-03 0.014309443533421
33 0.024601025506854 9.1427136212587E-03 0.015458310954273
34 0.025879899039865 9.2016430571675E-03 0.016678255051374
35 0.02747431024909 9.3338703736663E-03 0.018140440806746
36 0.028918014839292 9.5244469121099E-03 0.019393566995859
37 0.030744791030884 9.7609395161271E-03 0.020983852446079
38 0.032853901386261 0.010036930441856 0.022816970944405
39 0.035564072430134 0.010345340706408 0.025218730792403
40 0.039003852754831 0.010682628490031 0.028321223333478
41 0.042750310152769 0.011045358143747 0.03170495480299
42 0.048637602478266 0.011431124992669 0.03720647841692
43 0.05411509424448 0.011837982572615 0.042277112603188
44 0.061019733548164 0.012264089658856 0.048755642026663
45 0.06905210018158 0.012708834372461 0.056343261152506
46 0.07906461507082 0.01317092217505 0.065893694758415
47 0.091795310378075 0.013649553991854 0.078145757317543
48 0.10851038247347 0.01414408069104 0.094366297125816
49 0.13133929669857 0.014653969556093 0.11668532341719
50 0.16478173434734 0.015178783796728 0.14960296452045
51 0.22221787273884 0.015718167647719 0.20649971067905
52 0.34957587718964 0.016271831467748 0.33330404758453
53 0.68981623649597 0.016839545220137 0.67297667264938
54 1.6262650489807 0.017421135678887 1.6088439226151
55 3.8380417823792 0.018016474321485 3.8200254440308
56 8.877649307251 0.018625501543283 8.8590240478516
57 18.423952102661 0.019248215481639 18.404703140259
58 18.533771514893 0.019884809851646 18.513885498047
59 22.727113723755 0.02053533680737 22.706577301025
60 23.632123947144 0.021200321614742 23.61092376709
61 24.296913146973 0.021880595013499 24.275032043457
62 21.628715515137 0.022577878087759 21.60613822937
63 24.107618331909 0.023294918239117 24.084323883057
64 7.0004234313965 0.024038238450885 6.9763851165771
65 2.890193939209 0.024821745231748 2.8653721809387
66 1.1865442991257 0.025674799457192 1.1608694791794
67 0.54720681905746 0.026626011356711 0.52058082818985
68 0.31660667061806 0.027504770085216 0.2891018986702
69 0.22301836311817 0.02809670008719 0.19492165744305
70 0.17528343200684 0.028718631714582 0.14656479656696
71 0.14591999351978 0.029427070170641 0.11649292707443
72 0.12561523914337 0.030190205201507 0.0954250395298
73 0.11089507490396 0.030987059697509 0.079908013343811
74 0.099913619458675 0.03180792927742 0.068105690181255
75 0.091591782867908 0.032647497951984 0.058944281190634
76 0.085249304771423 0.033503346145153 0.051745962351561
77 0.080148927867413 0.034374698996544 0.045774225145578
78 0.075845934450626 0.035260524600744 0.040585409849882
79 0.07286985963583 0.036160413175821 0.036709446460009
80 0.070012465119362 0.037074118852615 0.032938342541456
81 0.068032905459404 0.038001511245966 0.030031390488148
82 0.06645929813385 0.038942523300648 0.027516776695848
83 0.065273717045784 0.039897132664919 0.025376580655575
84 0.064399093389511 0.040865357965231 0.023533741012216
85 0.063790373504162 0.041847225278616 0.021943150088191
86 0.063163585960865 0.042842801660299 0.020320780575275
87 0.063006557524204 0.043852161616087 0.019154399633408
88 0.063019886612892 0.044875413179398 0.01814447529614
89 0.063190974295139 0.04591266438365 0.017278309911489
90 0.063506506383419 0.046964101493359 0.01654240489006
91 0.063962407410145 0.048029962927103 0.015932446345687
92 0.064547382295132 0.049110662192106 0.015436724759638
93 0.065332382917404 0.050206989049911 0.015125392004848
94 0.066373534500599 0.051320787519217 0.015052745118737
95 0.067085459828377 0.052457064390182 0.014628400094807
96 0.069074057042599 0.053626973181963 0.015447084791958
97 0.0693389326334 0.054799076169729 0.014539855532348
98 0.070503160357475 0.05592343211174 0.014579731039703
99 0.071960769593716 0.057084042578936 0.014876725152135
100 0.073675140738487 0.058285787701607 0.015389352105558
101 0.073841117322445 0.059494987130165 0.014346129260957
102 0.076139904558659 0.060722015798092 0.015417884103954
103 0.078118473291397 0.061966057866812 0.016152411699295
104 0.080857664346695 0.063226915895939 0.017630748450756
105 0.083756685256958 0.06450466811657 0.019252024590969
106 0.087262995541096 0.065799489617348 0.021463505923748
107 0.091418527066708 0.06711170822382 0.024306822568178
108 0.096452929079533 0.068441666662693 0.028011258691549
109 0.10282572358847 0.069789819419384 0.033035904169083
110 0.11107433587313 0.071156710386276 0.039917625486851
111 0.12555706501007 0.072543047368526 0.053014028817415
112 0.13597774505615 0.07394977658987 0.062027972191572
113 0.1580848544836 0.075378276407719 0.082706578075886
114 0.19420005381107 0.076830662786961 0.11736939102411
115 0.26284000277519 0.078310593962669 0.18452939391136
116 0.39882919192314 0.079824931919575 0.31900426745415
117 0.774682700634 0.081387713551521 0.69329500198364
118 2.2945897579193 0.083027929067612 2.2115619182587
119 5.4473524093628 0.084786333143711 5.3625659942627
120 1.2522757053375 0.086566038429737 1.1657096147537
121 0.54556983709335 0.087997049093246 0.45757278800011
122 0.32768473029137 0.089389644563198 0.23829509317875
123 0.23761358857155 0.090899914503098 0.14671367406845
124 0.20366507768631 0.09249696880579 0.1111681163311
125 0.16937448084354 0.094151869416237 0.075222611427307
126 0.1528354883194 0.095850601792336 0.056984875351191
127 0.14286923408508 0.097587861120701 0.045281376689672
128 0.13746127486229 0.09936111420393 0.03810016065836
129 0.13301369547844 0.10116990655661 0.031843792647123
130 0.13053171336651 0.10301455110312 0.027517164126039
131 0.12969115376472 0.10489658266306 0.024794572964311
132 0.12869468331337 0.1068172827363 0.021877398714423
133 0.12873695790768 0.10877852141857 0.019958447664976
134 0.12903556227684 0.11078244447708 0.018253123387694
135 0.12979470193386 0.11283153295517 0.016963163390756
136 0.13093979656696 0.11492857336998 0.016011223196983
137 0.13343347609043 0.11707668751478 0.016356790438294
138 0.13344363868237 0.11927937716246 0.014164258725941
139 0.13509814441204 0.12154056876898 0.013557576574385
140 0.13698829710484 0.12386466562748 0.013123625889421
141 0.13934740424156 0.12625661492348 0.013090784661472
142 0.14882263541222 0.12872199714184 0.020100645720959
143 0.14409685134888 0.13126708567142 0.012829774059355
144 0.14584039151669 0.13389889895916 0.011941488832235
145 0.15395627915859 0.13662569224834 0.017330585047603
146 0.15061993896961 0.13945654034615 0.011163395829499
147 0.15331333875656 0.14240193367004 0.010911403223872
148 0.15639233589172 0.14547389745712 0.010918435640633
149 0.1603729724884 0.14868623018265 0.01168674044311
150 0.16291765868664 0.15205085277557 0.010866807773709
151 0.16672337055206 0.15559448301792 0.011128883808851
152 0.16969053447247 0.15933440625668 0.010356138460338
153 0.17364838719368 0.16329576075077 0.010352618992329
154 0.18294659256935 0.16750812530518 0.015438458882272
155 0.18209774792194 0.17200642824173 0.010091315954924
156 0.1870541870594 0.17683213949203 0.010222049430013
157 0.19184030592442 0.18203482031822 9.8054828122258E-03
158 0.19739438593388 0.18767410516739 9.7202872857451E-03
159 0.20351572334766 0.19382213056087 9.6935983747244E-03
160 0.21022871136665 0.20056691765785 9.6618020907044E-03
161 0.21766467392445 0.20801664888859 9.6480315551162E-03
162 0.2260105907917 0.21630544960499 9.7051383927464E-03
163 0.23538206517696 0.22560119628906 9.780865162611E-03
164 0.24644275009632 0.23612377047539 0.010318982414901
165 0.26955035328865 0.24812909960747 0.021421240642667
166 0.27432748675346 0.26197573542595 0.012351743876934
167 0.28847885131836 0.27812391519547 0.010354932397604
168 0.30702146887779 0.29718622565269 9.8352506756783E-03
169 0.32971805334091 0.31999149918556 9.7265467047691E-03
170 0.35741671919823 0.34768262505531 9.7341034561396E-03
171 0.39170107245445 0.38186836242676 9.8327305167913E-03
172 0.43471482396126 0.42486786842346 9.8469741642475E-03
173 0.49021461606026 0.48011606931686 0.010098541155457
174 0.56312245130539 0.55286139249802 0.010261075571179
175 0.66336423158646 0.65141707658768 0.011947102844715
176 0.80100256204605 0.78951436281204 0.011488155461848
177 1.0013760328293 0.99096566438675 0.010410289280117
178 1.309508562088 1.2994537353516 0.010054729878902
179 1.8102967739105 1.8002697229385 0.010027043521404
180 2.6815218925476 2.6702761650085 0.0112459436059
181 4.2946715354919 4.2845878601074 0.010083744302392
182 7.3178105354309 7.3075985908508 0.010211781598628
183 11.56183052063 11.55121421814 0.010616292245686
184 10.153835296631 10.139572143555 0.014263335615396
185 6.1859378814697 6.1721963882446 0.013741562142968
186 3.7727718353271 3.7621691226959 0.010602723807096
187 2.4815113544464 2.4709632396698 0.010548246093094
188 1.7614271640778 1.7510985136032 0.010328580625355
189 1.332491517067 1.3221055269241 0.010385979898274
190 1.0606160163879 1.0501742362976 0.010441796854138
191 0.87934476137161 0.86879825592041 0.010546530596912
192 0.75370997190475 0.7429706454277 0.010739343240857
193 0.66517221927643 0.6533465385437 0.011825693771243
194 0.59919601678848 0.58764016628265 0.01155580766499
195 0.54984211921692 0.53446412086487 0.015377985313535
196 0.50603741407394 0.49323439598083 0.01280299667269
197 0.47282880544662 0.46150678396225 0.011322037316859
198 0.44787904620171 0.43681168556213 0.011067349463701
199 0.42922818660736 0.41759905219078 0.011629150249064
200 0.41495758295059 0.40309172868729 0.01186584122479
201 0.40753003954887 0.39340332150459 0.014126709662378
202 0.4016253054142 0.39005854725838 0.011566764675081
203 0.40552574396133 0.39410209655762 0.011423652991652
204 0.39574357867241 0.38454443216324 0.011199150234461
205 0.37765094637871 0.36632034182549 0.011330598965287
206 0.36801421642303 0.35471957921982 0.013294656760991
207 0.35923883318901 0.3474483191967 0.01179052144289
208 0.35545888543129 0.34252062439919 0.01293823774904
209 0.35402634739876 0.33902102708817 0.01500532310456
210 0.34879723191261 0.33638566732407 0.012411558069289
211 0.34904432296753 0.33449155092239 0.014552774839103
212 0.3450363278389 0.33318078517914 0.01185552123934
213 0.34426641464233 0.33234179019928 0.011924612335861
214 0.34432438015938 0.33189779520035 0.012426603585482
215 0.36498346924782 0.33179268240929 0.033190775662661
216 0.34425732493401 0.33198302984238 0.01227427367121
217 0.34454494714737 0.33243387937546 0.012111066840589
218 0.3453985452652 0.33311650156975 0.012282054871321
219 0.34616205096245 0.33400690555573 0.012155130505562
220 0.34729561209679 0.33508482575417 0.012210794724524
221 0.34866029024124 0.33633291721344 0.012327367439866
222 0.35020819306374 0.33774301409721 0.012465158477426
223 0.35196992754936 0.33928897976875 0.012680954299867
224 0.3537899851799 0.34073823690414 0.013051744550467
225 0.35663929581642 0.34255599975586 0.014083312824368
226 0.3689860701561 0.34448471665382 0.024501368403435
227 0.3610383272171 0.34651759266853 0.014520742930472
228 0.36237415671349 0.34864902496338 0.013725148513913
229 0.36517852544785 0.35087510943413 0.014303421601653
230 0.36828091740608 0.35319539904594 0.015085503458977
231 0.37893110513687 0.35561969876289 0.023311417549849
232 0.37504097819328 0.3581916987896 0.016849279403687
233 0.38086113333702 0.36088398098946 0.019977128133178
234 0.41141700744629 0.36334890127182 0.048068109899759
235 0.38851392269135 0.36592960357666 0.022584307938814
236 0.39031368494034 0.36863750219345 0.021676195785403
237 0.4135040640831 0.3714285492897 0.042075507342815
238 0.39213931560516 0.3742883503437 0.017850963398814
239 0.43108674883842 0.37721103429794 0.053875736892223
240 0.39626726508141 0.38019320368767 0.016074046492577
241 0.39940544962883 0.38323312997818 0.016172321513295
242 0.41191881895065 0.38632905483246 0.025589779019356
243 0.41366499662399 0.38947969675064 0.024185284972191
244 0.41374883055687 0.39268416166306 0.021064665168524
245 0.41168287396431 0.39594140648842 0.01574144884944
246 0.41450664401054 0.3992508649826 0.015255785547197
247 0.4194607436657 0.40261194109917 0.016848793253303
248 0.44229024648666 0.40602418780327 0.036266051232815
249 0.43137621879578 0.40948730707169 0.021888894960284
250 0.43897417187691 0.41300106048584 0.025973094627261
251 0.43708980083466 0.41656532883644 0.02052447758615
252 0.43625774979591 0.42018005251884 0.016077686101198
253 0.43934428691864 0.42384532094002 0.015498954802752
254 0.44281625747681 0.42756128311157 0.015254960395396
255 0.44654583930969 0.43132814764977 0.015217679552734
256 0.45045068860054 0.43514627218246 0.015304429456592
257 0.45489764213562 0.43901601433754 0.015881605446339
258 0.46317902207375 0.44293794035912 0.020241102203727
259 0.4725935459137 0.44691255688667 0.025680981576443
260 0.46724846959114 0.45094060897827 0.016307853162289
261 0.47121435403824 0.45502281188965 0.016191525384784
262 0.4761438369751 0.45915949344635 0.016984347254038
263 0.48824033141136 0.46335276961327 0.024887569248676
264 0.48842591047287 0.46761760115623 0.020808320492506
265 0.49609819054604 0.47192630171776 0.024171881377697
266 0.49334695935249 0.47629454731941 0.0170524045825
267 0.50550043582916 0.48072379827499 0.024776626378298
268 0.50264078378677 0.48521649837494 0.017424257472157
269 0.5064463019371 0.48977261781693 0.016673700883985
270 0.51106584072113 0.49439495801926 0.016670886427164
271 0.51678895950317 0.49908596277237 0.017703022807837
272 0.52222168445587 0.50384938716888 0.018372258171439
273 0.57640880346298 0.50869083404541 0.067717991769314
274 0.53479444980621 0.51359355449677 0.021200919523835
275 0.53965771198273 0.51857542991638 0.021082310006022
276 0.54512673616409 0.52364230155945 0.021484479308128
277 0.55899298191071 0.52879482507706 0.03019817173481
278 0.55239176750183 0.53403627872467 0.018355494365096
279 0.55838388204575 0.53937059640884 0.01901326328516
280 0.56315112113953 0.54480242729187 0.018348665907979
281 0.5711030960083 0.55033677816391 0.02076630666852
282 0.57399982213974 0.55597788095474 0.01802191324532
283 0.58312010765076 0.56173473596573 0.021385379135609
284 0.58618026971817 0.56761288642883 0.018567366525531
285 0.59370940923691 0.57362002134323 0.020089339464903
286 0.64734196662903 0.57976716756821 0.067574813961983
287 0.60974591970444 0.58605951070786 0.023686395958066
288 0.61390298604965 0.59251028299332 0.021392690017819
289 0.69917267560959 0.5991318821907 0.10004077106714
290 0.62590873241425 0.60593855381012 0.019970221444964
291 0.63910984992981 0.61294656991959 0.026163298636675
292 0.63991022109985 0.62017542123795 0.019734801724553
293 0.65997838973999 0.62764966487885 0.032328758388758
294 0.65576857328415 0.6354176402092 0.020350906997919
295 0.66316497325897 0.6434867978096 0.019678192213178
296 0.67163956165314 0.65178120136261 0.019858364015818
297 0.68203830718994 0.66047257184982 0.021565737202764
298 0.69590497016907 0.66959828138351 0.026306657120585
299 0.70572286844254 0.67918813228607 0.026534711942077
300 0.71403485536575 0.68928027153015 0.024754570797086
301 0.73192572593689 0.69999247789383 0.031933270394802
302 0.74328863620758 0.71147018671036 0.031818423420191
303 0.7645890712738 0.72371023893356 0.040878817439079
304 0.75869578123093 0.73691368103027 0.021782102063298
305 0.771957218647 0.75126075744629 0.020696440711617
306 0.78701144456863 0.76697939634323 0.020032031461596
307 0.80448508262634 0.78436124324799 0.020123852416873
308 0.82405769824982 0.80378437042236 0.020273312926292
309 0.84647196531296 0.82574617862701 0.020725760608912
310 0.88181978464127 0.85091155767441 0.030908217653632
311 0.90116357803345 0.88018590211868 0.020977675914764
312 0.93568193912506 0.91482788324356 0.020854050293565
313 0.97784578800201 0.95662945508957 0.02121633477509
314 1.0300890207291 1.00821352005 0.02187548391521
315 1.0979323387146 1.0735447406769 0.024387529119849
316 1.1958861351013 1.1588629484177 0.037023164331913
317 1.3039288520813 1.2744671106339 0.029461767524481
318 1.4612135887146 1.4384673833847 0.02274621091783
319 1.7088375091553 1.6851979494095 0.023639583960176
320 2.1105647087097 2.082953453064 0.027611287310719
321 2.7530391216278 2.7300002574921 0.023038925603032
322 3.6906008720398 3.6683027744293 0.02229799516499
323 5.5071120262146 5.4843735694885 0.022738721221685
324 9.1534786224365 9.1299228668213 0.023555664345622
325 13.921056747437 13.89595413208 0.025102201849222
326 10.799120903015 10.768035888672 0.031084954738617
327 6.5419263839722 6.4507822990417 0.091143898665905
328 4.144802570343 4.1172761917114 0.027526373043656
329 2.9515435695648 2.9269783496857 0.024565240368247
330 2.3027403354645 2.2792983055115 0.023441933095455
331 1.9242688417435 1.9000356197357 0.024233277887106
332 1.6925154924393 1.6640741825104 0.028441295027733
333 1.562703371048 1.5104292631149 0.052274122834206
334 1.4324234724045 1.4071928262711 0.025230698287487
335 1.3639227151871 1.3366415500641 0.027281180024147
336 1.312441110611 1.2881467342377 0.024294355884194
337 1.2780147790909 1.2539169788361 0.024097871035337
338 1.2544082403183 1.2302953004837 0.024112965911627
339 1.2397074699402 1.2153978347778 0.02430964820087
340 1.231871008873 1.207291841507 0.024579228833318
341 1.2294414043427 1.204519033432 0.024922359734774
342 1.231724858284 1.2059444189072 0.025780415162444
343 1.2448034286499 1.2113234996796 0.033479861915112
344 1.2474586963654 1.2199946641922 0.027464088052511
345 1.2649908065796 1.2316566705704 0.033334154635668
346 1.2743629217148 1.2461315393448 0.028231348842382
347 1.2905725240707 1.2633323669434 0.027240078896284
348 1.3105156421661 1.2832489013672 0.027266712859273
349 1.3339622020721 1.3059415817261 0.028020590543747
350 1.361248254776 1.3315382003784 0.029710037633777
351 1.3943527936935 1.3602340221405 0.034118808805943
352 1.4435523748398 1.3922965526581 0.051255870610476
353 1.4817966222763 1.4280735254288 0.053723067045212
354 1.5004333257675 1.4679883718491 0.032444998621941
355 1.6079156398773 1.5126252174377 0.09529036283493
356 1.5954101085663 1.5626492500305 0.032760966569185
357 1.6560294628143 1.6189073324203 0.037122152745724
358 1.7376372814178 1.6824532747269 0.055183943361044
359 1.8533893823624 1.7546042203903 0.098785206675529
360 1.8785374164581 1.837017416954 0.04152000695467
361 1.9722299575806 1.9317964315414 0.040433533489704
362 2.0852627754211 2.0416378974915 0.043624710291624
363 2.2225942611694 2.1700391769409 0.052555043250322
364 2.3957216739655 2.3215951919556 0.074126459658146
365 2.5892250537872 2.5024333000183 0.086791798472404
366 2.8385136127472 2.7208557128906 0.11765799671412
367 3.2327544689178 2.9883573055267 0.24439708888531
368 4.0579762458801 3.3211369514465 0.73683929443359
369 4.4888162612915 3.7426364421844 0.74617993831635
370 4.5185012817383 4.2877259254456 0.2307750582695
371 5.2176094055176 5.0099806785583 0.20762848854065
372 6.0731444358826 5.9948725700378 0.0782720297575
373 7.4454312324524 7.384916305542 0.060515116900206
374 9.4833908081055 9.4304084777832 0.052981667220592
375 12.674565315247 12.598543167114 0.076022297143936
376 17.879652023315 17.82398223877 0.055669035762548
377 27.165981292725 27.113513946533 0.052468772977591
378 44.995006561279 44.937389373779 0.057614803314209
379 79.702056884766 79.65633392334 0.045724637806416
380 127.10080718994 127.06424713135 0.036555528640747
381 99.932983398438 99.8974609375 0.035519581288099
382 57.248912811279 57.213790893555 0.035122763365507
383 33.825183868408 33.790466308594 0.034718845039606
384 21.801649093628 21.766914367676 0.034733142703772
385 15.230471611023 15.195394515991 0.035077445209026
386 11.351650238037 11.315454483032 0.036195889115334
387 8.9121999740601 8.8557062149048 0.056493826210499
388 7.2684445381165 7.2314314842224 0.037013173103333
389 6.1719155311584 6.1357436180115 0.036171555519104
390 5.4285955429077 5.3924694061279 0.036126296967268
391 4.8263268470764 4.7890133857727 0.037313718348742
392 4.2814469337463 4.2386865615845 0.04276018217206
393 3.8721175193787 3.8195297718048 0.052587818354368
394 3.5430998802185 3.5037572383881 0.039342608302832
395 3.3096907138824 3.25994348526 0.049747213721275
396 3.1105842590332 3.0669045448303 0.043679729104042
397 2.9885704517365 2.9127583503723 0.07581203430891
398 2.8308498859406 2.7878952026367 0.042954843491316
399 2.7320308685303 2.6861186027527 0.04591216519475
400 2.6962602138519 2.6029076576233 0.093352548778057
401 2.6240782737732 2.5348746776581 0.089203648269176
402 2.5879330635071 2.4794371128082 0.10849602520466
403 2.5043058395386 2.4345932006836 0.069712519645691
404 2.4526221752167 2.3987755775452 0.053846515715122
405 2.4220004081726 2.3707449436188 0.051255352795124
406 2.400897026062 2.3495171070099 0.05137998983264
407 2.3892433643341 2.3343074321747 0.054935969412327
408 2.4018814563751 2.3245129585266 0.077368699014187
409 2.3847725391388 2.3195970058441 0.065175548195839
410 2.3796691894531 2.3170289993286 0.062640279531479
411 2.3878126144409 2.3210396766663 0.066772915422916
412 2.4024331569672 2.3290266990662 0.073406487703323
413 2.4711027145386 2.3408501148224 0.13025268912315
414 2.4883086681366 2.3564352989197 0.13187336921692
415 2.4862284660339 2.3757693767548 0.11045905947685
416 2.5170414447784 2.3987290859222 0.11831237375736
417 2.5665607452393 2.4257860183716 0.14077493548393
418 2.6308088302612 2.4569401741028 0.17386867105961
419 2.7191054821014 2.4924552440643 0.22665022313595
420 2.8480718135834 2.5326492786407 0.3154225051403
421 3.0567579269409 2.5780599117279 0.47869816422462
422 3.4449639320374 2.6292462348938 0.81571763753891
423 4.4114956855774 2.6869804859161 1.7245154380798
424 7.9540357589722 2.7522776126862 5.2017579078674
425 15.814810752869 2.8262841701508 12.988526344299
426 5.8542227745056 2.9105517864227 2.9436709880829
427 4.2185020446777 3.0074324607849 1.2110694646835
428 3.7640888690948 3.1197752952576 0.64431363344193
429 3.6801917552948 3.2515549659729 0.4286367893219
430 3.7038736343384 3.4084370136261 0.29543653130531
431 3.8155570030212 3.5987994670868 0.21675750613213
432 4.0032730102539 3.8357362747192 0.16753666102886
433 4.2794761657715 4.1410546302795 0.13842134177685
434 4.6732845306396 4.5547623634338 0.11852208524942
435 5.2640500068665 5.1597590446472 0.10429130494595
436 6.2505440711975 6.1556611061096 0.094882674515247
437 8.1208333969116 8.0224533081055 0.098380111157894
438 11.296575546265 11.209087371826 0.087487772107124
439 16.410007476807 16.332439422607 0.077569045126438
440 14.113702774048 14.039603233337 0.074099361896515
441 12.315285682678 12.212842941284 0.10244213789701
442 13.526814460754 13.414019584656 0.11279497295618
443 17.061973571777 16.996223449707 0.065750479698181
444 21.489816665649 21.429622650146 0.060194790363312
445 31.01279258728 30.947360992432 0.065430887043476
446 51.319831848145 51.243698120117 0.076130695641041
447 92.76383972168 92.703231811523 0.060608699917793
448 139.83200073242 139.77214050293 0.059859413653612
449 93.689010620117 93.560958862305 0.12805433571339
450 52.021484375 51.965675354004 0.055810160934925
451 31.28173828125 31.225215911865 0.056522868573666
452 20.924674987793 20.859819412231 0.06485553830862
453 15.278826713562 15.22215461731 0.056672129780054
454 11.949326515198 11.895926475525 0.053400047123432
455 9.8552169799805 9.8010053634644 0.054211642593145
456 8.4658479690552 8.4138736724854 0.051973976194859
457 7.5281281471252 7.4605345726013 0.067593574523926
458 6.8433394432068 6.7879204750061 0.055419269949198
459 6.3573575019836 6.3058924674988 0.051465138792992
460 6.0128722190857 5.960325717926 0.052546571940184
461 5.7718110084534 5.7147979736328 0.057013064622879
462 5.6175384521484 5.5488033294678 0.068735219538212
463 5.5582885742188 5.4476318359375 0.11065702885389
464 5.4873328208923 5.4024186134338 0.08491413295269
465 5.4776344299316 5.4192891120911 0.058345280587673
466 5.5761432647705 5.5116767883301 0.064466297626495
467 5.7941756248474 5.7127342224121 0.081441126763821
468 6.2008366584778 6.1049304008484 0.095906510949135
469 7.0180349349976 6.9013886451721 0.11664628982544
470 8.6554670333862 8.5774068832397 0.078060030937195
471 10.913026809692 10.548130989075 0.36489561200142
472 10.348323822021 10.278034210205 0.070289708673954
473 12.381395339966 12.221500396729 0.15989477932453
474 18.082250595093 18.013809204102 0.068440973758698
475 20.740694046021 20.668992996216 0.071699902415276
476 13.959930419922 13.619365692139 0.34056550264359
477 9.7166557312012 9.625283241272 0.091372668743134
478 7.938636302948 7.8541340827942 0.084502004086971
479 7.1215348243713 7.0268359184265 0.094698905944824
480 6.7820658683777 6.6230440139771 0.15902145206928
481 6.6379952430725 6.4349865913391 0.20300869643688
482 6.5385403633118 6.3735513687134 0.16498890519142
483 6.6001420021057 6.4007453918457 0.19939659535885
484 6.8022222518921 6.5094547271729 0.29276740550995
485 7.2400603294373 6.7164258956909 0.52363431453705
486 8.341872215271 7.0916185379028 1.250254034996
487 13.222188949585 7.8006157875061 5.421573638916
488 11.276828765869 8.9722414016724 2.3045871257782
489 9.8757486343384 9.0915174484253 0.78423154354095
490 8.5728540420532 8.1831655502319 0.38968858122826
491 7.9707860946655 7.7290501594543 0.24173630774021
492 7.769467830658 7.5966210365295 0.17284701764584
493 7.7518849372864 7.6185026168823 0.1333821117878
494 7.8306441307068 7.7194747924805 0.11116939038038
495 7.9664278030396 7.8671946525574 0.099233016371727
496 8.1705350875854 8.0469961166382 0.12353830784559
497 8.3903427124023 8.2520380020142 0.13830465078354
498 8.5638828277588 8.4794616699219 0.084421463310719
499 8.8238000869751 8.7281742095947 0.095625475049019
500 9.0737180709839 9.000675201416 0.073042392730713
501 9.3762712478638 9.3052272796631 0.071043536067009
502 9.7434101104736 9.6693277359009 0.074082471430302
503 10.246264457703 10.178211212158 0.068052895367146
504 10.640668869019 10.578866958618 0.061802729964256
505 10.821370124817 10.758032798767 0.063338108360767
506 11.093391418457 11.033164978027 0.060226384550333
507 11.473533630371 11.405919075012 0.067615129053593
508 11.942111968994 11.828523635864 0.11358850449324
509 12.366358757019 12.282049179077 0.08431002497673
510 12.830459594727 12.772704124451 0.057756081223488
511 13.356112480164 13.300748825073 0.05536375194788
512 13.923656463623 13.869015693665 0.054640650749207
513 14.531675338745 14.477477073669 0.054198250174522
514 15.186438560486 15.131362915039 0.055075611919165
515 15.963551521301 15.834831237793 0.12872087955475
516 16.649639129639 16.592906951904 0.056732445955276
517 17.479217529297 17.40896987915 0.070248208940029
518 18.353477478027 18.292268753052 0.061209205538034
519 19.314531326294 19.252641677856 0.061889089643955
520 20.476964950562 20.301774978638 0.17518930137157
521 21.481704711914 21.411964416504 0.069739557802677
522 22.825412750244 22.623218536377 0.20219387114048
523 24.065057754517 23.952548980713 0.11250987648964
524 25.475210189819 25.409664154053 0.065546117722988
525 27.067749023438 27.009725570679 0.058023247867823
526 28.825090408325 28.767513275146 0.057578448206186
527 30.772861480713 30.707294464111 0.065567225217819
528 32.913829803467 32.8547706604 0.059057638049126
529 35.298198699951 35.239803314209 0.05839654058218
530 37.956745147705 37.898509979248 0.058235958218575
531 40.94059753418 40.875274658203 0.065325208008289
532 44.271419525146 44.217308044434 0.054113291203976
533 48.04020690918 47.984924316406 0.055282492190599
534 52.591396331787 52.521663665771 0.069731146097183
535 57.504085540771 57.444400787354 0.059683982282877
536 63.160614013672 63.100448608398 0.060165099799633
537 69.70043182373 69.644340515137 0.056093793362379
538 77.285232543945 77.228576660156 0.056654620915651
539 86.187141418457 86.115943908691 0.071195259690285
540 96.712646484375 96.649566650391 0.063076436519623
541 109.31024932861 109.2522354126 0.058015525341034
542 124.56089019775 124.50494384766 0.055949445813894
543 143.27928161621 143.22210693359 0.057183127850294
544 166.6396484375 166.57957458496 0.060065478086472
545 196.44087219238 196.33270263672 0.10817494988441
546 235.15718078613 235.09985351563 0.057336002588272
547 286.02172851563 285.96517944336 0.056529670953751
548 351.18389892578 351.12634277344 0.057556115090847
549 432.39801025391 432.31588745117 0.082105547189713
550 550.76556396484 550.70098876953 0.064558580517769
551 729.50720214844 729.09161376953 0.41557046771049
552 1.0076221313477E+03 1.0075499267578E+03 0.072171181440353
553 1.4646118164062E+03 1.4645438232422E+03 0.068031348288059
554 2.265115234375E+03 2.2650556640625E+03 0.059426415711641
555 3.7288957519531E+03 3.7288374023437E+03 0.058257628232241
556 6.2249619140625E+03 6.2249038085937E+03 0.05786132439971
557 8.357013671875E+03 8.3569521484375E+03 0.061223905533552
558 5.8974301757812E+03 5.8973686523437E+03 0.061547104269266
559 3.5401298828125E+03 3.5400659179688E+03 0.063939772546291
560 2.1797595214844E+03 2.1796923828125E+03 0.067079678177834
561 1.4293565673828E+03 1.4292969970703E+03 0.05959291011095
562 995.04412841797 994.98510742187 0.059007745236158
563 727.66906738281 727.60809326172 0.060991823673248
564 553.53503417969 553.47161865234 0.063390582799911
565 434.60873413086 434.5368347168 0.071891032159328
566 350.169921875 350.0322265625 0.13768655061722
567 288.14590454102 287.98550415039 0.16040572524071
568 241.23223876953 241.15658569336 0.075662240386009
569 205.05133056641 204.98002624512 0.071294844150543
570 176.62796020508 176.47079467773 0.15717667341232
571 154.58288574219 153.61474609375 0.96815037727356
572 135.0871887207 135.01510620117 0.072082571685314
573 119.78813171387 119.67963409424 0.10849894583225
574 106.87839508057 106.80712890625 0.071270801126957
575 96.10425567627 96.033149719238 0.071101762354374
576 86.950660705566 86.870124816895 0.080535173416138
577 79.098731994629 79.012756347656 0.085976995527744
578 72.29923248291 72.224151611328 0.07508085668087
579 66.384567260742 66.31761932373 0.066942781209946
580 61.212215423584 61.148086547852 0.06412835419178
581 56.665710449219 56.598075866699 0.067636519670486
582 52.70532989502 52.560604095459 0.14472453296185
583 49.061611175537 48.982635498047 0.078974388539791
584 45.854427337646 45.787944793701 0.066485092043877
585 42.986843109131 42.92391204834 0.06293011456728
586 40.408504486084 40.346725463867 0.061777133494616
587 38.0817527771 38.019626617432 0.06212617084384
588 35.974243164062 35.911647796631 0.062596797943115
589 34.063968658447 33.99654006958 0.067429333925247
590 32.322959899902 32.251976013184 0.070985905826092
591 30.807464599609 30.658895492554 0.14856907725334
592 29.273511886597 29.20108795166 0.072423011064529
593 27.944374084473 27.864999771118 0.079372987151146
594 26.708629608154 26.639638900757 0.068992041051388
595 25.68971824646 25.510681152344 0.17903673648834
596 24.526519775391 24.459308624268 0.067210473120213
597 23.559320449829 23.49418258667 0.065138570964336
598 22.669328689575 22.604572296143 0.064757831394672
599 21.849655151367 21.783540725708 0.066114492714405
600 21.095685958862 21.025688171387 0.069997861981392
