1 3.8166746962816E-03 9.9117178251618E-06 3.8067628629506E-03
2 4.1188839823008E-03 3.9839294913691E-05 4.0790447965264E-03
3 4.2497864924371E-03 9.044332546182E-05 4.1593429632485E-03
4 4.3806172907352E-03 1.6318261623383E-04 4.2174346745014E-03
5 4.537864588201E-03 2.6068248553202E-04 4.277182277292E-03
6 4.7267340123653E-03 3.8185738958418E-04 4.3448763899505E-03
7 4.9464977346361E-03 5.2349630277604E-04 4.423001781106E-03
8 5.2078044973314E-03 6.9471134338528E-04 4.5130932703614E-03
9 5.5213184095919E-03 9.018243290484E-04 4.6194940805435E-03
10 5.8918758295476E-03 1.1522255372256E-03 4.7396500594914E-03
11 6.346529815346E-03 1.457215519622E-03 4.8893145285547E-03
12 6.8432283587754E-03 1.835466362536E-03 5.0077619962394E-03
13 7.4823438189924E-03 2.3136918898672E-03 5.1686521619558E-03
14 8.2805417478085E-03 2.9324835631996E-03 5.3480579517782E-03
15 9.3258395791054E-03 3.7669977173209E-03 5.5588418617845E-03
16 0.010733864270151 4.9631791189313E-03 5.7706851512194E-03
17 0.012791655957699 6.7907469347119E-03 6.0009090229869E-03
18 0.016072345897555 9.8063107579947E-03 6.2660351395607E-03
19 0.0218047183007 0.015251222997904 6.5534953027964E-03
20 0.032899759709835 0.026031432673335 6.8683256395161E-03
21 0.055342398583889 0.048128627240658 7.2137699462473E-03
22 0.089050479233265 0.081457540392876 7.5929365120828E-03
23 0.081161648035049 0.073150232434273 8.0114156007767E-03
24 0.055922750383615 0.047448046505451 8.4747020155191E-03
25 0.040862932801247 0.03188744187355 8.9754918590188E-03
26 0.033120665699244 0.02359975501895 9.5209116116166E-03
27 0.029168635606766 0.019043212756515 0.010125421918929
28 0.027219006791711 0.016419179737568 0.010799827985466
29 0.026526739820838 0.01486608106643 0.011660658754408
30 0.026564002037048 0.013949724845588 0.012614278122783
31 0.026738576591015 0.013436620123684 0.01330195646733
32 0.02750276401639 0.013193319551647 0.014309443533421
33 0.028597697615623 0.013139386661351 0.015458310954273
34 0.029902331531048 0.013224077410996 0.016678255051374
35 0.03155454620719 0.013414106331766 0.018140440806746
36 0.03308155760169 0.013687991537154 0.019393566995859
37 0.035011716187 0.014027864672244 0.020983852446079
38 0.037241473793983 0.014424503780901 0.022816970944405
39 0.040086466819048 0.014867733232677 0.025218730792403
40 0.043673686683178 0.015352464281023 0.028321223333478
41 0.04757871106267 0.015873758122325 0.03170495480299
42 0.053634639829397 0.016428161412477 0.03720647841692
43 0.059289988130331 0.017012873664498 0.042277112603188
44 0.066380895674229 0.017625249922276 0.048755642026663
45 0.07460767775774 0.018264411017299 0.056343261152506
46 0.084822192788124 0.018928498029709 0.065893694758415
47 0.097762115299702 0.019616361707449 0.078145757317543
48 0.11469336599112 0.020327067002654 0.094366297125816
49 0.13774517178535 0.021059850230813 0.11668532341719
50 0.17141704261303 0.021814083680511 0.14960296452045
51 0.22908896207809 0.022589255124331 0.20649971067905
52 0.35668897628784 0.023384949192405 0.33330404758453
53 0.69717752933502 0.024200836196542 0.67297667264938
54 1.6338804960251 0.025036660954356 1.6088439226151
55 3.8459177017212 0.025892250239849 3.8200254440308
56 8.8857917785645 0.026767509058118 8.8590240478516
57 18.43236541748 0.027662437409163 18.404703140259
58 18.542463302612 0.02857731282711 18.513885498047
59 22.736089706421 0.029512213543057 22.706577301025
60 23.64139175415 0.030467892065644 23.61092376709
61 24.306478500366 0.031445540487766 24.275032043457
62 21.638586044312 0.032447639852762 21.60613822937
63 24.11780166626 0.033478125929832 24.084323883057
64 7.0109314918518 0.034546386450529 6.9763851165771
65 2.9010446071625 0.035672396421432 2.8653721809387
66 1.1977678537369 0.036898359656334 1.1608694791794
67 0.55884617567062 0.038265384733677 0.52058082818985
68 0.32863020896912 0.039528287947178 0.2891018986702
69 0.2353006452322 0.040378972887993 0.19492165744305
70 0.18783758580685 0.041272781789303 0.14656479656696
71 0.15878383815289 0.042290907353163 0.11649292707443
72 0.13881267607212 0.043387640267611 0.0954250395298
73 0.12444084882736 0.044532835483551 0.079908013343811
74 0.11381823569536 0.045712541788816 0.068105690181255
75 0.10586340725422 0.046919122338295 0.058944281190634
76 0.099895060062408 0.048149097710848 0.051745962351561
77 0.095175579190254 0.049401354044676 0.045774225145578
78 0.091259822249413 0.050674416124821 0.040585409849882
79 0.088677130639553 0.051967684179544 0.036709446460009
80 0.086219154298306 0.053280808031559 0.032938342541456
81 0.084644995629787 0.05461360514164 0.030031390488148
82 0.083482749760151 0.055965974926949 0.027516776695848
83 0.082714468240738 0.057337887585163 0.025376580655575
84 0.082263097167015 0.058729358017445 0.023533741012216
85 0.082083597779274 0.060140445828438 0.021943150088191
86 0.081892013549805 0.061571232974529 0.020320780575275
87 0.082176223397255 0.063021823763847 0.019154399633408
88 0.08263685554266 0.064492382109165 0.01814447529614
89 0.083261370658875 0.065983064472675 0.017278309911489
90 0.084036529064178 0.067494124174118 0.01654240489006
91 0.084958367049694 0.069025918841362 0.015932446345687
92 0.086015768349171 0.070579044520855 0.015436724759638
93 0.087280012667179 0.072154618799686 0.015125392004848
94 0.088808052241802 0.07375530898571 0.015052745118737
95 0.090016700327396 0.075388297438622 0.014628400094807
96 0.092516712844372 0.077069632709026 0.015447084791958
97 0.093293964862823 0.078754112124443 0.014539855532348
98 0.094949699938297 0.080369964241982 0.014579731039703
99 0.096914656460285 0.082037933170795 0.014876725152135
100 0.099154360592365 0.083765015006065 0.015389352105558
101 0.099848933517933 0.085502803325653 0.014346129260957
102 0.10268410295248 0.087266221642494 0.015417884103954
103 0.10520649701357 0.089054085314274 0.016152411699295
104 0.10849686712027 0.09086611866951 0.017630748450756
105 0.1119544506073 0.092702426016331 0.019252024590969
106 0.11602678149939 0.094563275575638 0.021463505923748
107 0.12075594067574 0.096449121832848 0.024306822568178
108 0.1263717263937 0.09836046397686 0.028011258691549
109 0.13333384692669 0.10029794275761 0.033035904169083
110 0.14217998087406 0.10226236283779 0.039917625486851
111 0.15726874768734 0.10425472259521 0.053014028817415
112 0.16830438375473 0.10627640038729 0.062027972191572
113 0.19103592634201 0.10832935571671 0.082706578075886
114 0.22778603434563 0.11041665077209 0.11736939102411
115 0.29707291722298 0.11254352331161 0.18452939391136
116 0.43372410535812 0.11471984535456 0.31900426745415
117 0.81026077270508 0.11696577817202 0.69329500198364
118 2.3308846950531 0.11932300031185 2.2115619182587
119 5.4844160079956 0.12185008078814 5.3625659942627
120 1.2901173830032 0.12440776824951 1.1657096147537
121 0.58403712511063 0.12646435201168 0.45757278800011
122 0.36676079034805 0.1284656971693 0.23829509317875
123 0.27734985947609 0.13063618540764 0.14671367406845
124 0.24409948289394 0.13293136656284 0.1111681163311
125 0.21053232252598 0.13530969619751 0.075222611427307
126 0.1947358995676 0.1377510279417 0.056984875351191
127 0.18552908301353 0.14024770259857 0.045281376689672
128 0.18089628219604 0.14279612898827 0.03810016065836
129 0.17723940312862 0.14539562165737 0.031843792647123
130 0.1755637973547 0.14804662764072 0.027517164126039
131 0.17554596066475 0.1507513821125 0.024794572964311
132 0.17538911104202 0.15351171791553 0.021877398714423
133 0.17628872394562 0.15633028745651 0.019958447664976
134 0.17746333777905 0.15921020507813 0.018253123387694
135 0.17911821603775 0.16215504705906 0.016963163390756
136 0.18118001520634 0.16516879200935 0.016011223196983
137 0.18461272120476 0.16825594007969 0.016356790438294
138 0.18558576703072 0.17142151296139 0.014164258725941
139 0.18822874128819 0.1746711730957 0.013557576574385
140 0.19113485515118 0.17801123857498 0.013123625889421
141 0.19453959167004 0.18144881725311 0.013090784661472
142 0.2050925642252 0.18499191105366 0.020100645720959
143 0.20147933065891 0.18864956498146 0.012829774059355
144 0.20437335968018 0.19243186712265 0.011941488832235
145 0.21368123590946 0.19635064899921 0.017330585047603
146 0.21158237755299 0.20041897892952 0.011163395829499
147 0.21556334197521 0.20465195178986 0.010911403223872
148 0.21998523175716 0.20906679332256 0.010918435640633
149 0.22537010908127 0.21368336677551 0.01168674044311
150 0.22938561439514 0.21851880848408 0.010866807773709
151 0.2347404062748 0.22361151874065 0.011128883808851
152 0.23934245109558 0.22898630797863 0.010356138460338
153 0.24503196775913 0.23467935621738 0.010352618992329
154 0.25617158412933 0.24073313176632 0.015438458882272
155 0.25728914141655 0.24719782173634 0.010091315954924
156 0.26435512304306 0.25413307547569 0.010222049430013
157 0.27141556143761 0.26161006093025 9.8054828122258E-03
158 0.27943480014801 0.26971453428268 9.7202872857451E-03
159 0.28824371099472 0.27855011820793 9.6935983747244E-03
160 0.29790511727333 0.28824332356453 9.6618020907044E-03
161 0.30859768390656 0.2989496588707 9.6480315551162E-03
162 0.32056701183319 0.31086185574532 9.7051383927464E-03
163 0.33400204777718 0.32422116398811 9.780865162611E-03
164 0.34966260194778 0.33934360742569 0.010318982414901
165 0.37801823019981 0.35659697651863 0.021421240642667
166 0.38884833455086 0.37649658322334 0.012351743876934
167 0.41005876660347 0.39970383048058 0.010354932397604
168 0.43693435192108 0.42709910869598 9.8352506756783E-03
169 0.46960011124611 0.45987355709076 9.7265467047691E-03
170 0.50940376520157 0.49966964125633 9.7341034561396E-03
171 0.55863213539124 0.54879939556122 9.8327305167913E-03
172 0.62044280767441 0.61059588193893 9.8469741642475E-03
173 0.70009398460388 0.68999540805817 0.010098541155457
174 0.80480188131332 0.79454082250595 0.010261075571179
175 0.94812661409378 0.93617951869965 0.011947102844715
176 1.146133184433 1.1346451044083 0.011488155461848
177 1.4345697164536 1.4241594076157 0.010410289280117
178 1.8775556087494 1.8675009012222 0.010054729878902
179 2.5972721576691 2.5872449874878 0.010027043521404
180 3.8488144874573 3.8375685214996 0.0112459436059
181 6.1676487922668 6.1575651168823 0.010083744302392
182 10.512275695801 10.502063751221 0.010211781598628
183 16.611362457275 16.600746154785 0.010616292245686
184 14.586277961731 14.572014808655 0.014263335615396
185 8.8840703964233 8.8703289031982 0.013741562142968
186 5.4173774719238 5.4067749977112 0.010602723807096
187 3.5616755485535 3.5511274337769 0.010548246093094
188 2.5269074440002 2.516578912735 0.010328580625355
189 1.9104406833649 1.900054693222 0.010385979898274
190 1.5196923017502 1.5092504024506 0.010441796854138
191 1.2591338157654 1.2485872507095 0.010546530596912
192 1.0784944295883 1.067754983902 0.010739343240857
193 0.95077806711197 0.93895238637924 0.011825693771243
194 0.85607874393463 0.84452295303345 0.01155580766499
195 0.78347933292389 0.76810133457184 0.015377985313535
196 0.72165137529373 0.70884835720062 0.01280299667269
197 0.67457324266434 0.66325122117996 0.011322037316859
198 0.63882821798325 0.62776082754135 0.011067349463701
199 0.61177867650986 0.60014951229095 0.011629150249064
200 0.59116631746292 0.57930046319962 0.01186584122479
201 0.57950353622437 0.56537681818008 0.014126709662378
202 0.57213664054871 0.56056988239288 0.011566764675081
203 0.57780474424362 0.5663810968399 0.011423652991652
204 0.5638445019722 0.55264532566071 0.011199150234461
205 0.53778529167175 0.52645468711853 0.011330598965287
206 0.52307736873627 0.50978273153305 0.013294656760991
207 0.51112341880798 0.49933290481567 0.01179052144289
208 0.50518935918808 0.4922511279583 0.01293823774904
209 0.50222700834274 0.48722168803215 0.01500532310456
210 0.4958458840847 0.48343431949615 0.012411558069289
211 0.49526497721672 0.48071220517159 0.014552774839103
212 0.49068397283554 0.47882843017578 0.01185552123934
213 0.48954728245735 0.47762268781662 0.011924612335861
214 0.48941117525101 0.47698456048965 0.012426603585482
215 0.51002430915833 0.47683355212212 0.033190775662661
216 0.48938137292862 0.47710707783699 0.01227427367121
217 0.48986607789993 0.47775501012802 0.012111066840589
218 0.49101808667183 0.47873604297638 0.012282054871321
219 0.49217081069946 0.48001569509506 0.012155130505562
220 0.49377557635307 0.48156479001045 0.012210794724524
221 0.4956858754158 0.483358502388 0.012327367439866
222 0.49785017967224 0.48538500070572 0.012465158477426
223 0.50028771162033 0.48760676383972 0.012680954299867
224 0.50274127721786 0.48968955874443 0.013051744550467
225 0.50638526678085 0.49230194091797 0.014083312824368
226 0.5195751786232 0.4950737953186 0.024501368403435
227 0.51251608133316 0.49799531698227 0.014520742930472
228 0.51478362083435 0.50105845928192 0.013725148513913
229 0.51856112480164 0.5042576789856 0.014303421601653
230 0.52267777919769 0.5075923204422 0.015085503458977
231 0.53438776731491 0.51107633113861 0.023311417549849
232 0.53162199258804 0.51477271318436 0.016849279403687
233 0.53861904144287 0.51864188909531 0.019977128133178
234 0.57025241851807 0.5221843123436 0.048068109899759
235 0.54847747087479 0.5258931517601 0.022584307938814
236 0.55146098136902 0.52978479862213 0.021676195785403
237 0.57587140798569 0.53379589319229 0.042075507342815
238 0.55575680732727 0.53790587186813 0.017850963398814
239 0.59598189592361 0.54210615158081 0.053875736892223
240 0.56246602535248 0.54639202356339 0.016074046492577
241 0.56693315505981 0.55076080560684 0.016172321513295
242 0.58079981803894 0.55521005392075 0.025589779019356
243 0.58392328023911 0.5597380399704 0.024185284972191
244 0.58540791273117 0.56434327363968 0.021064665168524
245 0.58476585149765 0.5690244436264 0.01574144884944
246 0.58903634548187 0.57378059625626 0.015255785547197
247 0.59545969963074 0.57861089706421 0.016848793253303
248 0.61978089809418 0.58351480960846 0.036266051232815
249 0.6103807091713 0.5884917974472 0.021888894960284
250 0.61951470375061 0.59354156255722 0.025973094627261
251 0.61918842792511 0.59866392612457 0.02052447758615
252 0.61993652582169 0.60385882854462 0.016077686101198
253 0.6246252655983 0.609126329422 0.015498954802752
254 0.62972164154053 0.61446666717529 0.015254960395396
255 0.63509792089462 0.61988019943237 0.015217679552734
256 0.64067184925079 0.6253674030304 0.015304429456592
257 0.64681041240692 0.63092881441116 0.015881605446339
258 0.65680623054504 0.63656514883041 0.020241102203727
259 0.66795825958252 0.64227724075317 0.025680981576443
260 0.6643739938736 0.6480661034584 0.016307853162289
261 0.6701243519783 0.65393286943436 0.016191525384784
262 0.676862180233 0.65987783670425 0.016984347254038
263 0.69079172611237 0.66590416431427 0.024887569248676
264 0.69284164905548 0.67203336954117 0.020808320492506
265 0.70239746570587 0.67822557687759 0.024171881377697
266 0.701555788517 0.68450337648392 0.0170524045825
267 0.71564543247223 0.69086879491806 0.024776626378298
268 0.71474975347519 0.69732546806335 0.017424257472157
269 0.72054696083069 0.70387327671051 0.016673700883985
270 0.72718715667725 0.71051627397537 0.016670886427164
271 0.73496091365814 0.71725785732269 0.017703022807837
272 0.74247586727142 0.72410362958908 0.018372258171439
273 0.79877942800522 0.73106145858765 0.067717991769314
274 0.75930821895599 0.73810732364655 0.021200919523835
275 0.76634931564331 0.74526703357697 0.021082310006022
276 0.77403330802917 0.75254881381989 0.021484479308128
277 0.7901519536972 0.75995373725891 0.03019817173481
278 0.7858419418335 0.76748645305634 0.018355494365096
279 0.79416596889496 0.77515268325806 0.01901326328516
280 0.80130767822266 0.782958984375 0.018348665907979
281 0.81167894601822 0.79091268777847 0.02076630666852
282 0.81704163551331 0.79901975393295 0.01802191324532
283 0.82867854833603 0.807293176651 0.021385379135609
284 0.83430826663971 0.81574088335037 0.018567366525531
285 0.84446334838867 0.82437402009964 0.020089339464903
286 0.9007830619812 0.83320826292038 0.067574813961983
287 0.86593770980835 0.84225130081177 0.023686395958066
288 0.87291467189789 0.85152196884155 0.021392690017819
289 0.96107894182205 0.86103814840317 0.10004077106714
290 0.89079052209854 0.87082028388977 0.019970221444964
291 0.90705513954163 0.8808918595314 0.026163298636675
292 0.91101551055908 0.89128071069717 0.019734801724553
293 0.93435102701187 0.90202230215073 0.032328758388758
294 0.93353688716888 0.91318601369858 0.020350906997919
295 0.94446069002151 0.92478251457214 0.019678192213178
296 0.95656114816666 0.93670278787613 0.019858364015818
297 0.97075927257538 0.94919353723526 0.021565737202764
298 0.98861515522003 0.96230846643448 0.026306657120585
299 1.0026252269745 0.97609049081802 0.026534711942077
300 1.0153489112854 0.9905943274498 0.024754570797086
301 1.037922501564 1.0059893131256 0.031933270394802
302 1.0543028116226 1.02248442173 0.031818423420191
303 1.080953836441 1.0400750637054 0.040878817439079
304 1.0808324813843 1.059050321579 0.021782102063298
305 1.1003655195236 1.0796691179276 0.020696440711617
306 1.1222910881042 1.1022590398788 0.020032031461596
307 1.1473630666733 1.1272392272949 0.020123852416873
308 1.175426363945 1.1551530361176 0.020273312926292
309 1.2074410915375 1.1867153644562 0.020725760608912
310 1.2537897825241 1.2228815555573 0.030908217653632
311 1.2859306335449 1.2649530172348 0.020977675914764
312 1.335592508316 1.3147385120392 0.020854050293565
313 1.3960295915604 1.3748133182526 0.02121633477509
314 1.4708223342896 1.4489469528198 0.02187548391521
315 1.5672248601913 1.5428372621536 0.024387529119849
316 1.7024749517441 1.6654517650604 0.037023164331913
317 1.8610532283783 1.8315914869308 0.029461767524481
318 2.0900294780731 2.0672833919525 0.02274621091783
319 2.4455099105835 2.4218702316284 0.023639583960176
320 3.0211131572723 2.9935019016266 0.027611287310719
321 3.9464395046234 3.9234006404877 0.023038925603032
322 5.2941737174988 5.2718753814697 0.02229799516499
323 7.9045672416687 7.8818287849426 0.022738721221685
324 13.144559860229 13.121005058289 0.023555664345622
325 19.995574951172 19.970472335815 0.025102201849222
326 15.50629234314 15.475207328796 0.031084954738617
327 9.3618402481079 9.2706966400146 0.091143898665905
328 5.9446411132813 5.9171147346497 0.027526373043656
329 4.2310514450073 4.2064862251282 0.024565240368247
330 3.2991194725037 3.2756776809692 0.023441933095455
331 2.7548561096191 2.7306227684021 0.024233277887106
332 2.4199538230896 2.39151263237 0.028441295027733
333 2.2229769229889 2.1707026958466 0.052274122834206
334 2.0475678443909 2.0223371982574 0.025230698287487
335 1.9482262134552 1.9209450483322 0.027281180024147
336 1.8755453824997 1.8512510061264 0.024294355884194
337 1.8261557817459 1.8020579814911 0.024097871035337
338 1.7922232151031 1.7681102752686 0.024112965911627
339 1.7710100412369 1.7467004060745 0.02430964820087
340 1.7596302032471 1.7350509166718 0.024579228833318
341 1.7559884786606 1.7310661077499 0.024922359734774
342 1.7588949203491 1.7331146001816 0.025780415162444
343 1.7743248939514 1.7408450841904 0.033479861915112
344 1.780770778656 1.7533067464828 0.027464088052511
345 1.8034008741379 1.7700667381287 0.033334154635668
346 1.8191006183624 1.7908692359924 0.028231348842382
347 1.8428293466568 1.8155893087387 0.027240078896284
348 1.8714787960052 1.8442121744156 0.027266712859273
349 1.9048453569412 1.8768248558044 0.028020590543747
350 1.9433207511902 1.9136106967926 0.029710037633777
351 1.9889695644379 1.9548507928848 0.034118808805943
352 2.0521850585938 2.0009291172028 0.051255870610476
353 2.1060688495636 2.0523457527161 0.053723067045212
354 2.1421542167664 2.1097092628479 0.032444998621941
355 2.2691490650177 2.1738588809967 0.09529036283493
356 2.2785112857819 2.2457501888275 0.032760966569185
357 2.3637232780457 2.326601266861 0.037122152745724
358 2.473109960556 2.4179258346558 0.055183943361044
359 2.6204023361206 2.5216171741486 0.098785206675529
360 2.6815767288208 2.6400566101074 0.04152000695467
361 2.8167011737823 2.7762677669525 0.040433533489704
362 2.9777503013611 2.93412566185 0.043624710291624
363 3.1712114810944 3.1186566352844 0.052555043250322
364 3.4105906486511 3.3364641666412 0.074126459658146
365 3.683146238327 3.5963544845581 0.086791798472404
366 4.027916431427 3.9102585315704 0.11765799671412
367 4.5390939712524 4.2946968078613 0.24439708888531
368 5.5097880363464 4.7729487419128 0.73683929443359
369 6.1248836517334 5.3787035942078 0.74617993831635
370 6.3928503990173 6.1620755195618 0.2307750582695
371 7.4076871871948 7.2000584602356 0.20762848854065
372 8.6937608718872 8.6154890060425 0.0782720297575
373 10.67369556427 10.613180160522 0.060515116900206
374 13.605827331543 13.552845954895 0.052981667220592
375 18.181930541992 18.105907440186 0.076022297143936
376 25.671279907227 25.615610122681 0.055669035762548
377 39.018463134766 38.965995788574 0.052468772977591
378 64.639068603516 64.58145904541 0.057614803314209
379 114.52326965332 114.4775390625 0.045724637806416
380 182.64604187012 182.60949707031 0.036555528640747
381 143.60246276855 143.56694030762 0.035519581288099
382 82.25951385498 82.224395751953 0.035122763365507
383 48.596446990967 48.561729431152 0.034718845039606
384 31.316902160645 31.282169342041 0.034733142703772
385 21.873031616211 21.837953567505 0.035077445209026
386 16.298122406006 16.261926651001 0.036195889115334
387 12.783410072327 12.726916313171 0.056493826210499
388 10.429614067078 10.392601013184 0.037013173103333
389 8.8541126251221 8.8179407119751 0.036171555519104
390 7.7858757972717 7.7497491836548 0.036126296967268
391 6.919810295105 6.8824968338013 0.037313718348742
392 6.1343588829041 6.0915985107422 0.04276018217206
393 5.5417981147766 5.4892101287842 0.052587818354368
394 5.0747427940369 5.0353999137878 0.039342608302832
395 4.7347521781921 4.6850047111511 0.049747213721275
396 4.4512600898743 4.4075803756714 0.043679729104042
397 4.2618622779846 4.1860504150391 0.07581203430891
398 4.0495586395264 4.006603717804 0.042954843491316
399 3.9062488079071 3.8603365421295 0.04591216519475
400 3.8341028690338 3.7407503128052 0.093352548778057
401 3.7321810722351 3.64297747612 0.089203648269176
402 3.6718015670776 3.5633056163788 0.10849602520466
403 3.5685710906982 3.4988584518433 0.069712519645691
404 3.5012300014496 3.4473834037781 0.053846515715122
405 3.4583547115326 3.4070994853973 0.051255352795124
406 3.4279718399048 3.3765919208527 0.05137998983264
407 3.4096693992615 3.3547334671021 0.054935969412327
408 3.418025970459 3.3406572341919 0.077368699014187
409 3.3987681865692 3.3335926532745 0.065175548195839
410 3.3925421237946 3.3299016952515 0.062640279531479
411 3.4024386405945 3.3356657028198 0.066772915422916
412 3.4205508232117 3.3471441268921 0.073406487703323
413 3.4943890571594 3.3641362190247 0.13025268912315
414 3.5184075832367 3.3865342140198 0.13187336921692
415 3.5247793197632 3.414320230484 0.11045905947685
416 3.5656290054321 3.4473166465759 0.11831237375736
417 3.6269760131836 3.4862012863159 0.14077493548393
418 3.704843044281 3.5309743881226 0.17386867105961
419 3.8086647987366 3.5820145606995 0.22665022313595
420 3.955201625824 3.6397790908813 0.3154225051403
421 4.1837387084961 3.7050404548645 0.47869816422462
422 4.5943202972412 3.7786028385162 0.81571763753891
423 5.5860905647278 3.8615751266479 1.7245154380798
424 9.1571741104126 3.9554162025452 5.2017579078674
425 17.050300598145 4.0617747306824 12.988526344299
426 7.1265501976013 4.1828789710999 2.9436709880829
427 5.5331797599792 4.3221101760864 1.2110694646835
428 5.1278767585754 4.4835629463196 0.64431363344193
429 5.1015863418579 4.6729493141174 0.4286367893219
430 5.19384765625 4.8984112739563 0.29543653130531
431 5.3887467384338 5.171989440918 0.21675750613213
432 5.6800379753113 5.5125012397766 0.16753666102886
433 6.0897088050842 5.9512877464294 0.13842134177685
434 6.6643667221069 6.5458445549011 0.11852208524942
435 7.5196027755737 7.4153113365173 0.10429130494595
436 8.9414482116699 8.846565246582 0.094882674515247
437 11.627793312073 11.529413223267 0.098380111157894
438 16.196548461914 16.109062194824 0.087487772107124
439 23.549619674683 23.472049713135 0.077569045126438
440 20.251016616821 20.176916122437 0.074099361896515
441 17.654043197632 17.551601409912 0.10244213789701
442 19.390659332275 19.277864456177 0.11279497295618
443 24.49175453186 24.426002502441 0.065750479698181
444 30.857625961304 30.797430038452 0.060194790363312
445 44.541213989258 44.475784301758 0.065430887043476
446 73.720649719238 73.644523620605 0.076130695641041
447 133.28840637207 133.22779846191 0.060608699917793
448 200.93240356445 200.87254333496 0.059859413653612
449 134.58853149414 134.46047973633 0.12805433571339
450 74.737915039063 74.682106018066 0.055810160934925
451 44.931621551514 44.875099182129 0.056522868573666
452 30.043397903442 29.978542327881 0.06485553830862
453 21.933084487915 21.876411437988 0.056672129780054
454 17.149547576904 17.096147537231 0.053400047123432
455 14.139657974243 14.085445404053 0.054211642593145
456 12.143914222717 12.091939926147 0.051973976194859
457 10.789447784424 10.7218542099 0.067593574523926
458 9.8106307983398 9.7552118301392 0.055419269949198
459 9.1139335632324 9.0624685287476 0.051465138792992
460 8.61838722229 8.5658397674561 0.052546571940184
461 8.2699947357178 8.2129821777344 0.057013064622879
462 8.043158531189 7.9744238853455 0.068735219538212
463 7.9396824836731 7.8290257453918 0.11065702885389
464 7.8489623069763 7.7640480995178 0.08491413295269
465 7.8466382026672 7.7882928848267 0.058345280587673
466 7.9855341911316 7.9210677146912 0.064466297626495
467 8.2914571762085 8.2100162506104 0.081441126763821
468 8.8695640563965 8.7736577987671 0.095906510949135
469 10.034928321838 9.9182815551758 0.11664628982544
470 12.405019760132 12.326959609985 0.078060030937195
471 15.524067878723 15.159172058105 0.36489561200142
472 14.841294288635 14.771004676819 0.070289708673954
473 17.723937988281 17.564043045044 0.15989477932453
474 25.956861495972 25.88842010498 0.068440973758698
475 29.775999069214 29.704298019409 0.071699902415276
476 19.913539886475 19.572975158691 0.34056550264359
477 13.924280166626 13.832907676697 0.091372668743134
478 11.372015953064 11.28751373291 0.084502004086971
479 10.193266868591 10.098567962646 0.094698905944824
480 9.6772832870483 9.5182609558105 0.15902145206928
481 9.4510040283203 9.2479953765869 0.20300869643688
482 9.3246936798096 9.159704208374 0.16498890519142
483 9.3981828689575 9.1987867355347 0.19939659535885
484 9.6477842330933 9.355016708374 0.29276740550995
485 10.176098823547 9.6524639129639 0.52363431453705
486 11.441924095154 10.191669464111 1.250254034996
487 16.632173538208 11.210599899292 5.421573638916
488 15.198981285095 12.894393920898 2.3045871257782
489 13.850041389465 13.065810203552 0.78423154354095
490 12.150067329407 11.760378837585 0.38968858122826
491 11.349486351013 11.107749938965 0.24173630774021
492 11.090277671814 10.917429924011 0.17284701764584
493 11.082259178162 10.948877334595 0.1333821117878
494 11.205158233643 11.093989372253 0.11116939038038
495 11.405516624451 11.306283950806 0.099233016371727
496 11.688222885132 11.564684867859 0.12353830784559
497 11.997663497925 11.859358787537 0.13830465078354
498 12.270619392395 12.186198234558 0.084421463310719
499 12.639259338379 12.543634414673 0.095625475049019
500 13.008299827576 12.935256958008 0.073042392730713
501 13.443985939026 13.372941970825 0.071043536067009
502 13.970289230347 13.896206855774 0.074082471430302
503 14.695597648621 14.62754535675 0.068052895367146
504 15.265146255493 15.203343391418 0.061802729964256
505 15.524168968201 15.460830688477 0.063338108360767
506 15.91646194458 15.85623550415 0.060226384550333
507 16.459550857544 16.391935348511 0.067615129053593
508 17.112867355347 16.999279022217 0.11358850449324
509 17.735370635986 17.65106010437 0.08431002497673
510 18.413957595825 18.356201171875 0.057756081223488
511 19.170442581177 19.115077972412 0.05536375194788
512 19.986398696899 19.931758880615 0.054640650749207
513 20.860403060913 20.806205749512 0.054198250174522
514 21.801008224487 21.745931625366 0.055075611919165
515 22.885637283325 22.756916046143 0.12872087955475
516 23.903112411499 23.846380233765 0.056732445955276
517 25.089426040649 25.019178390503 0.070248208940029
518 26.349813461304 26.288604736328 0.061209205538034
519 27.730688095093 27.668798446655 0.061889089643955
520 29.351741790771 29.176553726196 0.17518930137157
521 30.841793060303 30.772054672241 0.069739557802677
522 32.714992523193 32.512798309326 0.20219387114048
523 34.535747528076 34.423236846924 0.11250987648964
524 36.582866668701 36.517318725586 0.065546117722988
525 38.874862670898 38.816837310791 0.058023247867823
526 41.400608062744 41.343029022217 0.057578448206186
527 44.196338653564 44.130771636963 0.065567225217819
528 47.276058197021 47.217002868652 0.059057638049126
529 50.703029632568 50.644634246826 0.05839654058218
530 54.523811340332 54.465576171875 0.058235958218575
531 58.808937072754 58.74361038208 0.065325208008289
532 63.600704193115 63.546592712402 0.054113291203976
533 69.016479492188 68.961196899414 0.055282492190599
534 75.550872802734 75.481140136719 0.069731146097183
535 82.615501403809 82.555816650391 0.059683982282877
536 90.744529724121 90.684364318848 0.060165099799633
537 100.14496612549 100.0888671875 0.056093793362379
538 111.04516601562 110.98851013184 0.056654620915651
539 123.83212280273 123.76092529297 0.071195259690285
540 138.9623260498 138.89924621582 0.063076436519623
541 157.06909179688 157.01107788086 0.058015525341034
542 178.98735046387 178.93139648438 0.055949445813894
543 205.88781738281 205.8306427002 0.057183127850294
544 239.45872497559 239.39866638184 0.060065478086472
545 282.2663269043 282.15817260742 0.10817494988441
546 337.92944335938 337.87210083008 0.057336002588272
547 411.02938842773 410.97286987305 0.056529670953751
548 504.67630004883 504.61874389648 0.057556115090847
549 621.3818359375 621.29974365234 0.082105547189713
550 791.50067138672 791.43609619141 0.064558580517769
551 1.0482244873047E+03 1.0478089599609E+03 0.41557046771049
552 1.4480655517578E+03 1.4479932861328E+03 0.072171181440353
553 2.1048269042969E+03 2.1047587890625E+03 0.068031348288059
554 3.2552683105469E+03 3.255208984375E+03 0.059426415711641
555 5.3589306640625E+03 5.3588725585938E+03 0.058257628232241
556 8.946134765625E+03 8.9460771484375E+03 0.05786132439971
557 1.2010196289063E+04 1.2010134765625E+04 0.061223905533552
558 8.4754228515625E+03 8.475361328125E+03 0.061547104269266
559 5.08764453125E+03 5.0875805664062E+03 0.063939772546291
560 3.1325966796875E+03 3.1325295410156E+03 0.067079678177834
561 2.0541638183594E+03 2.0541040039063E+03 0.05959291011095
562 1.4299948730469E+03 1.4299359130859E+03 0.059007745236158
563 1.0457377929687E+03 1.0456768798828E+03 0.060991823673248
564 795.48126220703 795.41790771484 0.063390582799911
565 624.5634765625 624.49157714844 0.071891032159328
566 503.18402099609 503.04635620117 0.13768655061722
567 414.03674316406 413.87634277344 0.16040572524071
568 346.65216064453 346.57647705078 0.075662240386009
569 294.65689086914 294.58560180664 0.071294844150543
570 253.77093505859 253.61375427246 0.15717667341232
571 221.73449707031 220.76634216309 0.96815037727356
572 194.10809326172 194.03601074219 0.072082571685314
573 172.10523986816 171.99674987793 0.10849894583225
574 153.56837463379 153.49711608887 0.071270801126957
575 138.08447265625 138.01336669922 0.071101762354374
576 124.92532348633 124.84478759766 0.080535173416138
577 113.63861083984 113.55262756348 0.085976995527744
578 103.8715057373 103.79642486572 0.07508085668087
579 95.374847412109 95.307907104492 0.066942781209946
580 87.942672729492 87.878540039063 0.06412835419178
581 81.407165527344 81.33952331543 0.067636519670486
582 75.681823730469 75.537101745605 0.14472453296185
583 70.474021911621 70.395050048828 0.078974388539791
584 65.870307922363 65.803817749023 0.066485092043877
585 61.750728607178 61.687801361084 0.06293011456728
586 58.045791625977 57.98401260376 0.061777133494616
587 54.701763153076 54.639636993408 0.06212617084384
588 51.67276763916 51.610172271729 0.062596797943115
589 48.925319671631 48.857891082764 0.067429333925247
590 46.421684265137 46.350696563721 0.070985905826092
591 44.209785461426 44.061214447021 0.14856907725334
592 42.038562774658 41.966136932373 0.072423011064529
593 40.12536239624 40.045989990234 0.079372987151146
594 38.35396194458 38.284969329834 0.068992041051388
595 36.841533660889 36.662498474121 0.17903673648834
596 35.218734741211 35.151523590088 0.067210473120213
597 33.829639434814 33.764499664307 0.065138570964336
598 32.550758361816 32.486000061035 0.064757831394672
599 31.372177124023 31.306062698364 0.066114492714405
600 30.286916732788 30.216918945312 0.069997861981392
