1 3.8298650179058E-03 2.310196578037E-05 3.8067628629506E-03
2 4.1719013825059E-03 9.2856360424776E-05 4.0790447965264E-03
3 4.3701459653676E-03 2.1080287115183E-04 4.1593429632485E-03
4 4.5977765694261E-03 3.80341662094E-04 4.2174346745014E-03
5 4.8847738653421E-03 6.0759176267311E-04 4.277182277292E-03
6 5.2348994649947E-03 8.9002290042117E-04 4.3448763899505E-03
7 5.6431526318192E-03 1.2201511999592E-03 4.423001781106E-03
8 6.1323079280555E-03 1.6192146576941E-03 4.5130932703614E-03
9 6.7214416339993E-03 2.1019480191171E-03 4.6194940805435E-03
10 7.4252267368138E-03 2.6855764444917E-03 4.7396500594914E-03
11 8.285753428936E-03 3.3964389003813E-03 4.8893145285547E-03
12 9.2858178541064E-03 4.278055857867E-03 5.0077619962394E-03
13 0.010561342351139 5.392690654844E-03 5.1686521619558E-03
14 0.012183011509478 6.8349540233612E-03 5.3480579517782E-03
15 0.01433885935694 8.7800174951553E-03 5.5588418617845E-03
16 0.01733873039484 0.011568045243621 5.7706851512194E-03
17 0.021828599274158 0.015827691182494 6.0009090229869E-03
18 0.02912232093513 0.022856285795569 6.2660351395607E-03
19 0.042100634425879 0.035547140985727 6.5534953027964E-03
20 0.067541688680649 0.060673367232084 6.8683256395161E-03
21 0.11939068883657 0.11217691749334 7.2137699462473E-03
22 0.19745199382305 0.18985904753208 7.5929365120828E-03
23 0.17850801348686 0.17049659788609 8.0114156007767E-03
24 0.11906533688307 0.11059063673019 8.4747020155191E-03
25 0.08329788595438 0.074322395026684 8.9754918590188E-03
26 0.064526587724686 0.055005677044392 9.5209116116166E-03
27 0.054510831832886 0.04438541084528 0.010125421918929
28 0.049069210886955 0.038269381970167 0.010799827985466
29 0.046310123056173 0.034649461507797 0.011660658754408
30 0.045127920806408 0.03251364454627 0.012614278122783
31 0.044619668275118 0.031317714601755 0.01330195646733
32 0.045060079544783 0.030750636011362 0.014309443533421
33 0.046083241701126 0.030624931678176 0.015458310954273
34 0.04750058054924 0.030822323635221 0.016678255051374
35 0.049405679106712 0.031265240162611 0.018140440806746
36 0.051297172904015 0.031903602182865 0.019393566995859
37 0.053679622709751 0.032695770263672 0.020983852446079
38 0.056437216699123 0.033620245754719 0.022816970944405
39 0.059872046113014 0.034653313457966 0.025218730792403
40 0.064104333519936 0.035783112049103 0.028321223333478
41 0.068703085184097 0.036998130381107 0.03170495480299
42 0.075496792793274 0.038290318101645 0.03720647841692
43 0.081930264830589 0.039653148502111 0.042277112603188
44 0.089836105704308 0.041080459952354 0.048755642026663
45 0.098913460969925 0.042570199817419 0.056343261152506
46 0.11001172661781 0.044118035584688 0.065893694758415
47 0.12386704236269 0.045721288770437 0.078145757317543
48 0.14174407720566 0.047377780079842 0.094366297125816
49 0.16577105224133 0.049085732549429 0.11668532341719
50 0.2004466354847 0.050843678414822 0.14960296452045
51 0.25915011763573 0.052650429308414 0.20649971067905
52 0.38780903816223 0.05450501292944 0.33330404758453
53 0.72938334941864 0.056406658142805 0.67297667264938
54 1.6671986579895 0.058354780077934 1.6088439226151
55 3.8803744316101 0.060348961502314 3.8200254440308
56 8.9214124679565 0.062388990074396 8.8590240478516
57 18.469177246094 0.064474865794182 18.404703140259
58 18.580493927002 0.066607236862183 18.513885498047
59 22.775363922119 0.068786278367043 22.706577301025
60 23.681938171387 0.071013748645782 23.61092376709
61 24.34832572937 0.073292426764965 24.275032043457
62 21.68176651001 0.075628086924553 21.60613822937
63 24.162353515625 0.078029923141003 24.084323883057
64 7.0569052696228 0.080519787967205 6.9763851165771
65 2.9485166072845 0.083144262433052 2.8653721809387
66 1.2468712329865 0.086001701653004 1.1608694791794
67 0.60976874828339 0.089187927544117 0.52058082818985
68 0.38123339414597 0.092131473124027 0.2891018986702
69 0.28903588652611 0.094114229083061 0.19492165744305
70 0.24276229739189 0.096197493374348 0.14656479656696
71 0.21506343781948 0.098570510745049 0.11649292707443
72 0.19655178487301 0.10112675279379 0.0954250395298
73 0.18370394408703 0.1037959381938 0.079908013343811
74 0.17465126514435 0.10654556751251 0.068105690181255
75 0.16830210387707 0.10935782641172 0.058944281190634
76 0.16397058963776 0.11222463101149 0.051745962351561
77 0.16091758012772 0.11514335125685 0.045774225145578
78 0.15869598090649 0.11811056733131 0.040585409849882
79 0.15783432126045 0.12112487852573 0.036709446460009
80 0.15712381899357 0.1241854801774 0.032938342541456
81 0.15732331573963 0.12729193270206 0.030031390488148
82 0.15796077251434 0.13044399023056 0.027516776695848
83 0.15901818871498 0.13364160060883 0.025376580655575
84 0.1604185551405 0.13688480854034 0.023533741012216
85 0.16211688518524 0.14017373323441 0.021943150088191
86 0.16382935643196 0.14350856840611 0.020320780575275
87 0.16604398190975 0.14688958227634 0.019154399633408
88 0.16846159100533 0.15031711757183 0.01814447529614
89 0.17106986045837 0.15379156172276 0.017278309911489
90 0.17385590076447 0.1573134958744 0.01654240489006
91 0.17681621015072 0.16088376939297 0.015932446345687
92 0.17994046211243 0.16450373828411 0.015436724759638
93 0.18330144882202 0.16817605495453 0.015125392004848
94 0.18695963919163 0.17190688848495 0.015052745118737
95 0.19034142792225 0.17571301758289 0.014628400094807
96 0.19507890939713 0.17963182926178 0.015447084791958
97 0.19809782505035 0.18355795741081 0.014539855532348
98 0.20190389454365 0.18732416629791 0.014579731039703
99 0.20608854293823 0.19121180474758 0.014876725152135
100 0.21062658727169 0.19523724913597 0.015389352105558
101 0.2136337608099 0.1992876380682 0.014346129260957
102 0.21881565451622 0.20339776575565 0.015417884103954
103 0.22371728718281 0.20756487548351 0.016152411699295
104 0.22941906750202 0.21178831160069 0.017630748450756
105 0.2353203445673 0.21606832742691 0.019252024590969
106 0.24186904728413 0.22040554881096 0.021463505923748
107 0.249107837677 0.22480101883411 0.024306822568178
108 0.25726717710495 0.22925592958927 0.028011258691549
109 0.26680767536163 0.23377175629139 0.033035904169083
110 0.27826797962189 0.23835036158562 0.039917625486851
111 0.29600813984871 0.24299411475658 0.053014028817415
112 0.30973416566849 0.24770618975163 0.062027972191572
113 0.33519771695137 0.25249114632607 0.082706578075886
114 0.37472555041313 0.2573561668396 0.11736939102411
115 0.44684281945229 0.26231342554092 0.18452939391136
116 0.58639019727707 0.26738592982292 0.31900426745415
117 0.96591567993164 0.272620677948 0.69329500198364
118 2.4896767139435 0.27811485528946 2.2115619182587
119 5.6465711593628 0.2840048968792 5.3625659942627
120 1.4556759595871 0.28996628522873 1.1657096147537
121 0.75233244895935 0.29475969076157 0.45757278800011
122 0.53771948814392 0.29942440986633 0.23829509317875
123 0.45119696855545 0.304483294487 0.14671367406845
124 0.42100098729134 0.30983287096024 0.1111681163311
125 0.39059883356094 0.31537622213364 0.075222611427307
126 0.37805125117302 0.32106637954712 0.056984875351191
127 0.3721669614315 0.32688561081886 0.045281376689672
128 0.37092554569244 0.33282536268234 0.03810016065836
129 0.37072798609734 0.33888420462608 0.031843792647123
130 0.3725802898407 0.34506312012672 0.027517164126039
131 0.37616187334061 0.35136729478836 0.024794572964311
132 0.37967836856842 0.35780099034309 0.021877398714423
133 0.38432887196541 0.3643704354763 0.019958447664976
134 0.38933601975441 0.37108290195465 0.018253123387694
135 0.39490979909897 0.37794664502144 0.016963163390756
136 0.4009822010994 0.38497099280357 0.016011223196983
137 0.40852320194244 0.39216640591621 0.016356790438294
138 0.41370892524719 0.3995446562767 0.014164258725941
139 0.42067646980286 0.40711888670921 0.013557576574385
140 0.42802742123604 0.414903819561 0.013123625889421
141 0.43600681424141 0.42291602492332 0.013090784661472
142 0.45127484202385 0.43117418885231 0.020100645720959
143 0.45252910256386 0.43969932198524 0.012829774059355
144 0.46045652031898 0.44851502776146 0.011941488832235
145 0.47497940063477 0.45764881372452 0.017330585047603
146 0.47829458117485 0.46713119745255 0.011163395829499
147 0.48790866136551 0.47699725627899 0.010911403223872
148 0.498205691576 0.4872872531414 0.010918435640633
149 0.5097342133522 0.49804747104645 0.01168674044311
150 0.52018457651138 0.50931775569916 0.010866807773709
151 0.53231662511826 0.52118772268295 0.011128883808851
152 0.54407131671906 0.53371512889862 0.010356138460338
153 0.55733698606491 0.54698437452316 0.010352618992329
154 0.57653278112411 0.56109434366226 0.015438458882272
155 0.58625340461731 0.57616204023361 0.010091315954924
156 0.60254859924316 0.59232652187347 0.010222049430013
157 0.61955922842026 0.6097537279129 9.8054828122258E-03
158 0.63836365938187 0.62864339351654 9.7202872857451E-03
159 0.65893071889877 0.64923715591431 9.6935983747244E-03
160 0.68149161338806 0.67182981967926 9.6618020907044E-03
161 0.70643186569214 0.69678384065628 9.6480315551162E-03
162 0.73425364494324 0.72454845905304 9.7051383927464E-03
163 0.76546686887741 0.75568598508835 9.780865162611E-03
164 0.80125194787979 0.7909329533577 0.010318982414901
165 0.85256791114807 0.83114671707153 0.021421240642667
166 0.88987988233566 0.87752819061279 0.012351743876934
167 0.9419738650322 0.9316189289093 0.010354932397604
168 1.0053063631058 0.99547111988068 9.8352506756783E-03
169 1.081587433815 1.071860909462 9.7265467047691E-03
170 1.1743507385254 1.1646165847778 9.7341034561396E-03
171 1.2889597415924 1.2791270017624 9.8327305167913E-03
172 1.4330073595047 1.4231604337692 9.8469741642475E-03
173 1.6183214187622 1.6082228422165 0.010098541155457
174 1.8621555566788 1.8518944978714 0.010261075571179
175 2.1939692497253 2.1820220947266 0.011947102844715
176 2.6560883522034 2.6446001529694 0.011488155461848
177 3.3298027515411 3.3193924427032 0.010410289280117
178 4.3627758026123 4.3527207374573 0.010054729878902
179 6.0403084754944 6.0302810668945 0.010027043521404
180 8.9557476043701 8.9445018768311 0.0112459436059
181 14.361970901489 14.351887702942 0.010083744302392
182 24.488140106201 24.477928161621 0.010211781598628
183 38.703189849854 38.692573547363 0.010616292245686
184 33.978324890137 33.964061737061 0.014263335615396
185 20.688467025757 20.674724578857 0.013741562142968
186 12.612568855286 12.601965904236 0.010602723807096
187 8.2874202728271 8.2768726348877 0.010548246093094
188 5.8759031295776 5.865574836731 0.010328580625355
189 4.4389824867249 4.428596496582 0.010385979898274
190 3.5281622409821 3.5177204608917 0.010441796854138
191 2.9207203388214 2.9101736545563 0.010546530596912
192 2.4994342327118 2.4886949062347 0.010739343240857
193 2.2003107070923 2.1884851455688 0.011825693771243
194 1.9799472093582 1.968391418457 0.01155580766499
195 1.8056479692459 1.7902700901031 0.015377985313535
196 1.6649677753448 1.6521646976471 0.01280299667269
197 1.5572102069855 1.5458881855011 0.011322037316859
198 1.474235534668 1.4631681442261 0.011067349463701
199 1.4104416370392 1.3988124132156 0.011629150249064
200 1.3620837926865 1.3502179384232 0.01186584122479
201 1.3318918943405 1.3177651166916 0.014126709662378
202 1.318127989769 1.3065612316132 0.011566764675081
203 1.3315294981003 1.3201057910919 0.011423652991652
204 1.299290060997 1.2880909442902 0.011199150234461
205 1.2383770942688 1.2270464897156 0.011330598965287
206 1.2014825344086 1.18818795681 0.013294656760991
207 1.175622344017 1.1638317108154 0.01179052144289
208 1.1602638959885 1.1473257541656 0.01293823774904
209 1.1506085395813 1.1356031894684 0.01500532310456
210 1.139187335968 1.1267757415771 0.012411558069289
211 1.1349838972092 1.1204310655594 0.014552774839103
212 1.1278959512711 1.1160404682159 0.01185552123934
213 1.1251547336578 1.1132301092148 0.011924612335861
214 1.1241694688797 1.1117428541183 0.012426603585482
215 1.1445815563202 1.1113908290863 0.033190775662661
216 1.1243026256561 1.1120283603668 0.01227427367121
217 1.1256496906281 1.1135386228561 0.012111066840589
218 1.1281071901321 1.1158250570297 0.012282054871321
219 1.1309628486633 1.1188076734543 0.012155130505562
220 1.1346291303635 1.1224182844162 0.012210794724524
221 1.1389263868332 1.12659907341 0.012327367439866
222 1.1437875032425 1.1313223838806 0.012465158477426
223 1.1491817235947 1.1365008354187 0.012680954299867
224 1.1544070243835 1.1413552761078 0.013051744550467
225 1.1615275144577 1.1474441289902 0.014083312824368
226 1.1784061193466 1.1539046764374 0.024501368403435
227 1.1752347946167 1.1607141494751 0.014520742930472
228 1.1815787553787 1.1678535938263 0.013725148513913
229 1.189613699913 1.175310254097 0.014303421601653
230 1.1981680393219 1.1830825805664 0.015085503458977
231 1.2145144939423 1.1912029981613 0.023311417549849
232 1.2166676521301 1.1998183727264 0.016849279403687
233 1.2288137674332 1.208836555481 0.019977128133178
234 1.2651612758636 1.2170932292938 0.048068109899759
235 1.2483220100403 1.2257376909256 0.022584307938814
236 1.2564843893051 1.2348080873489 0.021676195785403
237 1.2862327098846 1.2441571950912 0.042075507342815
238 1.2715874910355 1.253736615181 0.017850963398814
239 1.3174022436142 1.263526558876 0.053875736892223
240 1.289589881897 1.2735158205032 0.016074046492577
241 1.2998708486557 1.2836985588074 0.016172321513295
242 1.3196585178375 1.2940686941147 0.025589779019356
243 1.328807592392 1.3046224117279 0.024185284972191
244 1.3364207744598 1.3153561353683 0.021064665168524
245 1.3420083522797 1.3262668848038 0.01574144884944
246 1.3526082038879 1.3373523950577 0.015255785547197
247 1.365459561348 1.3486107587814 0.016848793253303
248 1.3963067531586 1.3600406646729 0.036266051232815
249 1.3935297727585 1.371640920639 0.021888894960284
250 1.409383893013 1.3834108114243 0.025973094627261
251 1.4158743619919 1.3953498601913 0.02052447758615
252 1.4235355854034 1.407457947731 0.016077686101198
253 1.4352343082428 1.4197353124619 0.015498954802752
254 1.4474374055862 1.432182431221 0.015254960395396
255 1.4600179195404 1.4448002576828 0.015217679552734
256 1.4728939533234 1.457589507103 0.015304429456592
257 1.486433506012 1.4705519676208 0.015881605446339
258 1.5039300918579 1.4836889505386 0.020241102203727
259 1.5226836204529 1.4970026016235 0.025680981576443
260 1.5268030166626 1.5104951858521 0.016307853162289
261 1.5403606891632 1.52416908741 0.016191525384784
262 1.5550098419189 1.5380254983902 0.016984347254038
263 1.5769591331482 1.5520715713501 0.024887569248676
264 1.587165594101 1.566357254982 0.020808320492506
265 1.6049618721008 1.5807899236679 0.024171881377697
266 1.6124744415283 1.5954221487045 0.0170524045825
267 1.6350351572037 1.6102584600449 0.024776626378298
268 1.6427317857742 1.625307559967 0.017424257472157
269 1.6572426557541 1.6405689716339 0.016673700883985
270 1.6727230548859 1.6560522317886 0.016670886427164
271 1.6894683837891 1.6717654466629 0.017703022807837
272 1.7060935497284 1.6877212524414 0.018372258171439
273 1.7716563940048 1.7039384841919 0.067717991769314
274 1.7415616512299 1.7203607559204 0.021200919523835
275 1.7581306695938 1.7370483875275 0.021082310006022
276 1.775505065918 1.7540205717087 0.021484479308128
277 1.8014780282974 1.7712798118591 0.03019817173481
278 1.807192325592 1.7888368368149 0.018355494365096
279 1.8257184028625 1.8067051172256 0.01901326328516
280 1.8432484865189 1.8248999118805 0.018348665907979
281 1.864204287529 1.8434380292892 0.02076630666852
282 1.8803557157516 1.8623337745667 0.01802191324532
283 1.9030026197433 1.8816171884537 0.021385379135609
284 1.9198743104935 1.9013069868088 0.018567366525531
285 1.9415181875229 1.9214287996292 0.020089339464903
286 2.0095942020416 1.9420194625854 0.067574813961983
287 1.9867831468582 1.9630967378616 0.023686395958066
288 2.0060973167419 1.9847046136856 0.021392690017819
289 2.1069254875183 2.0068845748901 0.10004077106714
290 2.0496547222137 2.0296845436096 0.019970221444964
291 2.0793223381042 2.0531589984894 0.026163298636675
292 2.0971078872681 2.0773732662201 0.019734801724553
293 2.1347382068634 2.102409362793 0.032328758388758
294 2.1487803459167 2.1284294128418 0.020350906997919
295 2.1751365661621 2.1554582118988 0.019678192213178
296 2.2031002044678 2.1832418441772 0.019858364015818
297 2.2339205741882 2.2123546600342 0.021565737202764
298 2.2692294120789 2.2429227828979 0.026306657120585
299 2.3015801906586 2.2750453948975 0.026534711942077
300 2.3336052894592 2.3088507652283 0.024754570797086
301 2.3766660690308 2.3447327613831 0.031933270394802
302 2.4149975776672 2.3831791877747 0.031818423420191
303 2.465057849884 2.4241790771484 0.040878817439079
304 2.4901881217957 2.4684062004089 0.021782102063298
305 2.5371603965759 2.5164637565613 0.020696440711617
306 2.5891478061676 2.5691158771515 0.020032031461596
307 2.6474628448486 2.627338886261 0.020123852416873
308 2.7126731872559 2.6923997402191 0.020273312926292
309 2.7866899967194 2.7659642696381 0.020725760608912
310 2.8811676502228 2.8502595424652 0.030908217653632
311 2.9692962169647 2.9483184814453 0.020977675914764
312 3.0852112770081 3.0643570423126 0.020854050293565
313 3.2255942821503 3.2043778896332 0.02121633477509
314 3.3990421295166 3.3771665096283 0.02187548391521
315 3.620391368866 3.5960037708282 0.024387529119849
316 3.9188134670258 3.8817903995514 0.037023164331913
317 4.2984862327576 4.2690243721008 0.029461767524481
318 4.8411149978638 4.818368434906 0.02274621091783
319 5.6684699058533 5.6448302268982 0.023639583960176
320 7.0047850608826 6.9771738052368 0.027611287310719
321 9.1675958633423 9.1445569992065 0.023038925603032
322 12.309844017029 12.287546157837 0.02229799516499
323 18.393493652344 18.370754241943 0.022738721221685
324 30.605640411377 30.58208656311 0.023555664345622
325 46.571746826172 46.546642303467 0.025102201849222
326 36.100284576416 36.069198608398 0.031084954738617
327 21.699035644531 21.607891082764 0.091143898665905
328 13.818978309631 13.791452407837 0.027526373043656
329 9.8289308547974 9.8043661117554 0.024565240368247
330 7.6583032608032 7.6348614692688 0.023441933095455
331 6.3886957168579 6.3644623756409 0.024233277887106
332 5.6025147438049 5.5740733146667 0.028441295027733
333 5.1116900444031 5.0594158172607 0.052274122834206
334 4.7388401031494 4.7136092185974 0.025230698287487
335 4.5045685768127 4.4772872924805 0.027281180024147
336 4.3391404151917 4.3148465156555 0.024294355884194
337 4.2242860794067 4.2001881599426 0.024097871035337
338 4.1451768875122 4.121063709259 0.024112965911627
339 4.0954723358154 4.0711627006531 0.02430964820087
340 4.0685896873474 4.0440101623535 0.024579228833318
341 4.0596446990967 4.034722328186 0.024922359734774
342 4.0652770996094 4.0394968986511 0.025780415162444
343 4.0909948348999 4.0575151443481 0.033479861915112
344 4.1140241622925 4.0865602493286 0.027464088052511
345 4.1589584350586 4.1256241798401 0.033334154635668
346 4.2023415565491 4.1741099357605 0.028231348842382
347 4.25896692276 4.2317266464233 0.027240078896284
348 4.3257069587708 4.2984399795532 0.027266712859273
349 4.402473449707 4.3744530677795 0.028020590543747
350 4.4899024963379 4.4601926803589 0.029710037633777
351 4.5904326438904 4.5563135147095 0.034118808805943
352 4.7149682044983 4.6637120246887 0.051255870610476
353 4.8372755050659 4.783552646637 0.053723067045212
354 4.9496984481812 4.9172534942627 0.032444998621941
355 5.1620621681213 5.0667715072632 0.09529036283493
356 5.2670955657959 5.2343344688416 0.032760966569185
357 5.4599018096924 5.4227795600891 0.037122152745724
358 5.6908206939697 5.635636806488 0.055183943361044
359 5.9761028289795 5.8773174285889 0.098785206675529
360 6.1948933601379 6.1533732414246 0.04152000695467
361 6.5112838745117 6.4708499908447 0.040433533489704
362 6.8824062347412 6.8387813568115 0.043624710291624
363 7.3214359283447 7.2688808441162 0.052555043250322
364 7.8506674766541 7.7765407562256 0.074126459658146
365 8.4690780639648 8.3822870254517 0.086791798472404
366 9.2315835952759 9.1139259338379 0.11765799671412
367 10.254361152649 10.009963989258 0.24439708888531
368 11.861499786377 11.124660491943 0.73683929443359
369 13.282717704773 12.536538124084 0.74617993831635
370 14.593174934387 14.362400054932 0.2307750582695
371 16.989332199097 16.781703948975 0.20762848854065
372 20.159023284912 20.080751419067 0.0782720297575
373 24.797430038452 24.736915588379 0.060515116900206
374 31.641590118408 31.588609695435 0.052981667220592
375 42.276786804199 42.200763702393 0.076022297143936
376 59.75984954834 59.704177856445 0.055669035762548
377 90.87336730957 90.820892333984 0.052468772977591
378 150.58233642578 150.52471923828 0.057614803314209
379 266.8669128418 266.82119750977 0.045724637806416
380 425.65786743164 425.62130737305 0.036555528640747
381 334.65747070312 334.62197875977 0.035519581288099
382 191.68153381348 191.64640808105 0.035122763365507
383 113.22109222412 113.186378479 0.034718845039606
384 72.94637298584 72.911643981934 0.034733142703772
385 50.934394836426 50.899314880371 0.035077445209026
386 37.939056396484 37.902862548828 0.036195889115334
387 29.720048904419 29.663555145264 0.056493826210499
388 24.25980758667 24.22279548645 0.037013173103333
389 20.588792800903 20.552619934082 0.036171555519104
390 18.099033355713 18.062908172607 0.036126296967268
391 16.078851699829 16.041538238525 0.037313718348742
392 14.240895271301 14.198134422302 0.04276018217206
393 12.846692085266 12.794104576111 0.052587818354368
394 11.775717735291 11.736374855042 0.039342608302832
395 10.969430923462 10.919683456421 0.049747213721275
396 10.316749572754 10.273069381714 0.043679729104042
397 9.8325452804565 9.7567338943481 0.07581203430891
398 9.3814392089844 9.3384847640991 0.042954843491316
399 9.0434808731079 8.9975690841675 0.04591216519475
400 8.8121929168701 8.7188405990601 0.093352548778057
401 8.5801572799683 8.4909543991089 0.089203648269176
402 8.4137525558472 8.3052568435669 0.10849602520466
403 8.2247581481934 8.1550455093384 0.069712519645691
404 8.0889148712158 8.0350685119629 0.053846515715122
405 7.9924311637878 7.9411759376526 0.051255352795124
406 7.9214496612549 7.8700699806213 0.05137998983264
407 7.8740587234497 7.8191227912903 0.054935969412327
408 7.8636832237244 7.7863144874573 0.077368699014187
409 7.8350238800049 7.7698483467102 0.065175548195839
410 7.8238859176636 7.7612457275391 0.062640279531479
411 7.8414530754089 7.7746801376343 0.066772915422916
412 7.874840259552 7.8014340400696 0.073406487703323
413 7.9712915420532 7.8410387039185 0.13025268912315
414 8.0251169204712 7.8932433128357 0.13187336921692
415 8.0684652328491 7.9580059051514 0.11045905947685
416 8.1532258987427 8.0349130630493 0.11831237375736
417 8.2663192749023 8.1255445480347 0.14077493548393
418 8.4037685394287 8.2299003601074 0.17386867105961
419 8.5755138397217 8.3488636016846 0.22665022313595
420 8.7989225387573 8.4834995269775 0.3154225051403
421 9.1143074035645 8.6356086730957 0.47869816422462
422 9.6227836608887 8.8070659637451 0.81571763753891
423 10.724970817566 9.0004558563232 1.7245154380798
424 14.420935630798 9.2191781997681 5.2017579078674
425 22.455602645874 9.4670753479004 12.988526344299
426 12.693013191223 9.7493419647217 2.9436709880829
427 11.284928321838 10.073859214783 1.2110694646835
428 11.094482421875 10.450168609619 0.64431363344193
429 11.32022190094 10.891585350037 0.4286367893219
430 11.712522506714 11.417085647583 0.29543653130531
431 12.27149105072 12.054734230042 0.21675750613213
432 13.015926361084 12.848390579224 0.16753666102886
433 14.009523391724 13.871101379395 0.13842134177685
434 15.375401496887 15.256878852844 0.11852208524942
435 17.387699127197 17.283409118652 0.10429130494595
436 20.714220046997 20.619337081909 0.094882674515247
437 26.970827102661 26.872446060181 0.098380111157894
438 37.634056091309 37.546566009521 0.087487772107124
439 54.785594940186 54.708023071289 0.077569045126438
440 47.101917266846 47.027816772461 0.074099361896515
441 41.011245727539 40.908802032471 0.10244213789701
442 45.045124053955 44.932327270508 0.11279497295618
443 56.997222900391 56.93147277832 0.065750479698181
444 71.842018127441 71.78182220459 0.060194790363312
445 103.72839355469 103.66296386719 0.065430887043476
446 171.72480773926 171.64868164062 0.076130695641041
447 310.58438110352 310.52377319336 0.060608699917793
448 468.24819946289 468.18832397461 0.059859413653612
449 313.52490234375 313.39685058594 0.12805433571339
450 174.12284851074 174.06704711914 0.055810160934925
451 104.65019989014 104.59368133545 0.056522868573666
452 69.938034057617 69.873184204102 0.06485553830862
453 51.045627593994 50.988956451416 0.056672129780054
454 39.900638580322 39.847240447998 0.053400047123432
455 32.884189605713 32.829978942871 0.054211642593145
456 28.235542297363 28.183568954468 0.051973976194859
457 25.057804107666 24.990211486816 0.067593574523926
458 22.79260635376 22.737186431885 0.055419269949198
459 21.174024581909 21.12255859375 0.051465138792992
460 20.017576217651 19.965030670166 0.052546571940184
461 19.199611663818 19.142597198486 0.057013064622879
462 18.655307769775 18.586572647095 0.068735219538212
463 18.358339309692 18.247682571411 0.11065702885389
464 18.181148529053 18.096235275269 0.08491413295269
465 18.211090087891 18.152744293213 0.058345280587673
466 18.526678085327 18.462211608887 0.064466297626495
467 19.217126846313 19.135684967041 0.081441126763821
468 20.54531288147 20.449405670166 0.095906510949135
469 23.233911514282 23.117265701294 0.11664628982544
470 28.809406280518 28.731346130371 0.078060030937195
471 35.697486877441 35.332592010498 0.36489561200142
472 34.498149871826 34.42786026001 0.070289708673954
473 41.097694396973 40.937801361084 0.15989477932453
474 60.408477783203 60.340034484863 0.068440973758698
475 69.305679321289 69.233978271484 0.071699902415276
476 45.960731506348 45.620166778564 0.34056550264359
477 32.332740783691 32.241371154785 0.091372668743134
478 26.393136978149 26.308633804321 0.084502004086971
479 23.632169723511 23.537469863892 0.094698905944824
480 22.343929290771 22.184907913208 0.15902145206928
481 21.757987976074 21.554979324341 0.20300869643688
482 21.514183044434 21.349193572998 0.16498890519142
483 21.639680862427 21.440284729004 0.19939659535885
484 22.097190856934 21.80442237854 0.29276740550995
485 23.021339416504 22.497705459595 0.52363431453705
486 25.004724502563 23.754470825195 1.250254034996
487 31.550939559937 26.129365921021 5.421573638916
488 32.358493804932 30.053907394409 2.3045871257782
489 31.237670898438 30.453439712524 0.78423154354095
490 27.800462722778 27.410774230957 0.38968858122826
491 26.131381988525 25.889644622803 0.24173630774021
492 25.618900299072 25.446054458618 0.17284701764584
493 25.652732849121 25.51935005188 0.1333821117878
494 25.968740463257 25.857572555542 0.11116939038038
495 26.451616287231 26.352382659912 0.099233016371727
496 27.078195571899 26.954656600952 0.12353830784559
497 27.779779434204 27.64147567749 0.13830465078354
498 28.487684249878 28.403263092041 0.084421463310719
499 29.331991195679 29.236366271973 0.095625475049019
500 30.222192764282 30.149150848389 0.073042392730713
501 31.240339279175 31.1692943573 0.071043536067009
502 32.462989807129 32.388904571533 0.074082471430302
503 34.161540985107 34.093490600586 0.068052895367146
504 35.4973487854 35.435546875 0.061802729964256
505 36.099025726318 36.035690307617 0.063338108360767
506 37.017517089844 36.957290649414 0.060226384550333
507 38.273498535156 38.205883026123 0.067615129053593
508 39.735054016113 39.621463775635 0.11358850449324
509 41.224925994873 41.140617370605 0.08431002497673
510 42.841899871826 42.784141540527 0.057756081223488
511 44.608276367187 44.552909851074 0.05536375194788
512 46.511051177979 46.456409454346 0.054640650749207
513 48.54874420166 48.49454498291 0.054198250174522
514 50.739910125732 50.684837341309 0.055075611919165
515 53.169929504395 53.041210174561 0.12872087955475
516 55.637233734131 55.580501556396 0.056732445955276
517 58.38427734375 58.314029693604 0.070248208940029
518 61.333984375 61.272773742676 0.061209205538034
519 64.551582336426 64.489692687988 0.061889089643955
520 68.17911529541 68.003929138184 0.17518930137157
521 71.792419433594 71.722679138184 0.069739557802677
522 75.982154846191 75.779960632324 0.20219387114048
523 80.345268249512 80.232757568359 0.11250987648964
524 85.179138183594 85.113586425781 0.065546117722988
525 90.531265258789 90.473243713379 0.058023247867823
526 96.418800354004 96.361221313477 0.057578448206186
527 102.9243927002 102.85882568359 0.065567225217819
528 110.1111831665 110.05212402344 0.059057638049126
529 118.09954833984 118.0411529541 0.05839654058218
530 127.00514221191 126.94690704346 0.058235958218575
531 136.98335266113 136.91802978516 0.065325208008289
532 148.16680908203 148.11268615723 0.054113291203976
533 160.78819274902 160.73291015625 0.055282492190599
534 175.99914550781 175.9294128418 0.069731146097183
535 192.47856140137 192.41888427734 0.059683982282877
536 211.42485046387 211.36468505859 0.060165099799633
537 233.3405456543 233.2844543457 0.056093793362379
538 258.74569702148 258.68902587891 0.056654620915651
539 288.52984619141 288.45864868164 0.071195259690285
540 323.80572509766 323.74264526367 0.063076436519623
541 366.01522827148 365.95721435547 0.058015525341034
542 417.10446166992 417.04852294922 0.055949445813894
543 479.80172729492 479.74453735352 0.057183127850294
544 558.04406738281 557.98400878906 0.060065478086472
545 657.75482177734 657.64666748047 0.10817494988441
546 787.560546875 787.50323486328 0.057336002588272
547 957.94104003906 957.88452148437 0.056529670953751
548 1.1762093505859E+03 1.1761518554688E+03 0.057556115090847
549 1.4481909179688E+03 1.4481087646484E+03 0.082105547189713
550 1.8447225341797E+03 1.8446580810547E+03 0.064558580517769
551 2.4426203613281E+03 2.4422048339844E+03 0.41557046771049
552 3.3750161132813E+03 3.3749440917969E+03 0.072171181440353
553 4.905783203125E+03 4.9057153320313E+03 0.068031348288059
554 7.5872133789063E+03 7.5871538085937E+03 0.059426415711641
555 1.2490375E+04 1.249031640625E+04 0.058257628232241
556 2.0851333984375E+04 2.0851275390625E+04 0.05786132439971
557 2.7992962890625E+04 2.7992900390625E+04 0.061223905533552
558 1.975420703125E+04 1.975414453125E+04 0.061547104269266
559 1.1858060546875E+04 1.1857997070313E+04 0.063939772546291
560 7.301283203125E+03 7.3012163085937E+03 0.067079678177834
561 4.7877104492187E+03 4.7876508789063E+03 0.05959291011095
562 3.3329150390625E+03 3.3328562011719E+03 0.059007745236158
563 2.4372963867187E+03 2.4372355957031E+03 0.060991823673248
564 1.8540020751953E+03 1.8539387207031E+03 0.063390582799911
565 1.4556201171875E+03 1.4555482177734E+03 0.071891032159328
566 1.1726246337891E+03 1.1724869384766E+03 0.13768655061722
567 964.81231689453 964.65185546875 0.16040572524071
568 807.86682128906 807.79119873047 0.075662240386009
569 686.68353271484 686.61224365234 0.071294844150543
570 591.27331542969 591.11614990234 0.15717667341232
571 515.5244140625 514.55627441406 0.96815037727356
572 452.32601928711 452.25393676758 0.072082571685314
573 400.99389648437 400.88540649414 0.10849894583225
574 357.83822631836 357.76693725586 0.071270801126957
575 321.74896240234 321.67785644531 0.071101762354374
576 291.0654296875 290.98489379883 0.080535173416138
577 264.75140380859 264.66543579102 0.085976995527744
578 242.00100708008 241.92593383789 0.07508085668087
579 222.20805358887 222.14109802246 0.066942781209946
580 204.88906860352 204.82495117187 0.06412835419178
581 189.65162658691 189.583984375 0.067636519670486
582 176.20457458496 176.0598449707 0.14472453296185
583 164.15386962891 164.07489013672 0.078974388539791
584 153.44026184082 153.37377929687 0.066485092043877
585 143.84320068359 143.7802734375 0.06293011456728
586 135.20936584473 135.14758300781 0.061777133494616
587 127.41473388672 127.35260772705 0.06212617084384
588 120.35420227051 120.29160308838 0.062596797943115
589 113.94408416748 113.87665557861 0.067429333925247
590 108.10395050049 108.03296661377 0.070985905826092
591 102.84526824951 102.6967010498 0.14856907725334
592 97.885971069336 97.813552856445 0.072423011064529
593 93.417488098145 93.338119506836 0.079372987151146
594 89.30256652832 89.233573913574 0.068992041051388
595 85.631004333496 85.451965332031 0.17903673648834
596 81.997444152832 81.930229187012 0.067210473120213
597 78.76252746582 78.697387695313 0.065138570964336
598 75.782257080078 75.717498779297 0.064757831394672
599 73.033447265625 72.967330932617 0.066114492714405
600 70.498779296875 70.428787231445 0.069997861981392
