1 3.8564391434193E-03 4.9676262278808E-05 3.8067628629506E-03
2 4.2787143029273E-03 1.9966946274508E-04 4.0790447965264E-03
3 4.6126334927976E-03 4.532904131338E-04 4.1593429632485E-03
4 5.035285372287E-03 8.1785046495497E-04 4.2174346745014E-03
5 5.5836895480752E-03 1.3065073871985E-03 4.277182277292E-03
6 6.258696783334E-03 1.9138205097988E-03 4.3448763899505E-03
7 7.0466985926032E-03 2.6236968114972E-03 4.423001781106E-03
8 7.9948976635933E-03 3.4818048588932E-03 4.5130932703614E-03
9 9.1393226757646E-03 4.519828595221E-03 4.6194940805435E-03
10 0.010514457710087 5.7748076505959E-03 4.7396500594914E-03
11 0.012192692607641 7.3033780790865E-03 4.8893145285547E-03
12 0.014206885360181 9.1991238296032E-03 5.0077619962394E-03
13 0.016764579340816 0.011595928110182 5.1686521619558E-03
14 0.020045291632414 0.014697234146297 5.3480579517782E-03
15 0.024438554421067 0.01887971162796 5.5588418617845E-03
16 0.030645506456494 0.024874821305275 5.7706851512194E-03
17 0.040035266429186 0.034034356474876 6.0009090229869E-03
18 0.055414013564587 0.049147978425026 6.2660351395607E-03
19 0.082990676164627 0.076437182724476 6.5534953027964E-03
20 0.1373345553875 0.13046622276306 6.8683256395161E-03
21 0.24842831492424 0.24121454358101 7.2137699462473E-03
22 0.41584774851799 0.40825480222702 7.5929365120828E-03
23 0.37463104724884 0.3666196167469 8.0114156007767E-03
24 0.2462782561779 0.23780356347561 8.4747020155191E-03
25 0.16879127919674 0.15981578826904 8.9754918590188E-03
26 0.12779986858368 0.11827895790339 9.5209116116166E-03
27 0.10556758195162 0.095442160964012 0.010125421918929
28 0.093090660870075 0.082290828227997 0.010799827985466
29 0.086167559027672 0.074506901204586 0.011660658754408
30 0.0825285166502 0.069914236664772 0.012614278122783
31 0.080644585192204 0.06734262406826 0.01330195646733
32 0.080432683229446 0.066123239696026 0.014309443533421
33 0.081311240792274 0.065852932631969 0.015458310954273
34 0.08295564353466 0.066277384757996 0.016678255051374
35 0.085370227694511 0.0672297924757 0.018140440806746
36 0.087996035814285 0.068602465093136 0.019393566995859
37 0.091289721429348 0.070305868983269 0.020983852446079
38 0.0951107442379 0.072293773293495 0.022816970944405
39 0.099733911454678 0.07451518625021 0.025218730792403
40 0.10526581853628 0.076944589614868 0.028321223333478
41 0.11126220226288 0.079557254910469 0.03170495480299
42 0.11954232305288 0.082335844635963 0.03720647841692
43 0.12754346430302 0.085266351699829 0.042277112603188
44 0.1370911449194 0.088335506618023 0.048755642026663
45 0.14788216352463 0.091538906097412 0.056343261152506
46 0.16076090931892 0.094867214560509 0.065893694758415
47 0.17646045982838 0.098314702510834 0.078145757317543
48 0.19624295830727 0.10187666118145 0.094366297125816
49 0.22223460674286 0.10554927587509 0.11668532341719
50 0.25893235206604 0.10932940244675 0.14960296452045
51 0.31971415877342 0.11321446299553 0.20649971067905
52 0.45050641894341 0.11720237880945 0.33330404758453
53 0.79426819086075 0.1212915033102 0.67297667264938
54 1.7343244552612 0.12548054754734 1.6088439226151
55 3.9497940540314 0.12976865470409 3.8200254440308
56 8.9931793212891 0.13415533304214 8.8590240478516
57 18.543344497681 0.13864061236382 18.404703140259
58 18.657112121582 0.14322584867477 18.513885498047
59 22.854488372803 0.14791144430637 22.706577301025
60 23.763626098633 0.15270118415356 23.61092376709
61 24.432634353638 0.15760104358196 24.275032043457
62 21.768762588501 0.16262343525887 21.60613822937
63 24.252111434937 0.16778810322285 24.084323883057
64 7.1495275497437 0.17314207553864 6.9763851165771
65 3.044157743454 0.17878550291061 2.8653721809387
66 1.3457993268967 0.18492986261845 1.1608694791794
67 0.71236205101013 0.19178122282028 0.52058082818985
68 0.48721265792847 0.19811072945595 0.2891018986702
69 0.39729592204094 0.20237426459789 0.19492165744305
70 0.3534187078476 0.20685391128063 0.14656479656696
71 0.3284495472908 0.21195663511753 0.11649292707443
72 0.31287837028503 0.21745333075523 0.0954250395298
73 0.30310091376305 0.22319290041924 0.079908013343811
74 0.29721111059189 0.22910542786121 0.068105690181255
75 0.29409694671631 0.23515264689922 0.058944281190634
76 0.29306310415268 0.24131713807583 0.051745962351561
77 0.29336750507355 0.24759328365326 0.045774225145578
78 0.2945591211319 0.25397372245789 0.040585409849882
79 0.29716482758522 0.26045539975166 0.036709446460009
80 0.29997497797012 0.26703661680222 0.032938342541456
81 0.30374780297279 0.27371641993523 0.030031390488148
82 0.308011084795 0.28049433231354 0.027516776695848
83 0.31274676322937 0.28737017512321 0.025376580655575
84 0.31787779927254 0.29434406757355 0.023533741012216
85 0.32335940003395 0.30141624808311 0.021943150088191
86 0.32890793681145 0.30858716368675 0.020320780575275
87 0.33501175045967 0.31585735082626 0.019154399633408
88 0.34137207269669 0.32322758436203 0.01814447529614
89 0.34797701239586 0.33069869875908 0.017278309911489
90 0.35481435060501 0.33827194571495 0.01654240489006
91 0.36188155412674 0.34594911336899 0.015932446345687
92 0.36916986107826 0.35373315215111 0.015436724759638
93 0.37675514817238 0.36162975430489 0.015125392004848
94 0.38470494747162 0.36965221166611 0.015052745118737
95 0.39246493577957 0.37783652544022 0.014628400094807
96 0.401710242033 0.38626316189766 0.015447084791958
97 0.40924540162086 0.39470556378365 0.014539855532348
98 0.41738376021385 0.40280401706696 0.014579731039703
99 0.42604038119316 0.41116365790367 0.014876725152135
100 0.43520891666412 0.41981956362724 0.015389352105558
101 0.44287526607513 0.42852914333344 0.014346129260957
102 0.45278504490852 0.43736717104912 0.015417884103954
103 0.46248012781143 0.44632771611214 0.016152411699295
104 0.473040163517 0.45540940761566 0.017630748450756
105 0.4838647544384 0.46461272239685 0.019252024590969
106 0.49540257453918 0.47393906116486 0.021463505923748
107 0.50769752264023 0.48339068889618 0.024306822568178
108 0.52098137140274 0.49297007918358 0.028011258691549
109 0.5357164144516 0.50268048048019 0.033035904169083
110 0.55244356393814 0.51252591609955 0.039917625486851
111 0.57552540302277 0.52251136302948 0.053014028817415
112 0.59467172622681 0.53264379501343 0.062027972191572
113 0.6256394982338 0.54293292760849 0.082706578075886
114 0.67076355218887 0.55339413881302 0.11736939102411
115 0.74858319759369 0.56405377388 0.18452939391136
116 0.89396548271179 0.57496124505997 0.31900426745415
117 1.2795125246048 0.58621752262115 0.69329500198364
118 2.8095934391022 0.59803169965744 2.2115619182587
119 5.9732632637024 0.61069709062576 5.3625659942627
120 1.7892255783081 0.62351590394974 1.1657096147537
121 1.0913959741592 0.63382315635681 0.45757278800011
122 0.88214880228043 0.64385372400284 0.23829509317875
123 0.80144554376602 0.65473186969757 0.14671367406845
124 0.77740317583084 0.66623502969742 0.1111681163311
125 0.75337755680084 0.67815494537354 0.075222611427307
126 0.74737542867661 0.69039058685303 0.056984875351191
127 0.74818497896194 0.7029036283493 0.045281376689672
128 0.75377613306046 0.71567595005035 0.03810016065836
129 0.76054805517197 0.72870427370071 0.031843792647123
130 0.76950800418854 0.74199086427689 0.027517164126039
131 0.78034126758575 0.75554674863815 0.024794572964311
132 0.79125851392746 0.76938110589981 0.021877398714423
133 0.80346590280533 0.78350740671158 0.019958447664976
134 0.81619441509247 0.79794126749039 0.018253123387694
135 0.82966357469559 0.81270039081573 0.016963163390756
136 0.8438161611557 0.82780492305756 0.016011223196983
137 0.85963410139084 0.84327727556229 0.016356790438294
138 0.87330704927444 0.85914278030396 0.014164258725941
139 0.88898718357086 0.87542963027954 0.013557576574385
140 0.90529322624207 0.89216959476471 0.013123625889421
141 0.92248910665512 0.90939831733704 0.013090784661472
142 0.94725650548935 0.92715585231781 0.020100645720959
143 0.95831727981567 0.94548755884171 0.012829774059355
144 0.97638547420502 0.96444398164749 0.011941488832235
145 1.001415014267 0.98408436775208 0.017330585047603
146 1.015637755394 1.004474401474 0.011163395829499
147 1.0366008281708 1.0256894826889 0.010911403223872
148 1.058734536171 1.0478160381317 0.010918435640633
149 1.0826405286789 1.0709537267685 0.01168674044311
150 1.1060552597046 1.0951883792877 0.010866807773709
151 1.131841301918 1.1207123994827 0.011128883808851
152 1.158006310463 1.1476502418518 0.010356138460338
153 1.1865355968475 1.1761829853058 0.010352618992329
154 1.2219622135162 1.2065237760544 0.015438458882272
155 1.2490153312683 1.2389240264893 0.010091315954924
156 1.2839045524597 1.27368247509 0.010222049430013
157 1.3209618330002 1.3111562728882 9.8054828122258E-03
158 1.3614950180054 1.3517748117447 9.7202872857451E-03
159 1.4057512283325 1.3960576057434 9.6935983747244E-03
160 1.4543006420135 1.4446388483047 9.6618020907044E-03
161 1.5079455375671 1.4982975721359 9.6480315551162E-03
162 1.5677051544189 1.5579999685287 9.7051383927464E-03
163 1.6347360610962 1.6249551773071 9.780865162611E-03
164 1.7110658884048 1.7007468938828 0.010318982414901
165 1.8086398839951 1.7872185707092 0.021421240642667
166 1.8993046283722 1.8869528770447 0.012351743876934
167 2.0136194229126 2.0032646656036 0.010354932397604
168 2.1504013538361 2.140566110611 9.8352506756783E-03
169 2.3145542144775 2.3048276901245 9.7265467047691E-03
170 2.5140144824982 2.5042805671692 9.7341034561396E-03
171 2.7603454589844 2.7505125999451 9.8327305167913E-03
172 3.0700755119324 3.0602285861969 9.8469741642475E-03
173 3.4682676792145 3.4581689834595 0.010098541155457
174 3.9923982620239 3.9821372032166 0.010261075571179
175 4.7039594650269 4.6920123100281 0.011947102844715
176 5.6981844902039 5.6866960525513 0.011488155461848
177 7.1481156349182 7.1377053260803 0.010410289280117
178 9.3697309494019 9.359676361084 0.010054729878902
179 12.976968765259 12.966941833496 0.010027043521404
180 19.244649887085 19.233404159546 0.0112459436059
181 30.871013641357 30.860931396484 0.010083744302392
182 52.645217895508 52.635005950928 0.010211781598628
183 83.211441040039 83.200828552246 0.010616292245686
184 73.047340393066 73.033081054687 0.014263335615396
185 44.470699310303 44.456958770752 0.013741562142968
186 27.108669281006 27.098066329956 0.010602723807096
187 17.808345794678 17.797798156738 0.010548246093094
188 12.623101234436 12.612772941589 0.010328580625355
189 9.5332174301147 9.5228319168091 0.010385979898274
190 7.5746126174927 7.5641708374023 0.010441796854138
191 6.2683067321777 6.2577600479126 0.010546530596912
192 5.3621912002563 5.3514518737793 0.010739343240857
193 4.7177352905273 4.7059097290039 0.011825693771243
194 4.2441973686218 4.2326412200928 0.01155580766499
195 3.8650040626526 3.8496260643005 0.015377985313535
196 3.5654604434967 3.5526576042175 0.01280299667269
197 3.3354525566101 3.3241305351257 0.011322037316859
198 3.157324552536 3.1462574005127 0.011067349463701
199 3.0195021629333 3.0078728199005 0.011629150249064
200 2.9152457714081 2.9033799171448 0.01186584122479
201 2.8477232456207 2.8335964679718 0.014126709662378
202 2.8210716247559 2.8095047473907 0.011566764675081
203 2.8500533103943 2.8386297225952 0.011423652991652
204 2.7809870243073 2.7697880268097 0.011199150234461
205 2.6498544216156 2.6385238170624 0.011330598965287
206 2.5682606697083 2.5549659729004 0.013294656760991
207 2.51438331604 2.5025928020477 0.01179052144289
208 2.4800381660461 2.467099905014 0.01293823774904
209 2.4568982124329 2.4418928623199 0.01500532310456
210 2.4353227615356 2.4229111671448 0.012411558069289
211 2.4238209724426 2.4092681407928 0.014552774839103
212 2.4116826057434 2.399827003479 0.01185552123934
213 2.4057085514069 2.3937840461731 0.011924612335861
214 2.4030125141144 2.390585899353 0.012426603585482
215 2.4230196475983 2.3898289203644 0.033190775662661
216 2.4034740924835 2.3911998271942 0.01227427367121
217 2.4065582752228 2.3944470882416 0.012111066840589
218 2.4116458892822 2.3993639945984 0.012282054871321
219 2.417932510376 2.4057774543762 0.012155130505562
220 2.4257521629333 2.4135413169861 0.012210794724524
221 2.4348585605621 2.4225311279297 0.012327367439866
222 2.4451529979706 2.4326877593994 0.012465158477426
223 2.456503868103 2.4438228607178 0.012680954299867
224 2.4673132896423 2.4542615413666 0.013051744550467
225 2.481437921524 2.4673545360565 0.014083312824368
226 2.5057480335236 2.4812467098236 0.024501368403435
227 2.5104098320007 2.4958889484406 0.014520742930472
228 2.5249662399292 2.5112411975861 0.013725148513913
229 2.5415785312653 2.5272750854492 0.014303421601653
230 2.5590734481812 2.5439879894257 0.015085503458977
231 2.5847609043121 2.5614495277405 0.023311417549849
232 2.5968244075775 2.5799751281738 0.016849279403687
233 2.6193442344666 2.5993669033051 0.019977128133178
234 2.6651892662048 2.617121219635 0.048068109899759
235 2.6582937240601 2.6357095241547 0.022584307938814
236 2.6768898963928 2.6552138328552 0.021676195785403
237 2.7173926830292 2.6753170490265 0.042075507342815
238 2.7137665748596 2.6959156990051 0.017850963398814
239 2.7708427906036 2.7169668674469 0.053875736892223
240 2.7545211315155 2.7384469509125 0.016074046492577
241 2.7765152454376 2.76034283638 0.016172321513295
242 2.8082318305969 2.7826421260834 0.025589779019356
243 2.8295209407806 2.805335521698 0.024185284972191
244 2.8494811058044 2.8284165859222 0.021064665168524
245 2.8676192760468 2.8518779277802 0.01574144884944
246 2.8909709453583 2.8757150173187 0.015255785547197
247 2.9167728424072 2.8999240398407 0.016848793253303
248 2.9607679843903 2.9245018959045 0.036266051232815
249 2.9713349342346 2.9494459629059 0.021888894960284
250 3.000727891922 2.9747548103333 0.025973094627261
251 3.0209517478943 3.0004272460938 0.02052447758615
252 3.0425410270691 3.026463508606 0.016077686101198
253 3.0683624744415 3.0528635978699 0.015498954802752
254 3.0948836803436 3.0796287059784 0.015254960395396
255 3.1219782829285 3.1067607402802 0.015217679552734
256 3.1495661735535 3.1342616081238 0.015304429456592
257 3.1780161857605 3.1621346473694 0.015881605446339
258 3.2106244564056 3.1903831958771 0.020241102203727
259 3.2446925640106 3.2190117835999 0.025680981576443
260 3.2643325328827 3.2480247020721 0.016307853162289
261 3.2936196327209 3.2774279117584 0.016191525384784
262 3.3242077827454 3.3072235584259 0.016984347254038
263 3.3623142242432 3.3374266624451 0.024887569248676
264 3.3889536857605 3.3681454658508 0.020808320492506
265 3.4233520030975 3.3991799354553 0.024171881377697
266 3.4476959705353 3.4306435585022 0.0170524045825
267 3.4873230457306 3.4625463485718 0.024776626378298
268 3.5123307704926 3.4949064254761 0.017424257472157
269 3.5443966388702 3.5277230739594 0.016673700883985
270 3.5776877403259 3.5610167980194 0.016670886427164
271 3.612508058548 3.5948050022125 0.017703022807837
272 3.6474871635437 3.6291148662567 0.018372258171439
273 3.7317047119141 3.6639866828918 0.067717991769314
274 3.7205007076263 3.6992998123169 0.021200919523835
275 3.7562654018402 3.7351832389832 0.021082310006022
276 3.7931632995605 3.771678686142 0.021484479308128
277 3.8389894962311 3.8087913990021 0.03019817173481
278 3.8648996353149 3.8465442657471 0.018355494365096
279 3.9039797782898 3.8849663734436 0.01901326328516
280 3.9424393177032 3.9240906238556 0.018348665907979
281 3.9847197532654 3.9639534950256 0.02076630666852
282 4.0226068496704 4.0045847892761 0.01802191324532
283 4.0674357414246 4.0460505485535 0.021385379135609
284 4.1069564819336 4.0883893966675 0.018567366525531
285 4.1517467498779 4.1316576004028 0.020089339464903
286 4.2435083389282 4.1759333610535 0.067574813961983
287 4.2449426651001 4.2212562561035 0.023686395958066
288 4.2891120910645 4.267719745636 0.021392690017819
289 4.4154543876648 4.3154134750366 0.10004077106714
290 4.3844103813171 4.3644404411316 0.019970221444964
291 4.4410810470581 4.4149174690247 0.026163298636675
292 4.486720085144 4.4669852256775 0.019734801724553
293 4.5531492233276 4.5208206176758 0.032328758388758
294 4.59712266922 4.576771736145 0.020350906997919
295 4.6545701026917 4.6348919868469 0.019678192213178
296 4.7144932746887 4.6946349143982 0.019858364015818
297 4.7788023948669 4.75723695755 0.021565737202764
298 4.8492741584778 4.8229675292969 0.026306657120585
299 4.9185757637024 4.8920412063599 0.026534711942077
300 4.9894871711731 4.9647326469421 0.024754570797086
301 5.0738229751587 5.041889667511 0.031933270394802
302 5.156379699707 5.1245613098145 0.031818423420191
303 5.2536025047302 5.2127237319946 0.040878817439079
304 5.3296074867249 5.307825088501 0.021782102063298
305 5.4318604469299 5.4111638069153 0.020696440711617
306 5.5444140434265 5.5243816375732 0.020032031461596
307 5.6697030067444 5.6495790481567 0.020123852416873
308 5.8097529411316 5.7894797325134 0.020273312926292
309 5.968391418457 5.9476656913757 0.020725760608912
310 6.1598343849182 6.1289262771606 0.030908217653632
311 6.3607606887817 6.3397831916809 0.020977675914764
312 6.610155582428 6.5893015861511 0.020854050293565
313 6.9116053581238 6.8903889656067 0.02121633477509
314 7.2838125228882 7.2619371414185 0.02187548391521
315 7.7568912506104 7.7325038909912 0.024387529119849
316 8.3840551376343 8.3470315933228 0.037023164331913
317 9.2091646194458 9.1797027587891 0.029461767524481
318 10.383707046509 10.360960006714 0.02274621091783
319 12.161745071411 12.138105392456 0.023639583960176
320 15.030660629272 15.00304889679 0.027611287310719
321 19.686622619629 19.663583755493 0.023038925603032
322 26.444265365601 26.421968460083 0.02229799516499
323 39.525459289551 39.50271987915 0.022738721221685
324 65.784355163574 65.760803222656 0.023555664345622
325 100.11456298828 100.08946228027 0.025102201849222
326 77.590850830078 77.559768676758 0.031084954738617
327 46.554691314697 46.46354675293 0.091143898665905
328 29.683351516724 29.655824661255 0.027526373043656
329 21.106939315796 21.082372665405 0.024565240368247
330 16.440719604492 16.417278289795 0.023441933095455
331 13.709766387939 13.685532569885 0.024233277887106
332 12.014397621155 11.985956192017 0.028441295027733
333 10.931559562683 10.879285812378 0.052274122834206
334 10.160926818848 10.135696411133 0.025230698287487
335 9.6548128128052 9.6275310516357 0.027281180024147
336 9.3025283813477 9.2782344818115 0.024294355884194
337 9.0557823181152 9.0316848754883 0.024097871035337
338 8.8856563568115 8.8615427017212 0.024112965911627
339 8.7785491943359 8.7542400360107 0.02430964820087
340 8.7204332351685 8.6958541870117 0.024579228833318
341 8.7008047103882 8.6758823394775 0.024922359734774
342 8.7119293212891 8.6861486434937 0.025780415162444
343 8.758373260498 8.7248935699463 0.033479861915112
344 8.8148136138916 8.7873497009277 0.027464088052511
345 8.9046831130981 8.8713483810425 0.033334154635668
346 9.0038394927979 8.9756078720093 0.028231348842382
347 9.1267423629761 9.0995016098022 0.027240078896284
348 9.2702226638794 9.242956161499 0.027266712859273
349 9.4344272613525 9.4064064025879 0.028020590543747
350 9.6204833984375 9.5907726287842 0.029710037633777
351 9.8315811157227 9.7974624633789 0.034118808805943
352 10.079657554626 10.028402328491 0.051255870610476
353 10.339818954468 10.286095619202 0.053723067045212
354 10.606038093567 10.573593139648 0.032444998621941
355 10.990393638611 10.895102500916 0.09529036283493
356 11.288174629211 11.255414009094 0.032760966569185
357 11.697751045227 11.660628318787 0.037122152745724
358 12.173520088196 12.118336677551 0.055183943361044
359 12.736808776855 12.638023376465 0.098785206675529
360 13.273146629333 13.231627464294 0.04152000695467
361 13.954732894897 13.91429901123 0.040433533489704
362 14.749088287354 14.705463409424 0.043624710291624
363 15.682864189148 15.630309104919 0.052555043250322
364 16.796058654785 16.721933364868 0.074126459658146
365 18.111261367798 18.02446937561 0.086791798472404
366 19.715375900269 19.597717285156 0.11765799671412
367 21.768869400024 21.524471282959 0.24439708888531
368 24.658248901367 23.921409606934 0.73683929443359
369 27.703556060791 26.957376480103 0.74617993831635
370 31.114311218262 30.883535385132 0.2307750582695
371 36.293403625488 36.085773468018 0.20762848854065
372 43.258003234863 43.179733276367 0.0782720297575
373 53.252422332764 53.191905975342 0.060515116900206
374 67.978118896484 67.925132751465 0.052981667220592
375 90.820518493652 90.744499206543 0.076022297143936
376 128.43785095215 128.38217163086 0.055669035762548
377 195.34506225586 195.29260253906 0.052468772977591
378 323.73162841797 323.67401123047 0.057614803314209
379 573.79254150391 573.74682617187 0.045724637806416
380 915.25201416016 915.21545410156 0.036555528640747
381 719.57470703125 719.53918457031 0.035519581288099
382 412.13330078125 412.09817504883 0.035122763365507
383 243.41990661621 243.38519287109 0.034718845039606
384 156.8169708252 156.78224182129 0.034733142703772
385 109.48411560059 109.44903564453 0.035077445209026
386 81.53889465332 81.502700805664 0.036195889115334
387 63.842174530029 63.785678863525 0.056493826210499
388 52.123401641846 52.086387634277 0.037013173103333
389 44.230567932129 44.194396972656 0.036171555519104
390 38.876880645752 38.840755462646 0.036126296967268
391 34.531509399414 34.494194030762 0.037313718348742
392 30.573076248169 30.53031539917 0.04276018217206
393 27.563810348511 27.511222839355 0.052587818354368
394 25.276124954224 25.236782073975 0.039342608302832
395 23.530393600464 23.480648040771 0.049747213721275
396 22.133909225464 22.090229034424 0.043679729104042
397 21.05576133728 20.979949951172 0.07581203430891
398 20.123542785645 20.080587387085 0.042954843491316
399 19.393426895142 19.347515106201 0.04591216519475
400 18.841516494751 18.748163223267 0.093352548778057
401 18.347341537476 18.258138656616 0.089203648269176
402 17.967329025269 17.858833312988 0.10849602520466
403 17.605545043945 17.535833358765 0.069712519645691
404 17.331691741943 17.27784538269 0.053846515715122
405 17.127202987671 17.07594871521 0.051255352795124
406 16.97442817688 16.923048019409 0.05137998983264
407 16.868431091309 16.813495635986 0.054935969412327
408 16.820316314697 16.742948532104 0.077368699014187
409 16.772716522217 16.707540512085 0.065175548195839
410 16.751684188843 16.689043045044 0.062640279531479
411 16.784704208374 16.717931747437 0.066772915422916
412 16.848865509033 16.775459289551 0.073406487703323
413 16.990875244141 16.860622406006 0.13025268912315
414 17.104751586914 16.972877502441 0.13187336921692
415 17.222597122192 17.11213684082 0.11045905947685
416 17.395824432373 17.27751159668 0.11831237375736
417 17.613170623779 17.472394943237 0.14077493548393
418 17.87066078186 17.696792602539 0.17386867105961
419 18.179250717163 17.952600479126 0.22665022313595
420 18.557531356812 18.242109298706 0.3154225051403
421 19.047887802124 18.569190979004 0.47869816422462
422 19.753593444824 18.937875747681 0.81571763753891
423 21.078237533569 19.353721618652 1.7245154380798
424 25.025798797607 19.824041366577 5.2017579078674
425 33.345623016357 20.357095718384 12.988526344299
426 23.90772819519 20.964056015015 2.9436709880829
427 22.872936248779 21.661865234375 1.2110694646835
428 23.11536026001 22.471046447754 0.64431363344193
429 23.848863601685 23.420225143433 0.4286367893219
430 24.845649719238 24.550212860107 0.29543653130531
431 26.138107299805 25.921350479126 0.21675750613213
432 27.795490264893 27.627952575684 0.16753666102886
433 29.965515136719 29.827095031738 0.13842134177685
434 32.92546081543 32.806938171387 0.11852208524942
435 37.268886566162 37.16459274292 0.10429130494595
436 44.432739257813 44.337856292725 0.094882674515247
437 57.882328033447 57.783946990967 0.098380111157894
438 80.82405090332 80.736557006836 0.087487772107124
439 117.71649169922 117.63892364502 0.077569045126438
440 101.19823455811 101.12413787842 0.074099361896515
441 88.068832397461 87.96639251709 0.10244213789701
442 96.730987548828 96.618194580078 0.11279497295618
443 122.4857635498 122.42001342773 0.065750479698181
444 154.41299438477 154.35279846191 0.060194790363312
445 222.9723815918 222.9069519043 0.065430887043476
446 369.17309570312 369.0969543457 0.076130695641041
447 667.78131103516 667.720703125 0.060608699917793
448 1.006807434082E+03 1.0067475585937E+03 0.059859413653612
449 674.02679443359 673.89874267578 0.12805433571339
450 374.35299682617 374.29718017578 0.055810160934925
451 224.96479797363 224.90827941895 0.056522868573666
452 150.3134765625 150.24862670898 0.06485553830862
453 109.69846343994 109.64178466797 0.056672129780054
454 85.737106323242 85.683708190918 0.053400047123432
455 70.648666381836 70.594459533691 0.054211642593145
456 60.655235290527 60.603260040283 0.051973976194859
457 53.804161071777 53.736568450928 0.067593574523926
458 48.947296142578 48.8918800354 0.055419269949198
459 45.4714012146 45.419937133789 0.051465138792992
460 42.983444213867 42.930896759033 0.052546571940184
461 41.219432830811 41.162418365479 0.057013064622879
462 40.035530090332 39.966793060303 0.068735219538212
463 39.348735809326 39.238079071045 0.11065702885389
464 38.997333526611 38.912418365479 0.08491413295269
465 39.092277526855 39.033931732178 0.058345280587673
466 39.763847351074 39.699378967285 0.064466297626495
467 41.228992462158 41.147552490234 0.081441126763821
468 44.068359375 43.972454071045 0.095906510949135
469 49.82580947876 49.709163665771 0.11664628982544
470 61.85920715332 61.781147003174 0.078060030937195
471 76.340728759766 75.97583770752 0.36489561200142
472 74.100677490234 74.030387878418 0.070289708673954
473 88.188636779785 88.028739929199 0.15989477932453
474 129.81790161133 129.74946594238 0.068440973758698
475 148.94586181641 148.8741607666 0.071699902415276
476 98.43782043457 98.09725189209 0.34056550264359
477 69.420143127441 69.328765869141 0.091372668743134
478 56.65608215332 56.571578979492 0.084502004086971
479 50.707431793213 50.612731933594 0.094698905944824
480 47.863334655762 47.70431137085 0.15902145206928
481 46.552783966064 46.349773406982 0.20300869643688
482 46.072257995605 45.907272338867 0.16498890519142
483 46.302539825439 46.103145599365 0.19939659535885
484 47.17892074585 46.886150360107 0.29276740550995
485 48.900554656982 48.376918792725 0.52363431453705
486 52.329601287842 51.079349517822 1.250254034996
487 61.607669830322 56.186096191406 5.421573638916
488 66.929649353027 64.625061035156 2.3045871257782
489 66.268402099609 65.484176635742 0.78423154354095
490 59.331203460693 58.941516876221 0.38968858122826
491 55.91236114502 55.670623779297 0.24173630774021
492 54.889614105225 54.716766357422 0.17284701764584
493 55.007759094238 54.874378204346 0.1333821117878
494 55.712825775146 55.601657867432 0.11116939038038
495 56.76488494873 56.66565322876 0.099233016371727
496 58.0842628479 57.960723876953 0.12353830784559
497 59.575897216797 59.437591552734 0.13830465078354
498 61.160091400146 61.075672149658 0.084421463310719
499 62.962718963623 62.867095947266 0.095625475049019
500 64.902900695801 64.829856872559 0.073042392730713
501 67.094528198242 67.023483276367 0.071043536067009
502 69.720100402832 69.646018981934 0.074082471430302
503 73.379440307617 73.311393737793 0.068052895367146
504 76.25902557373 76.197219848633 0.061802729964256
505 77.551048278809 77.48770904541 0.063338108360767
506 79.529655456543 79.469429016113 0.060226384550333
507 82.221908569336 82.154289245605 0.067615129053593
508 85.311813354492 85.198219299316 0.11358850449324
509 88.549171447754 88.464859008789 0.08431002497673
510 92.056694030762 91.99893951416 0.057756081223488
511 95.857696533203 95.80233001709 0.05536375194788
512 99.950073242188 99.895431518555 0.054640650749207
513 104.33224487305 104.2780456543 0.054198250174522
514 109.04291534424 108.98783874512 0.055075611919165
515 114.18347930908 114.05475616455 0.12872087955475
516 119.57174682617 119.51501464844 0.056732445955276
517 125.4631729126 125.39292907715 0.070248208940029
518 131.81634521484 131.75512695312 0.061209205538034
519 138.734375 138.67248535156 0.061889089643955
520 146.40435791016 146.22915649414 0.17518930137157
521 154.29534912109 154.22561645508 0.069739557802677
522 163.1522064209 162.95001220703 0.20219387114048
523 172.63739013672 172.52487182617 0.11250987648964
524 183.08569335937 183.02015686035 0.065546117722988
525 194.60307312012 194.54504394531 0.058023247867823
526 207.26356506348 207.20597839355 0.057578448206186
527 221.24337768555 221.17781066895 0.065567225217819
528 236.70465087891 236.64559936523 0.059057638049126
529 253.88284301758 253.82444763184 0.05839654058218
530 273.03277587891 272.97451782227 0.058235958218575
531 294.48080444336 294.41549682617 0.065325208008289
532 318.54153442383 318.48742675781 0.054113291203976
533 345.68002319336 345.6247253418 0.055282492190599
534 378.37158203125 378.30184936523 0.069731146097183
535 413.81890869141 413.75921630859 0.059683982282877
536 454.55865478516 454.49847412109 0.060165099799633
537 501.6887512207 501.63265991211 0.056093793362379
538 556.31689453125 556.26025390625 0.056654620915651
539 620.34515380859 620.27398681641 0.071195259690285
540 696.20837402344 696.14532470703 0.063076436519623
541 786.97747802734 786.91949462891 0.058015525341034
542 896.83728027344 896.78137207031 0.055949445813894
543 1.0316540527344E+03 1.0315969238281E+03 0.057183127850294
544 1.1998956298828E+03 1.1998355712891E+03 0.060065478086472
545 1.4142489013672E+03 1.4141407470703E+03 0.10817494988441
546 1.6934291992188E+03 1.6933718261719E+03 0.057336002588272
547 2.0598000488281E+03 2.0597436523437E+03 0.056529670953751
548 2.5291423339844E+03 2.5290847167969E+03 0.057556115090847
549 3.1139572753906E+03 3.1138752441406E+03 0.082105547189713
550 3.9666413574219E+03 3.9665766601563E+03 0.064558580517769
551 5.251900390625E+03 5.2514848632812E+03 0.41557046771049
552 7.2572299804688E+03 7.2571577148437E+03 0.072171181440353
553 1.0548850585937E+04 1.0548783203125E+04 0.068031348288059
554 1.6314751953125E+04 1.6314692382812E+04 0.059426415711641
555 2.685804296875E+04 2.6857986328125E+04 0.058257628232241
556 4.483665234375E+04 4.483659765625E+04 0.05786132439971
557 6.0193328125E+04 6.0193265625E+04 0.061223905533552
558 4.24774921875E+04 4.24774296875E+04 0.061547104269266
559 2.5498369140625E+04 2.5498306640625E+04 0.063939772546291
560 1.569990625E+04 1.5699838867188E+04 0.067079678177834
561 1.0294967773438E+04 1.0294908203125E+04 0.05959291011095
562 7.1667153320313E+03 7.16665625E+03 0.059007745236158
563 5.2408598632813E+03 5.240798828125E+03 0.060991823673248
564 3.9865964355469E+03 3.9865329589844E+03 0.063390582799911
565 3.1299438476563E+03 3.1298720703125E+03 0.071891032159328
566 2.521341796875E+03 2.5212041015625E+03 0.13768655061722
567 2.0744558105469E+03 2.0742954101563E+03 0.16040572524071
568 1.7370727539063E+03 1.7369971923828E+03 0.075662240386009
569 1.4764968261719E+03 1.4764255371094E+03 0.071294844150543
570 1.2712369384766E+03 1.2710797119141E+03 0.15717667341232
571 1.1074208984375E+03 1.1064527587891E+03 0.96815037727356
572 972.55584716797 972.48376464844 0.072082571685314
573 862.13427734375 862.02575683594 0.10849894583225
574 769.37921142578 769.30792236328 0.071270801126957
575 691.77648925781 691.70538330078 0.071101762354374
576 625.78668212891 625.70617675781 0.080535173416138
577 569.197265625 569.111328125 0.085976995527744
578 520.28955078125 520.21447753906 0.07508085668087
579 477.7380065918 477.67105102539 0.066942781209946
580 440.50018310547 440.43603515625 0.06412835419178
581 407.73095703125 407.66333007812 0.067636519670486
582 378.72705078125 378.58233642578 0.14472453296185
583 352.88998413086 352.81100463867 0.078974388539791
584 329.86685180664 329.80035400391 0.066485092043877
585 309.23431396484 309.17138671875 0.06293011456728
586 290.67025756836 290.60848999023 0.061777133494616
587 273.90902709961 273.84689331055 0.06212617084384
588 258.72619628906 258.66360473633 0.062596797943115
589 244.9369354248 244.86950683594 0.067429333925247
590 232.37477111816 232.30378723145 0.070985905826092
591 220.97775268555 220.82919311523 0.14856907725334
592 210.40135192871 210.32893371582 0.072423011064529
593 200.78475952148 200.70539855957 0.079372987151146
594 191.94836425781 191.87937927246 0.068992041051388
595 183.92678833008 183.74775695801 0.17903673648834
596 176.24217224121 176.17495727539 0.067210473120213
597 169.2884979248 169.2233581543 0.065138570964336
598 162.8804473877 162.81568908691 0.064757831394672
599 156.96810913086 156.90199279785 0.066114492714405
600 151.51333618164 151.44334411621 0.069997861981392
