1 3.8525927811861E-03 4.5829900045646E-05 3.8067628629506E-03
2 4.2632543481886E-03 1.8420934793539E-04 4.0790447965264E-03
3 4.5775356702507E-03 4.1819276520982E-04 4.1593429632485E-03
4 4.9719600938261E-03 7.545254775323E-04 4.2174346745014E-03
5 5.4825283586979E-03 1.2053463142365E-03 4.277182277292E-03
6 6.1105126515031E-03 1.7656360287219E-03 4.3448763899505E-03
7 6.8435491994023E-03 2.420547651127E-03 4.423001781106E-03
8 7.7253067865968E-03 3.2122135162354E-03 4.5130932703614E-03
9 8.7893586605787E-03 4.1698645800352E-03 4.6194940805435E-03
10 0.010067322291434 5.3276722319424E-03 4.7396500594914E-03
11 0.01162720285356 6.7378878593445E-03 4.8893145285547E-03
12 0.013494609855115 8.4868483245373E-03 5.0077619962394E-03
13 0.015866722911596 0.010698071680963 5.1686521619558E-03
14 0.018907304853201 0.013559248298407 5.3480579517782E-03
15 0.022976724430919 0.017417881637812 5.5588418617845E-03
16 0.028719482943416 0.022948797792196 5.7706851512194E-03
17 0.037400033324957 0.031399127095938 6.0009090229869E-03
18 0.051608555018902 0.045342519879341 6.2660351395607E-03
19 0.077072255313396 0.070518761873245 6.5534953027964E-03
20 0.12723273038864 0.12036441266537 6.8683256395161E-03
21 0.22975140810013 0.22253765165806 7.2137699462473E-03
22 0.3842371404171 0.37664422392845 7.5929365120828E-03
23 0.34624421596527 0.33823278546333 8.0114156007767E-03
24 0.22786547243595 0.2193907648325 8.4747020155191E-03
25 0.15641696751118 0.14744147658348 8.9754918590188E-03
26 0.11864169687033 0.10912078619003 9.5209116116166E-03
27 0.098177626729012 0.088052205741405 0.010125421918929
28 0.086718998849392 0.075919166207314 0.010799827985466
29 0.080398596823215 0.06873793900013 0.011660658754408
30 0.077115155756474 0.064500875771046 0.012614278122783
31 0.07543034106493 0.062128379940987 0.01330195646733
32 0.075312852859497 0.061003409326077 0.014309443533421
33 0.076212346553802 0.060754034668207 0.015458310954273
34 0.077823877334595 0.06114562228322 0.016678255051374
35 0.080164723098278 0.062024284154177 0.018140440806746
36 0.082684241235256 0.063290677964687 0.019393566995859
37 0.085846036672592 0.064862184226513 0.020983852446079
38 0.089513137936592 0.066696166992188 0.022816970944405
39 0.09396430850029 0.068745575845242 0.025218730792403
40 0.099308103322983 0.07098688185215 0.028321223333478
41 0.10510219633579 0.073397248983383 0.03170495480299
42 0.11316717416048 0.075960695743561 0.03720647841692
43 0.12094141542912 0.078664302825928 0.042277112603188
44 0.13025145232677 0.081495814025402 0.048755642026663
45 0.14079444110394 0.084451176226139 0.056343261152506
46 0.15341547131538 0.087521784007549 0.065893694758415
47 0.16884808242321 0.090702332556248 0.078145757317543
48 0.18835479021072 0.093988500535488 0.094366297125816
49 0.21406207978725 0.097376748919487 0.11668532341719
50 0.25046715140343 0.10086417943239 0.14960296452045
51 0.31094813346863 0.10444843024015 0.20649971067905
52 0.44143161177635 0.10812756419182 0.33330404758453
53 0.78487676382065 0.11190006881952 0.67297667264938
54 1.7246086597443 0.11576477438211 1.6088439226151
55 3.9397461414337 0.11972085386515 3.8200254440308
56 8.9827919006348 0.12376788258553 8.8590240478516
57 18.532609939575 0.12790586054325 18.404703140259
58 18.646022796631 0.13213607668877 18.513885498047
59 22.843036651611 0.13645887374878 22.706577301025
60 23.751802444458 0.14087775349617 23.61092376709
61 24.420431137085 0.14539821445942 24.275032043457
62 21.756170272827 0.15003173053265 21.60613822937
63 24.239120483398 0.15479651093483 24.084323883057
64 7.1361212730408 0.15973593294621 6.9763851165771
65 3.0303146839142 0.16494238376617 2.8653721809387
66 1.3314805030823 0.17061100900173 1.1608694791794
67 0.69751268625259 0.17693187296391 0.52058082818985
68 0.47187322378159 0.18277129530907 0.2891018986702
69 0.38162636756897 0.18670471012592 0.19492165744305
70 0.33740231394768 0.19083750247955 0.14656479656696
71 0.31203806400299 0.1955451220274 0.11649292707443
72 0.29604125022888 0.20061622560024 0.0954250395298
73 0.28581938147545 0.2059113830328 0.079908013343811
74 0.27947181463242 0.21136611700058 0.068105690181255
75 0.27588939666748 0.21694511175156 0.058944281190634
76 0.27437826991081 0.22263230383396 0.051745962351561
77 0.27419671416283 0.22842249274254 0.045774225145578
78 0.27489429712296 0.23430888354778 0.040585409849882
79 0.27699816226959 0.24028870463371 0.036709446460009
80 0.27929869294167 0.24636036157608 0.032938342541456
81 0.28255432844162 0.25252294540405 0.030031390488148
82 0.2862928211689 0.25877603888512 0.027516776695848
83 0.29049608111382 0.26511949300766 0.025376580655575
84 0.29508715867996 0.27155342698097 0.023533741012216
85 0.30002117156982 0.27807801961899 0.021943150088191
86 0.30501446127892 0.28469368815422 0.020320780575275
87 0.31055536866188 0.29140096902847 0.019154399633408
88 0.31634500622749 0.29820054769516 0.01814447529614
89 0.32237148284912 0.30509316921234 0.017278309911489
90 0.32862243056297 0.31208002567291 0.01654240489006
91 0.33509522676468 0.31916275620461 0.015932446345687
92 0.34178081154823 0.32634410262108 0.015436724759638
93 0.34875467419624 0.33362928032875 0.015125392004848
94 0.35608330368996 0.34103056788445 0.015052745118737
95 0.36320957541466 0.34858119487762 0.014628400094807
96 0.37180241942406 0.35635533928871 0.015447084791958
97 0.37868392467499 0.36414405703545 0.014539855532348
98 0.38619521260262 0.37161546945572 0.014579731039703
99 0.39420455694199 0.3793278336525 0.014876725152135
100 0.40270286798477 0.38731351494789 0.015389352105558
101 0.40969485044479 0.39534872770309 0.014346129260957
102 0.41892033815384 0.40350243449211 0.015417884103954
103 0.42792159318924 0.41176918148994 0.016152411699295
104 0.43777844309807 0.42014768719673 0.017630748450756
105 0.44789046049118 0.42863842844963 0.019252024590969
106 0.45870614051819 0.43724262714386 0.021463505923748
107 0.47026923298836 0.44596242904663 0.024306822568178
108 0.48281136155128 0.45480009913445 0.028011258691549
109 0.49679458141327 0.46375867724419 0.033035904169083
110 0.51275938749313 0.47284176945686 0.039917625486851
111 0.53506809473038 0.48205408453941 0.053014028817415
112 0.55342990159988 0.49140191078186 0.062027972191572
113 0.58360093832016 0.50089436769485 0.082706578075886
114 0.62791502475739 0.51054561138153 0.11736939102411
115 0.70490926504135 0.52037990093231 0.18452939391136
116 0.84944707155228 0.53044277429581 0.31900426745415
117 1.2341225147247 0.54082757234573 0.69329500198364
118 2.7632887363434 0.55172693729401 2.2115619182587
119 5.9259777069092 0.56341165304184 5.3625659942627
120 1.7409476041794 0.57523792982101 1.1657096147537
121 1.042319893837 0.58474713563919 0.45757278800011
122 0.83229613304138 0.59400099515915 0.23829509317875
123 0.75075060129166 0.60403692722321 0.14671367406845
124 0.72581750154495 0.61464941501617 0.1111681163311
125 0.7008690237999 0.62564641237259 0.075222611427307
126 0.69391947984695 0.63693457841873 0.056984875351191
127 0.69376015663147 0.64847880601883 0.045281376689672
128 0.69836235046387 0.66026216745377 0.03810016065836
129 0.7041255235672 0.67228174209595 0.031843792647123
130 0.71205669641495 0.6845395565033 0.027517164126039
131 0.72184038162231 0.69704580307007 0.024794572964311
132 0.73168641328812 0.70980900526047 0.021877398714423
133 0.74279999732971 0.72284156084061 0.019958447664976
134 0.75441092252731 0.73615783452988 0.018253123387694
135 0.7667373418808 0.74977415800095 0.016963163390756
136 0.77972036600113 0.76370912790298 0.016011223196983
137 0.79434031248093 0.77798348665237 0.016356790438294
138 0.80678480863571 0.79262053966522 0.014164258725941
139 0.82120394706726 0.8076463341713 0.013557576574385
140 0.83621382713318 0.82309019565582 0.013123625889421
141 0.85207569599152 0.83898490667343 0.013090784661472
142 0.87546813488007 0.85536748170853 0.020100645720959
143 0.88510954380035 0.87227976322174 0.012829774059355
144 0.90170991420746 0.88976842164993 0.011941488832235
145 0.92521870136261 0.90788811445236 0.017330585047603
146 0.9378627538681 0.92669934034348 0.011163395829499
147 0.95718318223953 0.94627177715302 0.010911403223872
148 0.97760361433029 0.96668517589569 0.010918435640633
149 0.99971807003021 0.98803132772446 0.01168674044311
150 1.0212563276291 1.0103895664215 0.010866807773709
151 1.0450661182404 1.0339372158051 0.011128883808851
152 1.0691454410553 1.0587892532349 0.010356138460338
153 1.0954654216766 1.0851128101349 0.010352618992329
154 1.1285427808762 1.1131043434143 0.015438458882272
155 1.1530871391296 1.1429958343506 0.010091315954924
156 1.1852850914001 1.1750630140305 0.010222049430013
157 1.2194408178329 1.2096353769302 9.8054828122258E-03
158 1.2568290233612 1.2471088171005 9.7202872857451E-03
159 1.297656416893 1.2879629135132 9.6935983747244E-03
160 1.3424443006516 1.3327825069427 9.6618020907044E-03
161 1.3919345140457 1.3822864294052 9.6480315551162E-03
162 1.4470714330673 1.4373662471771 9.7051383927464E-03
163 1.5089180469513 1.4991371631622 9.780865162611E-03
164 1.5793794393539 1.5690604448318 0.010318982414901
165 1.6702580451965 1.64883685112 0.021421240642667
166 1.7532005310059 1.7408487796783 0.012351743876934
167 1.8585095405579 1.8481546640396 0.010354932397604
168 1.9846605062485 1.9748252630234 9.8352506756783E-03
169 2.1360945701599 2.1263680458069 9.7265467047691E-03
170 2.3201117515564 2.3103775978088 9.7341034561396E-03
171 2.5473771095276 2.5375444889069 9.8327305167913E-03
172 2.8331263065338 2.8232793807983 9.8469741642475E-03
173 3.2005064487457 3.1904079914093 0.010098541155457
174 3.6840670108795 3.6738059520721 0.010261075571179
175 4.340663433075 4.3287162780762 0.011947102844715
176 5.2578716278076 5.246383190155 0.011488155461848
177 6.5954527854919 6.5850424766541 0.010410289280117
178 8.6450242996216 8.6349697113037 0.010054729878902
179 11.97295665741 11.962929725647 0.010027043521404
180 17.755434036255 17.744188308716 0.0112459436059
181 28.481496810913 28.471412658691 0.010083744302392
182 48.569763183594 48.559551239014 0.010211781598628
183 76.769317626953 76.75870513916 0.010616292245686
184 67.39249420166 67.378234863281 0.014263335615396
185 41.028457641602 41.014717102051 0.013741562142968
186 25.010503768921 24.999900817871 0.010602723807096
187 16.430288314819 16.419738769531 0.010548246093094
188 11.646512031555 11.636183738708 0.010328580625355
189 8.7958784103394 8.7854928970337 0.010385979898274
190 6.9889297485352 6.9784879684448 0.010441796854138
191 5.7837772369385 5.7732305526733 0.010546530596912
192 4.9478359222412 4.9370965957642 0.010739343240857
193 4.3533635139465 4.3415374755859 0.011825693771243
194 3.9164698123932 3.9049139022827 0.01155580766499
195 3.5669329166412 3.5515549182892 0.015377985313535
196 3.2903833389282 3.2775802612305 0.01280299667269
197 3.0780699253082 3.0667476654053 0.011322037316859
198 2.9137144088745 2.9026470184326 0.011067349463701
199 2.7866067886353 2.774977684021 0.011629150249064
200 2.6904411315918 2.6785752773285 0.01186584122479
201 2.6283218860626 2.6141951084137 0.014126709662378
202 2.6035356521606 2.5919687747955 0.011566764675081
203 2.6302621364594 2.6188385486603 0.011423652991652
204 2.5665264129639 2.5553271770477 0.011199150234461
205 2.4455573558807 2.4342267513275 0.011330598965287
206 2.3704333305359 2.357138633728 0.013294656760991
207 2.3206112384796 2.3088207244873 0.01179052144289
208 2.2890141010284 2.2760758399963 0.01293823774904
209 2.2678258419037 2.2528207302094 0.01500532310456
210 2.2477200031281 2.2353086471558 0.012411558069289
211 2.237274646759 2.2227220535278 0.014552774839103
212 2.2258672714233 2.2140119075775 0.01185552123934
213 2.2203612327576 2.2084367275238 0.011924612335861
214 2.2179126739502 2.2054860591888 0.012426603585482
215 2.2379786968231 2.2047877311707 0.033190775662661
216 2.2183270454407 2.2060525417328 0.01227427367121
217 2.221159696579 2.2090485095978 0.012111066840589
218 2.2258665561676 2.2135846614838 0.012282054871321
219 2.2316565513611 2.2195014953613 0.012155130505562
220 2.2388751506805 2.2266643047333 0.012210794724524
221 2.2472853660583 2.2349579334259 0.012327367439866
222 2.2567932605743 2.2443282604218 0.012465158477426
223 2.2672822475433 2.2546012401581 0.012680954299867
224 2.2772831916809 2.2642314434052 0.013051744550467
225 2.2903940677643 2.2763106822968 0.014083312824368
226 2.3136286735535 2.2891273498535 0.024501368403435
227 2.3171565532684 2.3026359081268 0.014520742930472
228 2.3305244445801 2.3167994022369 0.013725148513913
229 2.3458952903748 2.3315918445587 0.014303421601653
230 2.3620960712433 2.3470106124878 0.015085503458977
231 2.3864314556122 2.3631200790405 0.023311417549849
232 2.3970603942871 2.3802111148834 0.016849279403687
233 2.4180788993835 2.3981018066406 0.019977128133178
234 2.4625494480133 2.4144811630249 0.048068109899759
235 2.4542145729065 2.4316301345825 0.022584307938814
236 2.4713006019592 2.4496243000031 0.021676195785403
237 2.510246515274 2.4681711196899 0.042075507342815
238 2.5050256252289 2.4871747493744 0.017850963398814
239 2.5604717731476 2.5065960884094 0.053875736892223
240 2.5424869060516 2.5264129638672 0.016074046492577
241 2.5627858638763 2.5466134548187 0.016172321513295
242 2.5927758216858 2.5671858787537 0.025589779019356
243 2.6123077869415 2.5881223678589 0.024185284972191
244 2.6304807662964 2.6094162464142 0.021064665168524
245 2.6468024253845 2.6310610771179 0.01574144884944
246 2.6683082580566 2.6530525684357 0.015255785547197
247 2.6922359466553 2.6753871440887 0.016848793253303
248 2.7343277931213 2.6980617046356 0.036266051232815
249 2.7429633140564 2.7210745811462 0.021888894960284
250 2.7703967094421 2.7444236278534 0.025973094627261
251 2.7886328697205 2.7681083679199 0.02052447758615
252 2.808206319809 2.7921285629272 0.016077686101198
253 2.8319835662842 2.8164846897125 0.015498954802752
254 2.8564324378967 2.8411774635315 0.015254960395396
255 2.8814263343811 2.8662085533142 0.015217679552734
256 2.9068846702576 2.8915801048279 0.015304429456592
257 2.9331767559052 2.9172949790955 0.015881605446339
258 2.963597536087 2.9433565139771 0.020241102203727
259 2.9954490661621 2.9697680473328 0.025680981576443
260 3.0128426551819 2.9965348243713 0.016307853162289
261 3.0398528575897 3.0236613750458 0.016191525384784
262 3.0681340694427 3.0511498451233 0.016984347254038
263 3.1039021015167 3.0790145397186 0.024887569248676
264 3.1281628608704 3.1073546409607 0.020808320492506
265 3.1601581573486 3.135986328125 0.024171881377697
266 3.1820662021637 3.1650137901306 0.0170524045825
267 3.2192230224609 3.1944463253021 0.024776626378298
268 3.2417249679565 3.2243008613586 0.017424257472157
269 3.2712502479553 3.2545764446259 0.016673700883985
270 3.3019633293152 3.2852923870087 0.016670886427164
271 3.3341672420502 3.3164641857147 0.017703022807837
272 3.3664898872375 3.3481178283691 0.018372258171439
273 3.4480073451996 3.3802895545959 0.067717991769314
274 3.4340691566467 3.4128682613373 0.021200919523835
275 3.4670555591583 3.4459731578827 0.021082310006022
276 3.5011274814606 3.4796431064606 0.021484479308128
277 3.5440802574158 3.5138819217682 0.03019817173481
278 3.5670671463013 3.5487117767334 0.018355494365096
279 3.6031723022461 3.5841588973999 0.01901326328516
280 3.6386024951935 3.6202538013458 0.018348665907979
281 3.6777963638306 3.6570301055908 0.02076630666852
282 3.7125375270844 3.6945157051086 0.01802191324532
283 3.7541556358337 3.7327704429626 0.021385379135609
284 3.7903983592987 3.771831035614 0.018567366525531
285 3.8318383693695 3.8117489814758 0.020089339464903
286 3.9201717376709 3.8525969982147 0.067574813961983
287 3.9180965423584 3.8944101333618 0.023686395958066
288 3.9586687088013 3.9372761249542 0.021392690017819
289 4.0813179016113 3.9812772274017 0.10004077106714
290 4.0464777946472 4.0265078544617 0.019970221444964
291 4.0992403030396 4.0730767250061 0.026163298636675
292 4.1408476829529 4.1211128234863 0.019734801724553
293 4.2031087875366 4.1707797050476 0.032328758388758
294 4.2427496910095 4.2223987579346 0.020350906997919
295 4.2956972122192 4.2760190963745 0.019678192213178
296 4.3509945869446 4.3311362266541 0.019858364015818
297 4.4104561805725 4.3888907432556 0.021565737202764
298 4.4758386611938 4.4495320320129 0.026306657120585
299 4.5397920608521 4.5132570266724 0.026534711942077
300 4.6050748825073 4.5803203582764 0.024754570797086
301 4.683436870575 4.6515035629272 0.031933270394802
302 4.7595925331116 4.7277736663818 0.031818423420191
303 4.8499884605408 4.8091096878052 0.040878817439079
304 4.9186301231384 4.8968477249146 0.021782102063298
305 5.0128817558289 4.9921851158142 0.020696440711617
306 5.1166687011719 5.0966367721558 0.020032031461596
307 5.2322640419006 5.2121405601501 0.020123852416873
308 5.3614821434021 5.3412084579468 0.020273312926292
309 5.5078721046448 5.4871463775635 0.020725760608912
310 5.6852803230286 5.654372215271 0.030908217653632
311 5.8698801994324 5.8489027023315 0.020977675914764
312 6.0999550819397 6.0791010856628 0.020854050293565
313 6.3780922889709 6.3568758964539 0.02121633477509
314 6.7215309143066 6.6996555328369 0.02187548391521
315 7.1581745147705 7.1337866783142 0.024387529119849
316 7.7377562522888 7.7007331848145 0.037023164331913
317 8.4983930587769 8.4689311981201 0.029461767524481
318 9.5814723968506 9.55872631073 0.02274621091783
319 11.221908569336 11.198268890381 0.023639583960176
320 13.868995666504 13.841383934021 0.027611287310719
321 18.164098739624 18.141059875488 0.023038925603032
322 24.39845085144 24.376152038574 0.02229799516499
323 36.466819763184 36.444080352783 0.022738721221685
324 60.69259262085 60.669036865234 0.023555664345622
325 92.364784240723 92.33967590332 0.025102201849222
326 71.585510253906 71.554420471191 0.031084954738617
327 42.957084655762 42.865940093994 0.091143898665905
328 27.387142181396 27.359615325928 0.027526373043656
329 19.474559783936 19.449995040894 0.024565240368247
330 15.169553756714 15.146111488342 0.023441933095455
331 12.650115013123 12.625881195068 0.024233277887106
332 11.08634185791 11.057900428772 0.028441295027733
333 10.089191436768 10.036917686462 0.052274122834206
334 9.3761348724365 9.3509035110474 0.025230698287487
335 8.909366607666 8.8820858001709 0.027281180024147
336 8.5841283798218 8.5598335266113 0.024294355884194
337 8.3564720153809 8.3323736190796 0.024097871035337
338 8.1995191574097 8.1754064559937 0.024112965911627
339 8.1007213592529 8.0764112472534 0.02430964820087
340 8.0471258163452 8.0225467681885 0.024579228833318
341 8.0290441513062 8.0041217803955 0.024922359734774
342 8.0393733978271 8.0135927200317 0.025780415162444
343 8.0828170776367 8.049337387085 0.033479861915112
344 8.1344213485718 8.1069574356079 0.027464088052511
345 8.2177867889404 8.1844530105591 0.033334154635668
346 8.3088712692261 8.2806396484375 0.028231348842382
347 8.4221801757813 8.3949403762817 0.027240078896284
348 8.5545539855957 8.5272874832153 0.027266712859273
349 8.7061023712158 8.6780815124512 0.028020590543747
350 8.8778829574585 8.8481731414795 0.029710037633777
351 9.0729780197144 9.0388584136963 0.034118808805943
352 9.3031730651855 9.251916885376 0.051255870610476
353 9.5433807373047 9.4896574020386 0.053723067045212
354 9.7873401641846 9.7548952102661 0.032444998621941
355 10.146800994873 10.051510810852 0.09529036283493
356 10.416684150696 10.383923530579 0.032760966569185
357 10.794884681702 10.757762908936 0.037122152745724
358 11.235214233398 11.180030822754 0.055183943361044
359 11.758264541626 11.659479141235 0.098785206675529
360 12.248641014099 12.207120895386 0.04152000695467
361 12.877367973328 12.836935043335 0.040433533489704
362 13.610465049744 13.566840171814 0.043624710291624
363 14.472631454468 14.420076370239 0.052555043250322
364 15.501303672791 15.427176475525 0.074126459658146
365 16.71565246582 16.628860473633 0.086791798472404
366 18.197952270508 18.080293655396 0.11765799671412
367 20.1022605896 19.857862472534 0.24439708888531
368 22.806047439575 22.069208145142 0.73683929443359
369 25.616285324097 24.87010383606 0.74617993831635
370 28.723041534424 28.492267608643 0.2307750582695
371 33.499332427979 33.291706085205 0.20762848854065
372 39.914657592773 39.836387634277 0.0782720297575
373 49.133846282959 49.073329925537 0.060515116900206
374 62.718769073486 62.665786743164 0.052981667220592
375 83.794303894043 83.718276977539 0.076022297143936
376 118.49739074707 118.44172668457 0.055669035762548
377 180.22383117676 180.17137145996 0.052468772977591
378 298.67001342773 298.61239624023 0.057614803314209
379 529.3681640625 529.32244873047 0.045724637806416
380 844.38818359375 844.35162353516 0.036555528640747
381 663.86181640625 663.82629394531 0.035519581288099
382 380.22512817383 380.19000244141 0.035122763365507
383 224.57493591309 224.54022216797 0.034718845039606
384 144.67755126953 144.64280700684 0.034733142703772
385 101.0096282959 100.97455596924 0.035077445209026
386 75.228256225586 75.19206237793 0.036195889115334
387 58.903339385986 58.846843719482 0.056493826210499
388 48.090427398682 48.053413391113 0.037013173103333
389 40.808658599854 40.772487640381 0.036171555519104
390 35.869495391846 35.83337020874 0.036126296967268
391 31.86067199707 31.823358535767 0.037313718348742
392 28.209156036377 28.166397094727 0.04276018217206
393 25.433654785156 25.381067276001 0.052587818354368
394 23.322076797485 23.282733917236 0.039342608302832
395 21.712320327759 21.662574768066 0.049747213721275
396 20.423494338989 20.379814147949 0.043679729104042
397 19.431314468384 19.355501174927 0.07581203430891
398 18.568731307983 18.525775909424 0.042954843491316
399 17.895376205444 17.849464416504 0.04591216519475
400 17.38987159729 17.296520233154 0.093352548778057
401 16.933639526367 16.844436645508 0.089203648269176
402 16.584545135498 16.476049423218 0.10849602520466
403 16.247770309448 16.178058624268 0.069712519645691
404 15.993893623352 15.940047264099 0.053846515715122
405 15.8050365448 15.753781318665 0.051255352795124
406 15.664100646973 15.612720489502 0.05137998983264
407 15.566586494446 15.511651039124 0.054935969412327
408 15.523934364319 15.446565628052 0.077368699014187
409 15.479075431824 15.413899421692 0.065175548195839
410 15.459474563599 15.396834373474 0.062640279531479
411 15.490258216858 15.42348575592 0.066772915422916
412 15.549965858459 15.476559638977 0.073406487703323
413 15.685380935669 15.555128097534 0.13025268912315
414 15.790565490723 15.658692359924 0.13187336921692
415 15.897627830505 15.787169456482 0.11045905947685
416 16.05805015564 15.939738273621 0.11831237375736
417 16.260307312012 16.119533538818 0.14077493548393
418 16.500423431396 16.326555252075 0.17386867105961
419 16.789205551147 16.56255531311 0.22665022313595
420 17.145071029663 16.829648971558 0.3154225051403
421 17.610101699829 17.131404876709 0.47869816422462
422 18.287260055542 17.471542358398 0.81571763753891
423 19.579706192017 17.8551902771 1.7245154380798
424 23.490852355957 18.289094924927 5.2017579078674
425 31.769401550293 18.780874252319 12.988526344299
426 22.284509658813 19.340839385986 2.9436709880829
427 21.195688247681 19.984619140625 1.2110694646835
428 21.375459671021 20.731145858765 0.64431363344193
429 22.035467147827 21.606830596924 0.4286367893219
430 22.944761276245 22.649324417114 0.29543653130531
431 24.131053924561 23.914297103882 0.21675750613213
432 25.656295776367 25.488759994507 0.16753666102886
433 27.656045913696 27.517625808716 0.13842134177685
434 30.385265350342 30.266744613647 0.11852208524942
435 34.391284942627 34.286991119385 0.10429130494595
436 40.9997215271 40.904838562012 0.094882674515247
437 53.408199310303 53.309818267822 0.098380111157894
438 74.572731018066 74.485244750977 0.087487772107124
439 108.60787200928 108.53030395508 0.077569045126438
440 93.36833190918 93.294235229492 0.074099361896515
441 81.257720947266 81.1552734375 0.10244213789701
442 89.249977111816 89.137184143066 0.11279497295618
443 113.00695800781 112.94120025635 0.065750479698181
444 142.46166992187 142.40147399902 0.060194790363312
445 205.71301269531 205.64758300781 0.065430887043476
446 340.59442138672 340.51831054687 0.076130695641041
447 616.08068847656 616.02008056641 0.060608699917793
448 928.85638427734 928.79650878906 0.059859413653612
449 621.84777832031 621.7197265625 0.12805433571339
450 345.37167358398 345.31585693359 0.055810160934925
451 207.55047607422 207.49394226074 0.056522868573666
452 138.67994689941 138.61508178711 0.06485553830862
453 101.20905303955 101.15238189697 0.056672129780054
454 79.102737426758 79.049339294434 0.053400047123432
455 65.182640075684 65.128425598145 0.054211642593145
456 55.962810516357 55.910835266113 0.051973976194859
457 49.643413543701 49.575820922852 0.067593574523926
458 45.161666870117 45.106250762939 0.055419269949198
459 41.954601287842 41.903137207031 0.051465138792992
460 39.659366607666 39.606819152832 0.052546571940184
461 38.032283782959 37.975269317627 0.057013064622879
462 36.940956115723 36.872222900391 0.068735219538212
463 36.310585021973 36.199928283691 0.11065702885389
464 35.984397888184 35.899486541748 0.08491413295269
465 36.069934844971 36.011589050293 0.058345280587673
466 36.689979553223 36.625514984131 0.064466297626495
467 38.042999267578 37.961555480957 0.081441126763821
468 40.663635253906 40.567726135254 0.095906510949135
469 45.976902008057 45.860252380371 0.11664628982544
470 57.075580596924 56.997520446777 0.078060030937195
471 70.458030700684 70.093132019043 0.36489561200142
472 68.368614196777 68.298324584961 0.070289708673954
473 81.372695922852 81.212799072266 0.15989477932453
474 119.77158355713 119.70314788818 0.068440973758698
475 137.41873168945 137.34704589844 0.071699902415276
476 90.84228515625 90.501724243164 0.34056550264359
477 64.052108764648 63.960739135742 0.091372668743134
478 52.275825500488 52.19132232666 0.084502004086971
479 46.788558959961 46.693859100342 0.094698905944824
480 44.169654846191 44.010635375977 0.15902145206928
481 42.963985443115 42.76097869873 0.20300869643688
482 42.517723083496 42.352737426758 0.16498890519142
483 42.732841491699 42.533443450928 0.19939659535885
484 43.54859161377 43.255825042725 0.29276740550995
485 45.154796600342 44.631164550781 0.52363431453705
486 48.374599456787 47.124347686768 1.250254034996
487 57.257259368896 51.83568572998 5.421573638916
488 61.925819396973 59.621231079102 2.3045871257782
489 61.198059082031 60.41382598877 0.78423154354095
490 54.767448425293 54.377758026123 0.38968858122826
491 51.601863861084 51.360126495361 0.24173630774021
492 50.652973175049 50.480125427246 0.17284701764584
493 50.75891494751 50.625534057617 0.1333821117878
494 51.407669067383 51.296501159668 0.11116939038038
495 52.377342224121 52.27811050415 0.099233016371727
496 53.596446990967 53.47290802002 0.12353830784559
497 54.973728179932 54.835426330566 0.13830465078354
498 56.431087493896 56.346668243408 0.084421463310719
499 58.095008850098 57.99938583374 0.095625475049019
500 59.88321685791 59.810173034668 0.073042392730713
501 61.904991149902 61.833946228027 0.071043536067009
502 64.327507019043 64.253425598145 0.074082471430302
503 67.703048706055 67.634994506836 0.068052895367146
504 70.359176635742 70.297378540039 0.061802729964256
505 71.551284790039 71.487945556641 0.063338108360767
506 73.376449584961 73.316223144531 0.060226384550333
507 75.860816955566 75.793197631836 0.067615129053593
508 78.715034484863 78.601448059082 0.11358850449324
509 81.699462890625 81.61515045166 0.08431002497673
510 84.933349609375 84.875595092773 0.057756081223488
511 88.43985748291 88.384490966797 0.05536375194788
512 92.215309143066 92.160675048828 0.054640650749207
513 96.258140563965 96.203941345215 0.054198250174522
514 100.60414123535 100.54906463623 0.055075611919165
515 105.35237884521 105.22366333008 0.12872087955475
516 110.31787109375 110.26113891602 0.056732445955276
517 115.7541809082 115.68392944336 0.070248208940029
518 121.61473083496 121.55352020264 0.061209205538034
519 127.99716186523 127.9352722168 0.061889089643955
520 135.08203125 134.90684509277 0.17518930137157
521 142.35388183594 142.28413391113 0.069739557802677
522 150.53521728516 150.33302307129 0.20219387114048
523 159.2790222168 159.16651916504 0.11250987648964
524 168.91470336914 168.84915161133 0.065546117722988
525 179.53971862793 179.48168945312 0.058023247867823
526 191.21989440918 191.16232299805 0.057578448206186
527 204.1178894043 204.0523223877 0.065567225217819
528 218.38151550293 218.32246398926 0.059057638049126
529 234.22956848145 234.1711730957 0.05839654058218
530 251.89672851563 251.83850097656 0.058235958218575
531 271.68463134766 271.61932373047 0.065325208008289
532 293.88150024414 293.82739257812 0.054113291203976
533 318.91879272461 318.86349487305 0.055282492190599
534 349.08020019531 349.0104675293 0.069731146097183
535 381.78210449219 381.72244262695 0.059683982282877
536 419.3674621582 419.30731201172 0.060165099799633
537 462.84805297852 462.79196166992 0.056093793362379
538 513.24645996094 513.18981933594 0.056654620915651
539 572.31823730469 572.2470703125 0.071195259690285
540 642.30682373047 642.24377441406 0.063076436519623
541 726.04742431641 725.98944091797 0.058015525341034
542 827.40081787109 827.34484863281 0.055949445813894
543 951.77899169922 951.72180175781 0.057183127850294
544 1.1069940185547E+03 1.1069339599609E+03 0.060065478086472
545 1.30475390625E+03 1.3046457519531E+03 0.10817494988441
546 1.5623138427734E+03 1.5622564697266E+03 0.057336002588272
547 1.9003171386719E+03 1.9002604980469E+03 0.056529670953751
548 2.3333188476562E+03 2.3332612304688E+03 0.057556115090847
549 2.8728542480469E+03 2.8727722167969E+03 0.082105547189713
550 3.6595148925781E+03 3.6594504394531E+03 0.064558580517769
551 4.84528515625E+03 4.8448696289062E+03 0.41557046771049
552 6.695318359375E+03 6.6952465820312E+03 0.072171181440353
553 9.7320732421875E+03 9.732005859375E+03 0.068031348288059
554 1.5051528320312E+04 1.505146875E+04 0.059426415711641
555 2.477846875E+04 2.477841015625E+04 0.058257628232241
556 4.136501953125E+04 4.13649609375E+04 0.05786132439971
557 5.55326484375E+04 5.55325859375E+04 0.061223905533552
558 3.918852734375E+04 3.918846484375E+04 0.061547104269266
559 2.3524072265625E+04 2.35240078125E+04 0.063939772546291
560 1.4484290039062E+04 1.448422265625E+04 0.067079678177834
561 9.49784765625E+03 9.4977880859375E+03 0.05959291011095
562 6.6118110351562E+03 6.611751953125E+03 0.059007745236158
563 4.835072265625E+03 4.8350112304687E+03 0.060991823673248
564 3.6779248046875E+03 3.677861328125E+03 0.063390582799911
565 2.8876022949219E+03 2.8875305175781E+03 0.071891032159328
566 2.3261286621094E+03 2.3259909667969E+03 0.13768655061722
567 1.9138460693359E+03 1.9136856689453E+03 0.16040572524071
568 1.6025795898438E+03 1.60250390625E+03 0.075662240386009
569 1.3621791992187E+03 1.3621079101562E+03 0.071294844150543
570 1.1728190917969E+03 1.1726618652344E+03 0.15717667341232
571 1.0217498168945E+03 1.0207816772461E+03 0.96815037727356
572 897.2578125 897.18572998047 0.072082571685314
573 795.38879394531 795.28033447266 0.10849894583225
574 709.81280517578 709.74151611328 0.071270801126957
575 638.21875 638.14764404297 0.071101762354374
576 577.33917236328 577.25860595703 0.080535173416138
577 525.13177490234 525.04583740234 0.085976995527744
578 480.01007080078 479.93499755859 0.07508085668087
579 440.75259399414 440.68566894531 0.066942781209946
580 406.39782714844 406.3337097168 0.06412835419178
581 376.16616821289 376.09854125977 0.067636519670486
582 349.41394042969 349.26922607422 0.14472453296185
583 325.57232666016 325.49334716797 0.078974388539791
584 304.33087158203 304.2643737793 0.066485092043877
585 285.2956237793 285.2326965332 0.06293011456728
586 268.16885375977 268.10708618164 0.061777133494616
587 252.70544433594 252.64332580566 0.06212617084384
588 238.6982421875 238.63563537598 0.062596797943115
589 225.97703552246 225.90960693359 0.067429333925247
590 214.38781738281 214.31683349609 0.070985905826092
591 203.87927246094 203.73069763184 0.14856907725334
592 194.11589050293 194.04345703125 0.072423011064529
593 185.24443054199 185.16505432129 0.079372987151146
594 177.09141540527 177.02243041992 0.068992041051388
595 169.69946289063 169.52043151855 0.17903673648834
596 162.60119628906 162.53398132324 0.067210473120213
597 156.18577575684 156.12063598633 0.065138570964336
598 150.27386474609 150.20910644531 0.064757831394672
599 144.81941223145 144.75329589844 0.066114492714405
600 139.78729248047 139.71730041504 0.069997861981392
