1 3.8350215181708E-03 2.8258489692234E-05 3.8067628629506E-03
2 4.1926275007427E-03 1.13582573249E-04 4.0790447965264E-03
3 4.4171987101436E-03 2.5785560137592E-04 4.1593429632485E-03
4 4.6826712787151E-03 4.6523666242138E-04 4.2174346745014E-03
5 5.0203925929964E-03 7.4321060674265E-04 4.277182277292E-03
6 5.4335589520633E-03 1.0886824456975E-03 4.3448763899505E-03
7 5.9154992923141E-03 1.4924976276234E-03 4.423001781106E-03
8 6.4937281422317E-03 1.9806348718703E-03 4.5130932703614E-03
9 7.190611679107E-03 2.5711178313941E-03 4.6194940805435E-03
10 8.0246664583683E-03 3.2850163988769E-03 4.7396500594914E-03
11 9.043863043189E-03 4.1545485146344E-03 4.8893145285547E-03
12 0.01024071034044 5.2329488098621E-03 5.0077619962394E-03
13 0.0117650302127 6.5963780507445E-03 5.1686521619558E-03
14 0.013708623126149 8.3605647087097E-03 5.3480579517782E-03
15 0.016298621892929 0.010739780031145 5.5588418617845E-03
16 0.01992079988122 0.014150115661323 5.7706851512194E-03
17 0.025361454114318 0.019360546022654 6.0009090229869E-03
18 0.034224007278681 0.027957974001765 6.2660351395607E-03
19 0.050035014748573 0.043481517583132 6.5534953027964E-03
20 0.081084422767162 0.074216097593307 6.8683256395161E-03
21 0.14442938566208 0.13721561431885 7.2137699462473E-03
22 0.23982989788055 0.23223695158958 7.5929365120828E-03
23 0.21656407415867 0.20855265855789 8.0114156007767E-03
24 0.14374996721745 0.13527525961399 8.4747020155191E-03
25 0.099887177348137 0.090911686420441 8.9754918590188E-03
26 0.076804250478745 0.06728333979845 9.5209116116166E-03
27 0.064417973160744 0.054292555898428 0.010125421918929
28 0.057611212134361 0.046811383217573 0.010799827985466
29 0.054044131189585 0.042383473366499 0.011660658754408
30 0.052385199815035 0.039770923554897 0.012614278122783
31 0.051610007882118 0.038308050483465 0.01330195646733
32 0.051923841238022 0.037614397704601 0.014309443533421
33 0.052918948233128 0.037460636347532 0.015458310954273
34 0.054380342364311 0.037702087312937 0.016678255051374
35 0.056384306401014 0.038243867456913 0.018140440806746
36 0.058418285101652 0.039024718105793 0.019393566995859
37 0.060977555811405 0.039993703365326 0.020983852446079
38 0.063941493630409 0.041124526411295 0.022816970944405
39 0.067606911063194 0.042388182133436 0.025218730792403
40 0.07209138572216 0.043770160526037 0.028321223333478
41 0.076961331069469 0.04525637999177 0.03170495480299
42 0.084043465554714 0.046836990863085 0.03720647841692
43 0.090781129896641 0.048504017293453 0.042277112603188
44 0.099005557596684 0.050249915570021 0.048755642026663
45 0.10841543972492 0.052072174847126 0.056343261152506
46 0.11985918879509 0.053965497761965 0.065893694758415
47 0.13407236337662 0.055926609784365 0.078145757317543
48 0.15231914818287 0.057952843606472 0.094366297125816
49 0.17672733962536 0.060042019933462 0.11668532341719
50 0.21179531514645 0.062192354351282 0.14960296452045
51 0.27090209722519 0.064402379095554 0.20649971067905
52 0.39997497200966 0.066670924425125 0.33330404758453
53 0.74197369813919 0.068997025489807 0.67297667264938
54 1.6802238225937 0.071379981935024 1.6088439226151
55 3.8938446044922 0.073819287121296 3.8200254440308
56 8.9353380203247 0.07631466537714 8.8590240478516
57 18.483570098877 0.078866124153137 18.404703140259
58 18.595359802246 0.081474453210831 18.513885498047
59 22.790718078613 0.084139868617058 22.706577301025
60 23.697788238525 0.086864523589611 23.61092376709
61 24.364685058594 0.089651823043823 24.275032043457
62 21.69864654541 0.09250882267952 21.60613822937
63 24.179769515991 0.09544675797224 24.084323883057
64 7.0748777389526 0.098492383956909 6.9763851165771
65 2.9670748710632 0.10170266032219 2.8653721809387
66 1.2660673856735 0.10519789904356 1.1608694791794
67 0.62967610359192 0.10909532010555 0.52058082818985
68 0.40179780125618 0.11269588023424 0.2891018986702
69 0.31004285812378 0.11512120068073 0.19492165744305
70 0.26423427462578 0.11766946315765 0.14656479656696
71 0.237065076828 0.12057215720415 0.11649292707443
72 0.2191240042448 0.123698964715 0.0954250395298
73 0.20687195658684 0.12696394324303 0.079908013343811
74 0.19843299686909 0.13032729923725 0.068105690181255
75 0.19271156191826 0.13376727700233 0.058944281190634
76 0.18901993334293 0.13727396726608 0.051745962351561
77 0.18661840260029 0.14084418118 0.045774225145578
78 0.18505910038948 0.14447370171547 0.040585409849882
79 0.18487027287483 0.14816083014011 0.036709446460009
80 0.18484291434288 0.15190456807613 0.032938342541456
81 0.18573579192162 0.15570439398289 0.030031390488148
82 0.18707680702209 0.15956002473831 0.027516776695848
83 0.1888479590416 0.16347137093544 0.025376580655575
84 0.19097222387791 0.16743849217892 0.023533741012216
85 0.19340467453003 0.17146152257919 0.021943150088191
86 0.19586150348186 0.17554071545601 0.020320780575275
87 0.19883078336716 0.17967638373375 0.019154399633408
88 0.20201344788074 0.18386897444725 0.01814447529614
89 0.20539724826813 0.18811893463135 0.017278309911489
90 0.20896941423416 0.1924270093441 0.01654240489006
91 0.2127266228199 0.19679418206215 0.015932446345687
92 0.21665887534618 0.20122215151787 0.015436724759638
93 0.22083954513073 0.20571415126324 0.015125392004848
94 0.22533050179482 0.21027775108814 0.015052745118737
95 0.22956183552742 0.21493344008923 0.014628400094807
96 0.23517403006554 0.21972693502903 0.015447084791958
97 0.23906928300858 0.22452941536903 0.014539855532348
98 0.24371598660946 0.22913625836372 0.014579731039703
99 0.24876838922501 0.23389166593552 0.014876725152135
100 0.25420495867729 0.23881559073925 0.015389352105558
101 0.25811618566513 0.24377006292343 0.014346129260957
102 0.26421549916267 0.24879761040211 0.015417884103954
103 0.27004724740982 0.25389483571053 0.016152411699295
104 0.2766917347908 0.25906097888947 0.017630748450756
105 0.28354835510254 0.26429632306099 0.019252024590969
106 0.29106515645981 0.26960164308548 0.021463505923748
107 0.29928505420685 0.2749782204628 0.024306822568178
108 0.30843874812126 0.28042748570442 0.028011258691549
109 0.31898719072342 0.28595128655434 0.033035904169083
110 0.33146950602531 0.29155188798904 0.039917625486851
111 0.35024619102478 0.29723215103149 0.053014028817415
112 0.36502397060394 0.30299597978592 0.062027972191572
113 0.39155557751656 0.30884900689125 0.082706578075886
114 0.43216928839684 0.3147999048233 0.11736939102411
115 0.50539308786392 0.32086366415024 0.18452939391136
116 0.64607268571854 0.32706838846207 0.31900426745415
117 1.02676653862 0.333471596241 0.69329500198364
118 2.5517539978027 0.34019207954407 2.2115619182587
119 5.7099628448486 0.34739685058594 5.3625659942627
120 1.5203984975815 0.35468885302544 1.1657096147537
121 0.8181249499321 0.36055219173431 0.45757278800011
122 0.60455316305161 0.36625808477402 0.23829509317875
123 0.5191598534584 0.37244614958763 0.14671367406845
124 0.49015790224075 0.37898978590965 0.1111681163311
125 0.46099308133125 0.38577046990395 0.075222611427307
126 0.44971558451653 0.39273071289063 0.056984875351191
127 0.44513019919395 0.39984881877899 0.045281376689672
128 0.44521453976631 0.40711438655853 0.03810016065836
129 0.44636937975883 0.41452559828758 0.031843792647123
130 0.44960084557533 0.42208370566368 0.027517164126039
131 0.4545895755291 0.42979499697685 0.024794572964311
132 0.45954212546349 0.43766471743584 0.021877398714423
133 0.46565896272659 0.44570052623749 0.019958447664976
134 0.47216439247131 0.45391124486923 0.018253123387694
135 0.47927019000053 0.462307035923 0.016963163390756
136 0.48691049218178 0.47089928388596 0.016011223196983
137 0.49605756998062 0.47970077395439 0.016356790438294
138 0.50289016962051 0.48872590065002 0.014164258725941
139 0.51154834032059 0.49799072742462 0.013557576574385
140 0.52063697576523 0.50751334428787 0.013123625889421
141 0.5304046869278 0.51731389760971 0.013090784661472
142 0.54751598834991 0.52741533517838 0.020100645720959
143 0.55067318677902 0.53784340620041 0.012829774059355
144 0.56056827306747 0.54862678050995 0.011941488832235
145 0.57712990045547 0.55979931354523 0.017330585047603
146 0.58256161212921 0.57139825820923 0.011163395829499
147 0.59437787532806 0.58346647024155 0.010911403223872
148 0.60697174072266 0.59605330228806 0.010918435640633
149 0.62090194225311 0.609215259552 0.01168674044311
150 0.63386797904968 0.62300115823746 0.010866807773709
151 0.64864945411682 0.63752055168152 0.011128883808851
152 0.66320037841797 0.65284419059753 0.010356138460338
153 0.67942780256271 0.66907519102097 0.010352618992329
154 0.7017730474472 0.68633460998535 0.015438458882272
155 0.71485686302185 0.7047655582428 0.010091315954924
156 0.73476010560989 0.7245380282402 0.010222049430013
157 0.75566065311432 0.74585515260696 9.8054828122258E-03
158 0.77868139743805 0.76896107196808 9.7202872857451E-03
159 0.80384510755539 0.79415154457092 9.6935983747244E-03
160 0.8314488530159 0.8217870593071 9.6618020907044E-03
161 0.86195904016495 0.85231101512909 9.6480315551162E-03
162 0.89597803354263 0.88627290725708 9.7051383927464E-03
163 0.9341413974762 0.92436057329178 9.780865162611E-03
164 0.97779387235641 0.96747487783432 0.010318982414901
165 1.0380858182907 1.0166646242142 0.021421240642667
166 1.0857504606247 1.0733987092972 0.012351743876934
167 1.1499179601669 1.1395629644394 0.010354932397604
168 1.2275027036667 1.2176674604416 9.8352506756783E-03
169 1.3208345174789 1.3111079931259 9.7265467047691E-03
170 1.4343014955521 1.4245673418045 9.7341034561396E-03
171 1.5744700431824 1.5646373033524 9.8327305167913E-03
172 1.7506670951843 1.7408200502396 9.8469741642475E-03
173 1.9772882461548 1.9671896696091 0.010098541155457
174 2.2755117416382 2.2652506828308 0.010261075571179
175 2.6810121536255 2.6690649986267 0.011947102844715
176 3.2463822364807 3.2348940372467 0.011488155461848
177 4.0707149505615 4.0603046417236 0.010410289280117
178 5.3343343734741 5.3242793083191 0.010054729878902
179 7.3863105773926 7.3762831687927 0.010027043521404
180 10.952224731445 10.940979003906 0.0112459436059
181 17.56541633606 17.555332183838 0.010083744302392
182 29.951789855957 29.941577911377 0.010211781598628
183 47.339653015137 47.329036712646 0.010616292245686
184 41.559349060059 41.545082092285 0.014263335615396
185 25.303213119507 25.289472579956 0.013741562142968
186 15.425417900085 15.41481590271 0.010602723807096
187 10.134878158569 10.124329566956 0.010548246093094
188 7.1851415634155 7.1748132705688 0.010328580625355
189 5.4274768829346 5.4170908927917 0.010385979898274
190 4.3133425712585 4.3029007911682 0.010441796854138
191 3.5702919960022 3.5597453117371 0.010546530596912
192 3.0549287796021 3.044189453125 0.010739343240857
193 2.6887962818146 2.6769707202911 0.011825693771243
194 2.4193062782288 2.4077506065369 0.01155580766499
195 2.2052490711212 2.1898710727692 0.015377985313535
196 2.0337426662445 2.0209398269653 0.01280299667269
197 1.9022635221481 1.8909415006638 0.011322037316859
198 1.8008251190186 1.7897578477859 0.011067349463701
199 1.7226666212082 1.7110373973846 0.011629150249064
200 1.6634621620178 1.6515963077545 0.01186584122479
201 1.6260265111923 1.6118998527527 0.014126709662378
202 1.6097618341446 1.5981950759888 0.011566764675081
203 1.6261866092682 1.6147629022598 0.011423652991652
204 1.5868011713028 1.5756020545959 0.011199150234461
205 1.5122627019882 1.500932097435 0.011330598965287
206 1.4666947126389 1.453400015831 0.013294656760991
207 1.4353978633881 1.4236073493958 0.01179052144289
208 1.4163552522659 1.4034169912338 0.01293823774904
209 1.4040833711624 1.3890780210495 0.01500532310456
210 1.3906917572021 1.3782801628113 0.012411558069289
211 1.3850721120834 1.3705193996429 0.014552774839103
212 1.3770042657852 1.3651487827301 0.01185552123934
213 1.3736357688904 1.3617111444473 0.011924612335861
214 1.3723185062408 1.3598918914795 0.012426603585482
215 1.3926520347595 1.3594611883163 0.033190775662661
216 1.3725154399872 1.3602411746979 0.01227427367121
217 1.3741995096207 1.3620884418488 0.012111066840589
218 1.3771673440933 1.3648853302002 0.012282054871321
219 1.3806886672974 1.3685336112976 0.012155130505562
220 1.3851609230042 1.3729501962662 0.012210794724524
221 1.3903913497925 1.3780640363693 0.012327367439866
222 1.3963067531586 1.3838416337967 0.012465158477426
223 1.4028569459915 1.3901759386063 0.012680954299867
224 1.4091657400131 1.3961139917374 0.013051744550467
225 1.4176452159882 1.4035619497299 0.014083312824368
226 1.4359658956528 1.4114645719528 0.024501368403435
227 1.4343146085739 1.419793844223 0.014520742930472
228 1.4422521591187 1.4285269975662 0.013725148513913
229 1.4519513845444 1.4376479387283 0.014303421601653
230 1.4622405767441 1.4471549987793 0.015085503458977
231 1.4803994894028 1.4570881128311 0.023311417549849
232 1.4844757318497 1.467626452446 0.016849279403687
233 1.4986348152161 1.4786576032639 0.019977128133178
234 1.536825299263 1.4887571334839 0.048068109899759
235 1.521915435791 1.4993311166763 0.022584307938814
236 1.5321023464203 1.5104261636734 0.021676195785403
237 1.5639375448227 1.5218620300293 0.042075507342815
238 1.5514305830002 1.5335795879364 0.017850963398814
239 1.5994304418564 1.5455547571182 0.053875736892223
240 1.5738477706909 1.5577737092972 0.016074046492577
241 1.5864015817642 1.5702292919159 0.016172321513295
242 1.6085039377213 1.5829141139984 0.025589779019356
243 1.6200087070465 1.5958234071732 0.024185284972191
244 1.6300177574158 1.6089531183243 0.021064665168524
245 1.6380406618118 1.6222991943359 0.01574144884944
246 1.651114821434 1.6358590126038 0.015255785547197
247 1.6664792299271 1.6496304273605 0.016848793253303
248 1.6998776197433 1.6636115312576 0.036266051232815
249 1.6996899843216 1.6778010129929 0.021888894960284
250 1.7181711196899 1.6921980381012 0.025973094627261
251 1.7273263931274 1.7068018913269 0.02052447758615
252 1.7376903295517 1.7216126918793 0.016077686101198
253 1.7521294355392 1.7366304397583 0.015498954802752
254 1.767110824585 1.751855969429 0.015254960395396
255 1.7825076580048 1.7672899961472 0.015217679552734
256 1.7982383966446 1.7829340696335 0.015304429456592
257 1.8146712779999 1.7987896203995 0.015881605446339
258 1.8351000547409 1.8148590326309 0.020241102203727
259 1.8568253517151 1.8311443328857 0.025680981576443
260 1.8639563322067 1.8476485013962 0.016307853162289
261 1.8805661201477 1.8643746376038 0.016191525384784
262 1.8983081579208 1.8813238143921 0.016984347254038
263 1.9233926534653 1.8985050916672 0.024887569248676
264 1.9367878437042 1.9159795045853 0.020808320492506
265 1.9578055143356 1.933633685112 0.024171881377697
266 1.9685841798782 1.9515317678452 0.0170524045825
267 1.994456410408 1.9696797132492 0.024776626378298
268 2.0055122375488 1.9880878925323 0.017424257472157
269 2.0234293937683 2.0067555904388 0.016673700883985
270 2.0423657894135 2.0256950855255 0.016670886427164
271 2.0626184940338 2.0449154376984 0.017703022807837
272 2.0828051567078 2.0644328594208 0.018372258171439
273 2.1519877910614 2.0842697620392 0.067717991769314
274 2.1255586147308 2.1043577194214 0.021200919523835
275 2.1458523273468 2.1247699260712 0.021082310006022
276 2.1670150756836 2.1455307006836 0.021484479308128
277 2.1968402862549 2.1666421890259 0.03019817173481
278 2.2064735889435 2.188117980957 0.018355494365096
279 2.2289879322052 2.2099747657776 0.01901326328516
280 2.2505793571472 2.2322306632996 0.018348665907979
281 2.2756729125977 2.2549066543579 0.02076630666852
282 2.2960419654846 2.2780201435089 0.01802191324532
283 2.3229930400848 2.3016076087952 0.021385379135609
284 2.3442597389221 2.3256924152374 0.018567366525531
285 2.3703949451447 2.350305557251 0.020089339464903
286 2.443067073822 2.3754920959473 0.067574813961983
287 2.4249603748322 2.4012739658356 0.023686395958066
288 2.4490976333618 2.4277048110962 0.021392690017819
289 2.5548765659332 2.4548356533051 0.10004077106714
290 2.5026950836182 2.4827246665955 0.019970221444964
291 2.537602186203 2.5114390850067 0.026163298636675
292 2.5607926845551 2.5410578250885 0.019734801724553
293 2.6040110588074 2.5716822147369 0.032328758388758
294 2.6238610744476 2.6035101413727 0.020350906997919
295 2.6562502384186 2.6365721225739 0.019678192213178
296 2.6904153823853 2.6705570220947 0.019858364015818
297 2.7277340888977 2.7061681747437 0.021565737202764
298 2.7698659896851 2.7435593605042 0.026306657120585
299 2.8093867301941 2.782851934433 0.026534711942077
300 2.8489573001862 2.8242027759552 0.024754570797086
301 2.9000272750854 2.8680939674377 0.031933270394802
302 2.9469404220581 2.9151220321655 0.031818423420191
303 3.0061521530151 2.9652733802795 0.040878817439079
304 3.0411541461945 3.0193719863892 0.021782102063298
305 3.0988531112671 3.078156709671 0.020696440711617
306 3.1625928878784 3.1425609588623 0.020032031461596
307 3.2339038848877 3.2137799263 0.020123852416873
308 3.3136360645294 3.2933628559113 0.020273312926292
309 3.4040729999542 3.3833472728729 0.020725760608912
310 3.5173661708832 3.486457824707 0.030908217653632
311 3.6273820400238 3.6064043045044 0.020977675914764
312 3.7691977024078 3.748343706131 0.020854050293565
313 3.9408345222473 3.9196181297302 0.02121633477509
314 4.152850151062 4.1309742927551 0.02187548391521
315 4.4230451583862 4.3986577987671 0.024387529119849
316 4.7852568626404 4.748233795166 0.037023164331913
317 5.2513628005981 5.2219009399414 0.029461767524481
318 5.916609287262 5.8938632011414 0.02274621091783
319 6.928436756134 6.904797077179 0.023639583960176
320 8.5621404647827 8.5345287322998 0.027611287310719
321 11.208726882935 11.185688018799 0.023038925603032
322 15.052513122559 15.030214309692 0.02229799516499
323 22.493978500366 22.471239089966 0.022738721221685
324 37.431781768799 37.408226013184 0.023555664345622
325 56.961292266846 56.936187744141 0.025102201849222
326 44.151187896729 44.120101928711 0.031084954738617
327 26.522071838379 26.430927276611 0.091143898665905
328 16.897329330444 16.869804382324 0.027526373043656
329 12.017335891724 11.992770195007 0.024565240368247
330 9.3624591827393 9.339017868042 0.023441933095455
331 7.8092894554138 7.7850561141968 0.024233277887106
332 6.8466877937317 6.8182463645935 0.028441295027733
333 6.24098777771 6.1887135505676 0.052274122834206
334 5.7909517288208 5.7657208442688 0.025230698287487
335 5.5039310455322 5.4766497612 0.027281180024147
336 5.3022451400757 5.2779507637024 0.024294355884194
337 5.1617984771729 5.1377005577087 0.024097871035337
338 5.0650281906128 5.0409150123596 0.024112965911627
339 5.0041847229004 4.979875087738 0.02430964820087
340 4.9712414741516 4.9466624259949 0.024579228833318
341 4.9602241516113 4.9353017807007 0.024922359734774
342 4.9669222831726 4.9411416053772 0.025780415162444
343 4.9966611862183 4.9631814956665 0.033479861915112
344 5.0261740684509 4.9987096786499 0.027464088052511
345 5.0798273086548 5.0464930534363 0.033334154635668
346 5.1340327262878 5.1058015823364 0.028231348842382
347 5.2035188674927 5.176278591156 0.027240078896284
348 5.2851495742798 5.2578830718994 0.027266712859273
349 5.3788828849792 5.3508620262146 0.028020590543747
350 5.4854497909546 5.4557394981384 0.029710037633777
351 5.6074342727661 5.5733156204224 0.034118808805943
352 5.7559418678284 5.704686164856 0.051255870610476
353 5.904999256134 5.8512759208679 0.053723067045212
354 6.0472650527954 6.014820098877 0.032444998621941
355 6.2930021286011 6.1977114677429 0.09529036283493
356 6.4354367256165 6.4026756286621 0.032760966569185
357 6.6703052520752 6.6331830024719 0.037122152745724
358 6.9487352371216 6.8935513496399 0.055183943361044
359 7.2879619598389 7.1891770362854 0.098785206675529
360 7.5683703422546 7.5268502235413 0.04152000695467
361 7.9556241035461 7.9151902198792 0.040433533489704
362 8.4088706970215 8.3652467727661 0.043624710291624
363 8.9439029693604 8.8913478851318 0.052555043250322
364 9.5864477157593 9.5123205184937 0.074126459658146
365 10.340065002441 10.253273010254 0.086791798472404
366 11.265877723694 11.148220062256 0.11765799671412
367 12.488656997681 12.24425983429 0.24439708888531
368 14.344603538513 13.60776424408 0.73683929443359
369 16.080963134766 15.334783554077 0.74617993831635
370 17.798965454102 17.56819152832 0.2307750582695
371 20.73512840271 20.527500152588 0.20762848854065
372 24.641191482544 24.562917709351 0.0782720297575
373 30.318887710571 30.258373260498 0.060515116900206
374 38.692394256592 38.63941192627 0.052981667220592
375 51.696300506592 51.620277404785 0.076022297143936
376 73.086250305176 73.030578613281 0.055669035762548
377 111.14524078369 111.0927734375 0.052468772977591
378 184.18054199219 184.12292480469 0.057614803314209
379 326.42330932617 326.37759399414 0.045724637806416
380 520.65960693359 520.623046875 0.036555528640747
381 409.34750366211 409.31198120117 0.035519581288099
382 234.45838928223 234.4232635498 0.035122763365507
383 138.48510742188 138.45039367676 0.034718845039606
384 89.220771789551 89.186042785645 0.034733142703772
385 62.295486450195 62.260410308838 0.035077445209026
386 46.399250030518 46.363052368164 0.036195889115334
387 36.341167449951 36.284671783447 0.056493826210499
388 29.666509628296 29.629497528076 0.037013173103333
389 25.176284790039 25.140113830566 0.036171555519104
390 22.130805969238 22.094678878784 0.036126296967268
391 19.659439086914 19.62212562561 0.037313718348742
392 17.410020828247 17.367259979248 0.04276018217206
393 15.702427864075 15.649840354919 0.052587818354368
394 14.395360946655 14.356019020081 0.039342608302832
395 13.406783103943 13.357035636902 0.049747213721275
396 12.60977268219 12.56609249115 0.043679729104042
397 12.010318756104 11.934506416321 0.07581203430891
398 11.465856552124 11.422902107239 0.042954843491316
399 11.051803588867 11.005890846252 0.04591216519475
400 10.75830078125 10.66494846344 0.093352548778057
401 10.475399971008 10.386196136475 0.089203648269176
402 10.267545700073 10.159049987793 0.10849602520466
403 10.045022964478 9.9753103256226 0.069712519645691
404 9.8824005126953 9.8285541534424 0.053846515715122
405 9.7649593353271 9.7137031555176 0.051255352795124
406 9.6781063079834 9.6267261505127 0.05137998983264
407 9.6193428039551 9.5644073486328 0.054935969412327
408 9.6016445159912 9.5242757797241 0.077368699014187
409 9.5693101882935 9.5041341781616 0.065175548195839
410 9.5562515258789 9.4936113357544 0.062640279531479
411 9.5768175125122 9.5100450515747 0.066772915422916
412 9.6161766052246 9.5427703857422 0.073406487703323
413 9.7214679718018 9.591215133667 0.13025268912315
414 9.7869453430176 9.6550722122192 0.13187336921692
415 9.8447494506836 9.7342901229858 0.11045905947685
416 9.9466762542725 9.8283634185791 0.11831237375736
417 10.079998970032 9.9392242431641 0.14077493548393
418 10.240741729736 10.066873550415 0.17386867105961
419 10.439040184021 10.212389945984 0.22665022313595
420 10.692500114441 10.377078056335 0.3154225051403
421 11.041837692261 10.563138961792 0.47869816422462
422 11.588583946228 10.772866249084 0.81571763753891
423 12.733937263489 11.009422302246 1.7245154380798
424 16.478723526001 11.276965141296 5.2017579078674
425 24.56872177124 11.580194473267 12.988526344299
426 14.869136810303 11.925465583801 2.9436709880829
427 13.533486366272 12.322416305542 1.2110694646835
428 13.427035331726 12.78272151947 0.64431363344193
429 13.751301765442 13.322665214539 0.4286367893219
430 14.260897636414 13.965461730957 0.29543653130531
431 14.962194442749 14.74543762207 0.21675750613213
432 15.883779525757 15.716242790222 0.16753666102886
433 17.105651855469 16.967231750488 0.13842134177685
434 18.78084564209 18.662324905396 0.11852208524942
435 21.245481491089 21.141189575195 0.10429130494595
436 25.316604614258 25.22172164917 0.094882674515247
437 32.968948364258 32.870571136475 0.098380111157894
438 46.014720916748 45.927230834961 0.087487772107124
439 66.99681854248 66.919250488281 0.077569045126438
440 57.598861694336 57.524765014648 0.074099361896515
441 50.142383575439 50.039939880371 0.10244213789701
442 55.074340820313 54.961547851563 0.11279497295618
443 69.704734802246 69.638984680176 0.065750479698181
444 87.864242553711 87.804046630859 0.060194790363312
445 126.86671447754 126.80127716064 0.065430887043476
446 210.03802490234 209.96189880371 0.076130695641041
447 379.89553833008 379.83493041992 0.060608699917793
448 572.75122070312 572.69134521484 0.059859413653612
449 383.47735595703 383.34930419922 0.12805433571339
450 212.9758605957 212.9200592041 0.055810160934925
451 127.99626159668 127.93974304199 0.056522868573666
452 85.534233093262 85.469375610352 0.06485553830862
453 62.426727294922 62.370056152344 0.056672129780054
454 48.794830322266 48.741432189941 0.053400047123432
455 40.212078094482 40.157867431641 0.054211642593145
456 34.526317596436 34.474342346191 0.051973976194859
457 30.635799407959 30.568204879761 0.067593574523926
458 27.867708206177 27.81229019165 0.055419269949198
459 25.888731002808 25.837266921997 0.051465138792992
460 24.473915100098 24.421369552612 0.052546571940184
461 23.472375869751 23.415363311768 0.057013064622879
462 22.803964614868 22.735229492188 0.068735219538212
463 22.431354522705 22.320695877075 0.11065702885389
464 22.220359802246 22.135444641113 0.08491413295269
465 22.262912750244 22.204566955566 0.058345280587673
466 22.647577285767 22.583110809326 0.064466297626495
467 23.488348007202 23.406908035278 0.081441126763821
468 25.10976600647 25.013860702515 0.095906510949135
469 28.393852233887 28.27720451355 0.11664628982544
470 35.222450256348 35.144390106201 0.078060030937195
471 43.583976745605 43.219078063965 0.36489561200142
472 42.182697296143 42.112407684326 0.070289708673954
473 50.235305786133 50.075412750244 0.15989477932453
474 73.876808166504 73.808364868164 0.068440973758698
475 84.759201049805 84.687507629395 0.071699902415276
476 56.143478393555 55.802913665771 0.34056550264359
477 39.529247283936 39.437873840332 0.091372668743134
478 32.265411376953 32.180912017822 0.084502004086971
479 28.885902404785 28.791202545166 0.094698905944824
480 27.295761108398 27.136739730835 0.15902145206928
481 26.569215774536 26.366207122803 0.20300869643688
482 26.279476165771 26.114486694336 0.16498890519142
483 26.42530632019 26.225910186768 0.19939659535885
484 26.964094161987 26.671325683594 0.29276740550995
485 28.042987823486 27.519353866577 0.52363431453705
486 30.30689239502 29.056638717651 1.250254034996
487 37.383201599121 31.961627960205 5.421573638916
488 39.066741943359 36.762157440186 2.3045871257782
489 38.035099029541 37.250865936279 0.78423154354095
490 33.918743133545 33.529056549072 0.38968858122826
491 31.910137176514 31.668399810791 0.24173630774021
492 31.298643112183 31.12579536438 0.17284701764584
493 31.348834991455 31.215452194214 0.1333821117878
494 31.740337371826 31.629167556763 0.11116939038038
495 32.333656311035 32.234424591064 0.099233016371727
496 33.094669342041 32.971130371094 0.12353830784559
497 33.949554443359 33.811252593994 0.13830465078354
498 34.827499389648 34.743076324463 0.084421463310719
499 35.857757568359 35.762134552002 0.095625475049019
500 36.951698303223 36.878658294678 0.073042392730713
501 38.197547912598 38.12650680542 0.071043536067009
502 39.69242477417 39.618343353271 0.074082471430302
503 41.771453857422 41.7034034729 0.068052895367146
504 43.406818389893 43.345012664795 0.061802729964256
505 44.14245223999 44.079113006592 0.063338108360767
506 45.266647338867 45.206420898437 0.060226384550333
507 46.801326751709 46.733711242676 0.067615129053593
508 48.57884979248 48.465259552002 0.11358850449324
509 50.407810211182 50.323497772217 0.08431002497673
510 52.391624450684 52.333869934082 0.057756081223488
511 54.552803039551 54.497440338135 0.05536375194788
512 56.88045501709 56.825813293457 0.054640650749207
513 59.373073577881 59.318874359131 0.054198250174522
514 62.053131103516 61.998054504395 0.055075611919165
515 65.00910949707 64.880386352539 0.12872087955475
516 68.04320526123 67.986473083496 0.056732445955276
517 71.400390625 71.330139160156 0.070248208940029
518 75.01050567627 74.949295043945 0.061209205538034
519 78.946144104004 78.884254455566 0.061889089643955
520 83.35807800293 83.182891845703 0.17518930137157
521 87.80143737793 87.73169708252 0.069739557802677
522 92.896789550781 92.694595336914 0.20219387114048
523 98.253791809082 98.141288757324 0.11250987648964
524 104.17710113525 104.11155700684 0.065546117722988
525 110.72554779053 110.66752624512 0.058023247867823
526 117.9273147583 117.86973571777 0.057578448206186
527 125.88321685791 125.81764984131 0.065567225217819
528 134.67559814453 134.61654663086 0.059057638049126
529 144.44718933105 144.38877868652 0.05839654058218
530 155.34060668945 155.2823638916 0.058235958218575
531 167.54444885254 167.47912597656 0.065325208008289
532 181.22662353516 181.17251586914 0.054113291203976
533 196.66493225098 196.6096496582 0.055282492190599
534 215.2678527832 215.19812011719 0.069731146097183
535 235.42784118652 235.3681640625 0.059683982282877
536 258.60296630859 258.54281616211 0.060165099799633
537 285.41131591797 285.35522460938 0.056093793362379
538 316.48693847656 316.43029785156 0.056654620915651
539 352.91589355469 352.84469604492 0.071195259690285
540 396.06741333008 396.00433349609 0.063076436519623
541 447.6994934082 447.64147949219 0.058015525341034
542 510.19268798828 510.13671875 0.055949445813894
543 586.88415527344 586.82696533203 0.057183127850294
544 682.59008789062 682.53002929688 0.060065478086472
545 804.54632568359 804.43811035156 0.10817494988441
546 963.3369140625 963.27960205078 0.057336002588272
547 1.1717478027344E+03 1.1716912841797E+03 0.056529670953751
548 1.4387348632813E+03 1.4386773681641E+03 0.057556115090847
549 1.7714191894531E+03 1.7713370361328E+03 0.082105547189713
550 2.2564636230469E+03 2.2563989257812E+03 0.064558580517769
551 2.98773828125E+03 2.9873225097656E+03 0.41557046771049
552 4.128328125E+03 4.128255859375E+03 0.072171181440353
553 6.0007744140625E+03 6.0007065429688E+03 0.068031348288059
554 9.280720703125E+03 9.2806611328125E+03 0.059426415711641
555 1.5278302734375E+04 1.5278245117187E+04 0.058257628232241
556 2.550548828125E+04 2.55054296875E+04 0.05786132439971
557 3.42411796875E+04 3.42411171875E+04 0.061223905533552
558 2.4163474609375E+04 2.4163412109375E+04 0.061547104269266
559 1.4504850585938E+04 1.4504787109375E+04 0.063939772546291
560 8.930966796875E+03 8.930900390625E+03 0.067079678177834
561 5.8563486328125E+03 5.8562885742188E+03 0.05959291011095
562 4.0768325195312E+03 4.0767736816406E+03 0.059007745236158
563 2.9813049316406E+03 2.9812438964844E+03 0.060991823673248
564 2.267814453125E+03 2.2677512207031E+03 0.063390582799911
565 1.7805089111328E+03 1.7804370117188E+03 0.071891032159328
566 1.4343321533203E+03 1.4341944580078E+03 0.13768655061722
567 1.1801295166016E+03 1.1799691162109E+03 0.16040572524071
568 988.17163085938 988.09594726563 0.075662240386009
569 839.94030761719 839.86901855469 0.071294844150543
570 723.21466064453 723.05749511719 0.15717667341232
571 630.37707519531 629.40893554688 0.96815037727356
572 553.27233886719 553.20025634766 0.072082571685314
573 490.47439575195 490.36590576172 0.10849894583225
574 437.69436645508 437.62310791016 0.071270801126957
575 393.54977416992 393.47866821289 0.071101762354374
576 356.01531982422 355.93478393555 0.080535173416138
577 323.82662963867 323.74066162109 0.085976995527744
578 296.00061035156 295.92553710938 0.07508085668087
579 271.79153442383 271.724609375 0.066942781209946
580 250.60748291016 250.54335021973 0.06412835419178
581 231.96812438965 231.90049743652 0.067636519670486
582 215.50239562988 215.35768127441 0.14472453296185
583 200.77656555176 200.69758605957 0.078974388539791
584 187.6743927002 187.60791015625 0.066485092043877
585 175.93598937988 175.87306213379 0.06293011456728
586 165.3752746582 165.31349182129 0.061777133494616
587 155.84074401855 155.77862548828 0.06212617084384
588 147.20414733887 147.14155578613 0.062596797943115
589 139.36218261719 139.29475402832 0.067429333925247
590 132.21768188477 132.14669799805 0.070985905826092
591 125.76790618896 125.61933898926 0.14856907725334
592 119.71865844727 119.64624023438 0.072423011064529
593 114.25122833252 114.17185974121 0.079372987151146
594 109.2201461792 109.15115356445 0.068992041051388
595 104.70449066162 104.52545928955 0.17903673648834
596 100.28485870361 100.21764373779 0.067210473120213
597 96.328353881836 96.263214111328 0.065138570964336
598 92.682945251465 92.618186950684 0.064757831394672
599 89.320274353027 89.254165649414 0.066114492714405
600 86.218994140625 86.148994445801 0.069997861981392
