1 3.8139433600008E-03 7.1804047365731E-06 3.8067628629506E-03
2 4.1079060174525E-03 2.8861020837212E-05 4.0790447965264E-03
3 4.2248633690178E-03 6.5520398493391E-05 4.1593429632485E-03
4 4.3356502428651E-03 1.182153573609E-04 4.2174346745014E-03
5 4.4660298153758E-03 1.8884777091444E-04 4.277182277292E-03
6 4.6215075999498E-03 2.7663123910315E-04 4.3448763899505E-03
7 4.8022409901023E-03 3.7923955824226E-04 4.423001781106E-03
8 5.0163669511676E-03 5.032739136368E-04 4.5130932703614E-03
9 5.2728080190718E-03 6.5331399673596E-04 4.6194940805435E-03
10 5.5743637494743E-03 8.3471368998289E-04 4.7396500594914E-03
11 5.9449737891555E-03 1.0556593770161E-03 4.8893145285547E-03
12 6.3374396413565E-03 1.329677994363E-03 5.0077619962394E-03
13 6.8447734229267E-03 1.6761216102168E-03 5.1686521619558E-03
14 7.4724545702338E-03 2.1243966184556E-03 5.3480579517782E-03
15 8.2877902314067E-03 2.7289486024529E-03 5.5588418617845E-03
16 9.3661909922957E-03 3.5955056082457E-03 5.7706851512194E-03
17 0.010920370928943 4.919461440295E-03 6.0009090229869E-03
18 0.013370079919696 7.1040443144739E-03 6.2660351395607E-03
19 0.017602030187845 0.011048534885049 6.5534953027964E-03
20 0.025726433843374 0.018858106806874 6.8683256395161E-03
21 0.042079880833626 0.034866109490395 7.2137699462473E-03
22 0.06660371273756 0.059010773897171 7.5929365120828E-03
23 0.06100407615304 0.052992660552263 8.0114156007767E-03
24 0.042847774922848 0.034373074769974 8.4747020155191E-03
25 0.032075900584459 0.023100409656763 8.9754918590188E-03
26 0.026617422699928 0.017096512019634 9.5209116116166E-03
27 0.023921011015773 0.013795589096844 0.010125421918929
28 0.02269447222352 0.011894644238055 0.010799827985466
29 0.022430183365941 0.010769524611533 0.011660658754408
30 0.022719960659742 0.01010568253696 0.012614278122783
31 0.023035928606987 9.733971208334E-03 0.01330195646733
32 0.023867160081863 9.5577156171203E-03 0.014309443533421
33 0.024976955726743 9.51864477247E-03 0.015458310954273
34 0.026258252561092 9.5799975097179E-03 0.016678255051374
35 0.027858102694154 9.7176618874073E-03 0.018140440806746
36 0.029309641569853 9.9160736426711E-03 0.019393566995859
37 0.031146142631769 0.01016229018569 0.020983852446079
38 0.033266600221395 0.010449629276991 0.022816970944405
39 0.035989452153444 0.010770721361041 0.025218730792403
40 0.039443101733923 0.011121877469122 0.028321223333478
41 0.043204475194216 0.011499522253871 0.03170495480299
42 0.049107629805803 0.011901151388884 0.03720647841692
43 0.054601851850748 0.012324738316238 0.042277112603188
44 0.061524007469416 0.012768366374075 0.048755642026663
45 0.069574661552906 0.013231397606432 0.056343261152506
46 0.079606175422668 0.013712485320866 0.065893694758415
47 0.09235655516386 0.014210797846317 0.078145757317543
48 0.1090919598937 0.014725659042597 0.094366297125816
49 0.1319418400526 0.015256512910128 0.11668532341719
50 0.16540586948395 0.015802906826138 0.14960296452045
51 0.22286416590214 0.0163644682616 0.20649971067905
52 0.35024493932724 0.016940899193287 0.33330404758453
53 0.69050866365433 0.017531955614686 0.67297667264938
54 1.6269813776016 0.018137458711863 1.6088439226151
55 3.8387825489044 0.018757278099656 3.8200254440308
56 8.8784151077271 0.019391346722841 8.8590240478516
57 18.424743652344 0.020039666444063 18.404703140259
58 18.534587860107 0.020702434703708 18.513885498047
59 22.727956771851 0.021379709243774 22.706577301025
60 23.632995605469 0.022072037681937 23.61092376709
61 24.297813415527 0.0227802824229 24.275032043457
62 21.629644393921 0.023506239056587 21.60613822937
63 24.108575820923 0.024252759292722 24.084323883057
64 7.0014119148254 0.025026645511389 6.9763851165771
65 2.8912146091461 0.025842366740108 2.8653721809387
66 1.1876000165939 0.026730498299003 1.1608694791794
67 0.5483016371727 0.027720822021365 0.52058082818985
68 0.31773763895035 0.028635714203119 0.2891018986702
69 0.22417365014553 0.029251981526613 0.19492165744305
70 0.1764642894268 0.029899487271905 0.14656479656696
71 0.14712998270988 0.030637055635452 0.11649292707443
72 0.12685661017895 0.031431570649147 0.0954250395298
73 0.11216919869184 0.032261189073324 0.079908013343811
74 0.10122150182724 0.033115811645985 0.068105690181255
75 0.092934183776379 0.033989898860455 0.058944281190634
76 0.086626902222633 0.034880939871073 0.051745962351561
77 0.081562347710133 0.035788118839264 0.045774225145578
78 0.077295780181885 0.036710370332003 0.040585409849882
79 0.074356704950333 0.037647258490324 0.036709446460009
80 0.071536883711815 0.038598537445068 0.032938342541456
81 0.069595456123352 0.039564061909914 0.030031390488148
82 0.068060539662838 0.040543764829636 0.027516776695848
83 0.066914208233356 0.041537627577782 0.025376580655575
84 0.066079400479794 0.042545661330223 0.023533741012216
85 0.065511055290699 0.043567903339863 0.021943150088191
86 0.064925193786621 0.044604416936636 0.020320780575275
87 0.064809679985046 0.045655280351639 0.019154399633408
88 0.064865075051785 0.04672060534358 0.01814447529614
89 0.065078817307949 0.04780050739646 0.017278309911489
90 0.065437577664852 0.048895176500082 0.01654240489006
91 0.06593731045723 0.050004862248898 0.015932446345687
92 0.066566720604897 0.051129996776581 0.015436724759638
93 0.06739679723978 0.052271403372288 0.015125392004848
94 0.068483747541904 0.053431000560522 0.015052745118737
95 0.069242395460606 0.054613996297121 0.014628400094807
96 0.071279101073742 0.055832013487816 0.015447084791958
97 0.071592167019844 0.057052310556173 0.014539855532348
98 0.072802625596523 0.058222897350788 0.014579731039703
99 0.074307955801487 0.059431232511997 0.014876725152135
100 0.076071739196777 0.060682389885187 0.015389352105558
101 0.076287433505058 0.061941307038069 0.014346129260957
102 0.078636676073074 0.063218794763088 0.015417884103954
103 0.080666393041611 0.064513981342316 0.016152411699295
104 0.083457440137863 0.065826691687107 0.017630748450756
105 0.086408995091915 0.067156970500946 0.019252024590969
106 0.089968547224998 0.06850504130125 0.021463505923748
107 0.094178035855293 0.069871217012405 0.024306822568178
108 0.099267117679119 0.07125585526228 0.028011258691549
109 0.10569534450769 0.072659440338612 0.033035904169083
110 0.11400016397238 0.074082538485527 0.039917625486851
111 0.12853990495205 0.075525879859924 0.053014028817415
112 0.13901843130589 0.076990455389023 0.062027972191572
113 0.1611842662096 0.078477680683136 0.082706578075886
114 0.19735918939114 0.079989790916443 0.11736939102411
115 0.26605996489525 0.081530578434467 0.18452939391136
116 0.40211144089699 0.083107188344002 0.31900426745415
117 0.77802920341492 0.084734216332436 0.69329500198364
118 2.2980036735535 0.08644188195467 2.2115619182587
119 5.4508385658264 0.088272586464882 5.3625659942627
120 1.2558351755142 0.09012546390295 1.1657096147537
121 0.5491880774498 0.091615326702595 0.45757278800011
122 0.33136028051376 0.093065179884434 0.23829509317875
123 0.24135121703148 0.094637550413609 0.14671367406845
124 0.20746839046478 0.096300266683102 0.1111681163311
125 0.17324583232403 0.098023220896721 0.075222611427307
126 0.1567766815424 0.099791802465916 0.056984875351191
127 0.14688186347485 0.10160049051046 0.045281376689672
128 0.14154681563377 0.10344665497541 0.03810016065836
129 0.13717360794544 0.10532981902361 0.031843792647123
130 0.13476747274399 0.10725031048059 0.027517164126039
131 0.13400430977345 0.1092097312212 0.024794572964311
132 0.13308681547642 0.11120940744877 0.021877398714423
133 0.13320973515511 0.11325128376484 0.019958447664976
134 0.13359072804451 0.11533761024475 0.018253123387694
135 0.13443411886692 0.11747094988823 0.016963163390756
136 0.13566544651985 0.11965421587229 0.016011223196983
137 0.13824744522572 0.12189065665007 0.016356790438294
138 0.13834817707539 0.12418391555548 0.014164258725941
139 0.14009566605091 0.12653808295727 0.013557576574385
140 0.14208136498928 0.12895774841309 0.013123625889421
141 0.14453883469105 0.13144804537296 0.013090784661472
142 0.1541154384613 0.13401480019093 0.020100645720959
143 0.14949430525303 0.13666453957558 0.012829774059355
144 0.15134605765343 0.1394045650959 0.011941488832235
145 0.15957406163216 0.14224347472191 0.017330585047603
146 0.15635412931442 0.14519073069096 0.011163395829499
147 0.15916864573956 0.14825724065304 0.010911403223872
148 0.162373945117 0.1514555066824 0.010918435640633
149 0.1664866656065 0.15479992330074 0.01168674044311
150 0.16916969418526 0.15830288827419 0.010866807773709
151 0.17312110960484 0.16199223697186 0.011128883808851
152 0.17624206840992 0.16588592529297 0.010356138460338
153 0.18036279082298 0.17001017928123 0.010352618992329
154 0.18983420729637 0.1743957400322 0.015438458882272
155 0.1891703158617 0.17907899618149 0.010091315954924
156 0.19432519376278 0.18410313129425 0.010222049430013
157 0.19932523369789 0.1895197480917 9.8054828122258E-03
158 0.20511119067669 0.1953909099102 9.7202872857451E-03
159 0.21148532629013 0.20179173350334 9.6935983747244E-03
160 0.2184756398201 0.2088138461113 9.6618020907044E-03
161 0.22621792554855 0.21656988561153 9.6480315551162E-03
162 0.23490466177464 0.22519952058792 9.7051383927464E-03
163 0.24465835094452 0.23487748205662 9.780865162611E-03
164 0.2561517059803 0.24583272635937 0.010318982414901
165 0.2797529399395 0.25833168625832 0.021421240642667
166 0.28509941697121 0.27274769544601 0.012351743876934
167 0.2999147772789 0.28955984115601 0.010354932397604
168 0.31924122571945 0.30940595269203 9.8352506756783E-03
169 0.34287551045418 0.33314895629883 9.7265467047691E-03
170 0.37171277403831 0.3619786798954 9.7341034561396E-03
171 0.40740278363228 0.39757004380226 9.8327305167913E-03
172 0.45218458771706 0.44233760237694 9.8469741642475E-03
173 0.50995606184006 0.49985751509666 0.010098541155457
174 0.58585506677628 0.5755940079689 0.010261075571179
175 0.69014924764633 0.6782021522522 0.011947102844715
176 0.8334658741951 0.82197773456573 0.011488155461848
177 1.0421226024628 1.0317122936249 0.010410289280117
178 1.3629395961761 1.352884888649 0.010054729878902
179 1.8843204975128 1.8742934465408 0.010027043521404
180 2.791318655014 2.7800726890564 0.0112459436059
181 4.4708456993103 4.4607620239258 0.010083744302392
182 7.618284702301 7.6080732345581 0.010211781598628
183 12.036794662476 12.026178359985 0.010616292245686
184 10.570755004883 10.556491851807 0.014263335615396
185 6.439727306366 6.4259853363037 0.013741562142968
186 3.9274652004242 3.916862487793 0.010602723807096
187 2.5831127166748 2.5725646018982 0.010548246093094
188 1.83342897892 1.8231003284454 0.010328580625355
189 1.3868540525436 1.3764680624008 0.010385979898274
190 1.1037971973419 1.0933554172516 0.010441796854138
191 0.91506808996201 0.9045215845108 0.010546530596912
192 0.784259557724 0.7735201716423 0.010739343240857
193 0.69203662872314 0.68021088838577 0.011825693771243
194 0.62335860729218 0.61180281639099 0.01155580766499
195 0.57181823253632 0.55644029378891 0.015377985313535
196 0.52631825208664 0.51351523399353 0.01280299667269
197 0.49180510640144 0.48048305511475 0.011322037316859
198 0.46583989262581 0.45477256178856 0.011067349463701
199 0.44639906287193 0.43476992845535 0.011629150249064
200 0.43153193593025 0.41966611146927 0.01186584122479
201 0.42370602488518 0.40957933664322 0.014126709662378
202 0.41766378283501 0.40609699487686 0.011566764675081
203 0.42173048853874 0.41030684113503 0.011423652991652
204 0.41155532002449 0.40035617351532 0.011199150234461
205 0.39271333813667 0.38138273358345 0.011330598965287
206 0.38259962201118 0.36930495500565 0.013294656760991
207 0.37352526187897 0.36173474788666 0.01179052144289
208 0.36954265832901 0.35660442709923 0.01293823774904
209 0.36796623468399 0.3529609143734 0.01500532310456
210 0.36262878775597 0.35021722316742 0.012411558069289
211 0.36279800534248 0.34824523329735 0.014552774839103
212 0.35873606801033 0.34688055515289 0.01185552123934
213 0.35793167352676 0.34600704908371 0.011924612335861
214 0.35797140002251 0.34554478526115 0.012426603585482
215 0.3786261677742 0.34543538093567 0.033190775662661
216 0.35790783166885 0.34563353657722 0.01227427367121
217 0.35821399092674 0.34610292315483 0.012111066840589
218 0.35909566283226 0.34681361913681 0.012282054871321
219 0.3598957657814 0.347740650177 0.012155130505562
220 0.36107367277145 0.34886288642883 0.012210794724524
221 0.36248967051506 0.35016229748726 0.012327367439866
222 0.3640955388546 0.35163035988808 0.012465158477426
223 0.36592084169388 0.35323989391327 0.012680954299867
224 0.36780047416687 0.35474872589111 0.013051744550467
225 0.37072455883026 0.35664123296738 0.014083312824368
226 0.38315063714981 0.35864928364754 0.024501368403435
227 0.37528645992279 0.36076572537422 0.014520742930472
228 0.37670993804932 0.36298480629921 0.013725148513913
229 0.37960582971573 0.36530241370201 0.014303421601653
230 0.38280364871025 0.36771813035011 0.015085503458977
231 0.39355352520943 0.37024211883545 0.023311417549849
232 0.38976913690567 0.37291985750198 0.016849279403687
233 0.39569997787476 0.37572285532951 0.019977128133178
234 0.42635723948479 0.37828913331032 0.048068109899759
235 0.40356025099754 0.38097593188286 0.022584307938814
236 0.40547135472298 0.38379517197609 0.021676195785403
237 0.42877647280693 0.38670098781586 0.042075507342815
238 0.40752932429314 0.389678388834 0.017850963398814
239 0.44659695029259 0.39272123575211 0.053875736892223
240 0.41190007328987 0.39582604169846 0.016074046492577
241 0.41516327857971 0.39899095892906 0.016172321513295
242 0.42780393362045 0.40221416950226 0.025589779019356
243 0.42967966198921 0.40549436211586 0.024185284972191
244 0.42989525198936 0.40883058309555 0.021064665168524
245 0.42796322703362 0.41222178936005 0.01574144884944
246 0.43092307448387 0.41566729545593 0.015255785547197
247 0.43601536750793 0.41916656494141 0.016848793253303
248 0.4589851796627 0.42271915078163 0.036266051232815
249 0.44821354746819 0.42632466554642 0.021888894960284
250 0.45595598220825 0.42998290061951 0.025973094627261
251 0.4542181789875 0.43369370698929 0.02052447758615
252 0.45353475213051 0.43745705485344 0.016077686101198
253 0.45677199959755 0.44127303361893 0.015498954802752
254 0.4603967666626 0.44514179229736 0.015254960395396
255 0.46428123116493 0.449063539505 0.015217679552734
256 0.46834307909012 0.45303866267204 0.015304429456592
257 0.47294914722443 0.45706751942635 0.015881605446339
258 0.48139178752899 0.46115070581436 0.020241102203727
259 0.49096974730492 0.46528875827789 0.025680981576443
260 0.48579028248787 0.469482421875 0.016307853162289
261 0.48992401361465 0.47373250126839 0.016191525384784
262 0.49502357840538 0.47803923487663 0.016984347254038
263 0.50729250907898 0.48240494728088 0.024887569248676
264 0.50765347480774 0.48684513568878 0.020808320492506
265 0.51550287008286 0.4913310110569 0.024171881377697
266 0.51293128728867 0.49587887525558 0.0170524045825
267 0.52526688575745 0.50049024820328 0.024776626378298
268 0.52259194850922 0.50516766309738 0.017424257472157
269 0.52658480405807 0.5099111199379 0.016673700883985
270 0.53139442205429 0.51472353935242 0.016670886427164
271 0.53731042146683 0.51960742473602 0.017703022807837
272 0.54293900728226 0.52456670999527 0.018372258171439
273 0.59732520580292 0.52960723638535 0.067717991769314
274 0.55591243505478 0.53471153974533 0.021200919523835
275 0.56098055839539 0.53989827632904 0.021082310006022
276 0.56665796041489 0.5451734662056 0.021484479308128
277 0.58073604106903 0.55053788423538 0.03019817173481
278 0.57435029745102 0.55599480867386 0.018355494365096
279 0.58056175708771 0.56154853105545 0.01901326328516
280 0.58555233478546 0.56720370054245 0.018348665907979
281 0.59373193979263 0.57296562194824 0.02076630666852
282 0.59686058759689 0.5788386464119 0.01802191324532
283 0.60621762275696 0.58483219146729 0.021385379135609
284 0.60951942205429 0.59095203876495 0.018567366525531
285 0.61729556322098 0.59720623493195 0.020089339464903
286 0.67118090391159 0.60360604524612 0.067574813961983
287 0.63384354114532 0.61015719175339 0.023686395958066
288 0.63826584815979 0.6168732047081 0.021392690017819
289 0.72380781173706 0.62376701831818 0.10004077106714
290 0.65082377195358 0.63085359334946 0.019970221444964
291 0.66431307792664 0.63814979791641 0.026163298636675
292 0.66541063785553 0.64567583799362 0.019734801724553
293 0.68578618764877 0.65345740318298 0.032328758388758
294 0.68189573287964 0.66154479980469 0.020350906997919
295 0.68962395191193 0.66994577646255 0.019678192213178
296 0.6984395980835 0.67858123779297 0.019858364015818
297 0.70919567346573 0.68762993812561 0.021565737202764
298 0.72343754768372 0.69713091850281 0.026306657120585
299 0.73364979028702 0.70711505413055 0.026534711942077
300 0.74237674474716 0.7176222205162 0.024754570797086
301 0.76070809364319 0.72877484560013 0.031933270394802
302 0.77254295349121 0.74072450399399 0.031818423420191
303 0.79434663057327 0.75346779823303 0.040878817439079
304 0.78899627923965 0.767214179039 0.021782102063298
305 0.80284762382507 0.78215116262436 0.020696440711617
306 0.81854814291 0.79851615428925 0.020032031461596
307 0.83673655986786 0.81661266088486 0.020123852416873
308 0.85710775852203 0.83683449029922 0.020273312926292
309 0.88042503595352 0.85969930887222 0.020725760608912
310 0.91680765151978 0.88589942455292 0.030908217653632
311 0.9373551607132 0.91637748479843 0.020977675914764
312 0.97329789400101 0.95244389772415 0.020854050293565
313 1.0171805620193 0.9959642291069 0.02121633477509
314 1.0715447664261 1.0496692657471 0.02187548391521
315 1.1420743465424 1.1176868677139 0.024387529119849
316 1.2435363531113 1.2065131664276 0.037023164331913
317 1.3563325405121 1.3268707990646 0.029461767524481
318 1.5203607082367 1.4976145029068 0.02274621091783
319 1.778129696846 1.7544900178909 0.023639583960176
320 2.1962118148804 2.1686005592346 0.027611287310719
321 2.865291595459 2.8422527313232 0.023038925603032
322 3.8414344787598 3.8191363811493 0.02229799516499
323 5.7326192855835 5.7098803520203 0.022738721221685
324 9.528883934021 9.5053281784058 0.023555664345622
325 14.492431640625 14.467329978943 0.025102201849222
326 11.241882324219 11.210797309875 0.031084954738617
327 6.8071703910828 6.7160263061523 0.091143898665905
328 4.31409740448 4.2865710258484 0.027526373043656
329 3.0718953609467 3.0473301410675 0.024565240368247
330 2.3964607715607 2.3730187416077 0.023441933095455
331 2.0023946762085 1.9781614542007 0.024233277887106
332 1.7609391212463 1.7324978113174 0.028441295027733
333 1.624809384346 1.572535276413 0.052274122834206
334 1.4902845621109 1.4650539159775 0.025230698287487
335 1.4188829660416 1.3916016817093 0.027281180024147
336 1.3654072284698 1.3411128520966 0.024294355884194
337 1.3295735120773 1.3054755926132 0.024097871035337
338 1.3049956560135 1.2808827161789 0.024112965911627
339 1.2896822690964 1.265372633934 0.02430964820087
340 1.2815126180649 1.2569333314896 0.024579228833318
341 1.2789689302444 1.2540466785431 0.024922359734774
342 1.2813110351563 1.2555305957794 0.025780415162444
343 1.2946107387543 1.2611308097839 0.033479861915112
344 1.2976225614548 1.2701585292816 0.027464088052511
345 1.3156342506409 1.2823001146317 0.033334154635668
346 1.3256014585495 1.2973701953888 0.028231348842382
347 1.3425183296204 1.3152782917023 0.027240078896284
348 1.363280415535 1.336013674736 0.027266712859273
349 1.3876600265503 1.3596394062042 0.028020590543747
350 1.4159985780716 1.386288523674 0.029710037633777
351 1.4502830505371 1.4161642789841 0.034118808805943
352 1.5008009672165 1.4495451450348 0.051255870610476
353 1.5405162572861 1.4867932796478 0.053723067045212
354 1.5607942342758 1.5283492803574 0.032444998621941
355 1.6701118946075 1.5748215913773 0.09529036283493
356 1.6596633195877 1.6269023418427 0.032760966569185
357 1.7225958108902 1.6854736804962 0.037122152745724
358 1.8068164587021 1.7516325712204 0.055183943361044
359 1.9255353212357 1.8267501592636 0.098785206675529
360 1.9540719985962 1.9125519990921 0.04152000695467
361 2.0516617298126 2.0112283229828 0.040433533489704
362 2.1692109107971 2.125586271286 0.043624710291624
363 2.3118221759796 2.2592670917511 0.052555043250322
364 2.4911811351776 2.4170546531677 0.074126459658146
365 2.692120552063 2.6053285598755 0.086791798472404
366 2.9503901004791 2.8327322006226 0.11765799671412
367 3.3556299209595 3.1112329959869 0.24439708888531
368 4.1945352554321 3.45769572258 0.73683929443359
369 4.6427063941956 3.8965263366699 0.74617993831635
370 4.6948041915894 4.4640293121338 0.2307750582695
371 5.4236102104187 5.2159814834595 0.20762848854065
372 6.3196425437927 6.2413702011108 0.0782720297575
373 7.7490849494934 7.688570022583 0.060515116900206
374 9.871150970459 9.818169593811 0.052981667220592
375 13.192593574524 13.116571426392 0.076022297143936
376 18.612539291382 18.556871414185 0.055669035762548
377 28.280838012695 28.228368759155 0.052468772977591
378 46.842746734619 46.785129547119 0.057614803314209
379 82.977378845215 82.931655883789 0.045724637806416
380 132.32543945313 132.28889465332 0.036555528640747
381 104.04058074951 104.00505828857 0.035519581288099
382 59.601432800293 59.566310882568 0.035122763365507
383 35.214584350586 35.179862976074 0.034718845039606
384 22.696662902832 22.661930084229 0.034733142703772
385 15.855277061462 15.820199966431 0.035077445209026
386 11.816920280457 11.780724525452 0.036195889115334
387 9.2763299942017 9.2198362350464 0.056493826210499
388 7.5657873153687 7.5287742614746 0.037013173103333
389 6.4242053031921 6.3880338668823 0.036171555519104
390 5.6503238677979 5.6141972541809 0.036126296967268
391 5.0232419967651 4.9859285354614 0.037313718348742
392 4.4557337760925 4.4129734039307 0.04276018217206
393 4.0291695594788 3.9765815734863 0.052587818354368
394 3.6871676445007 3.6478250026703 0.039342608302832
395 3.4437334537506 3.3939862251282 0.049747213721275
396 3.2366895675659 3.193009853363 0.043679729104042
397 3.1083374023438 3.0325255393982 0.07581203430891
398 2.9454829692841 2.9025280475616 0.042954843491316
399 2.8424789905548 2.7965667247772 0.04591216519475
400 2.8032867908478 2.7099342346191 0.093352548778057
401 2.7283074855804 2.6391038894653 0.089203648269176
402 2.6898827552795 2.5813868045807 0.10849602520466
403 2.6044116020203 2.5346992015839 0.069712519645691
404 2.5512552261353 2.4974086284637 0.053846515715122
405 2.5194809436798 2.468225479126 0.051255352795124
406 2.4975047111511 2.446124792099 0.05137998983264
407 2.4852256774902 2.4302897453308 0.054935969412327
408 2.4974610805511 2.4200923442841 0.077368699014187
409 2.4801499843597 2.4149744510651 0.065175548195839
410 2.4749410152435 2.412300825119 0.062640279531479
411 2.4832491874695 2.4164762496948 0.066772915422916
412 2.4981982707977 2.4247918128967 0.073406487703323
413 2.5673542022705 2.4371013641357 0.13025268912315
414 2.5852007865906 2.4533274173737 0.13187336921692
415 2.5839154720306 2.47345662117 0.11045905947685
416 2.6156725883484 2.4973602294922 0.11831237375736
417 2.6663045883179 2.5255296230316 0.14077493548393
418 2.7318334579468 2.5579648017883 0.17386867105961
419 2.8215906620026 2.5949404239655 0.22665022313595
420 2.9522094726563 2.6367871761322 0.3154225051403
421 3.1627628803253 2.6840646266937 0.47869816422462
422 3.5530736446381 2.7373559474945 0.81571763753891
423 4.5219793319702 2.797464132309 1.7245154380798
424 8.0672035217285 2.8654458522797 5.2017579078674
425 15.931022644043 2.9424958229065 12.988526344299
426 5.9738993644714 3.03022813797 2.9436709880829
427 4.342161655426 3.1310923099518 1.2110694646835
428 3.8923683166504 3.2480545043945 0.64431363344193
429 3.813889503479 3.3852527141571 0.4286367893219
430 3.8440220355988 3.5485854148865 0.29543653130531
431 3.9635326862335 3.7467751502991 0.21675750613213
432 4.160991191864 3.9934544563293 0.16753666102886
433 4.4497485160828 4.3113269805908 0.13842134177685
434 4.8605675697327 4.7420454025269 0.11852208524942
435 5.4762096405029 5.3719182014465 0.10429130494595
436 6.503653049469 6.4087705612183 0.094882674515247
437 8.450701713562 8.3523216247559 0.098380111157894
438 11.757472038269 11.669983863831 0.087487772107124
439 17.081567764282 17.003997802734 0.077569045126438
440 14.690984725952 14.616885185242 0.074099361896515
441 12.817454338074 12.71501159668 0.10244213789701
442 14.078373908997 13.965579032898 0.11279497295618
443 17.76082611084 17.69507598877 0.065750479698181
444 22.370962142944 22.310768127441 0.060194790363312
445 32.285289764404 32.219860076904 0.065430887043476
446 53.426872253418 53.350742340088 0.076130695641041
447 96.575622558594 96.515014648438 0.060608699917793
448 145.57916259766 145.51930236816 0.059859413653612
449 97.536064147949 97.408004760742 0.12805433571339
450 54.158214569092 54.102401733398 0.055810160934925
451 32.565662384033 32.509136199951 0.056522868573666
452 21.782390594482 21.717535018921 0.06485553830862
453 15.904732704163 15.84806060791 0.056672129780054
454 12.438464164734 12.385064125061 0.053400047123432
455 10.258215904236 10.20400428772 0.054211642593145
456 8.8118104934692 8.7598361968994 0.051973976194859
457 7.8348908424377 7.7672972679138 0.067593574523926
458 7.1224460601807 7.0670266151428 0.055419269949198
459 6.6166439056396 6.5651783943176 0.051465138792992
460 6.2579493522644 6.2054028511047 0.052546571940184
461 6.0067930221558 5.9497799873352 0.057013064622879
462 5.8456950187683 5.7769594192505 0.068735219538212
463 5.7822852134705 5.6716279983521 0.11065702885389
464 5.7094702720642 5.6245560646057 0.08491413295269
465 5.7004652023315 5.642119884491 0.058345280587673
466 5.8027729988098 5.7383065223694 0.064466297626495
467 6.0290722846985 5.9476313591003 0.081441126763821
468 6.4518599510193 6.3559532165527 0.095906510949135
469 7.3018069267273 7.1851606369019 0.11664628982544
470 9.008152961731 8.9300928115845 0.078060030937195
471 11.346745491028 10.98184967041 0.36489561200142
472 10.770936965942 10.700647354126 0.070289708673954
473 12.883919715881 12.724024772644 0.15989477932453
474 18.822944641113 18.754503250122 0.068440973758698
475 21.590562820435 21.518863677979 0.071699902415276
476 14.519932746887 14.179368019104 0.34056550264359
477 10.112428665161 10.021056175232 0.091372668743134
478 8.2615833282471 8.1770811080933 0.084502004086971
479 7.4104647636414 7.3157658576965 0.094698905944824
480 7.0543928146362 6.8953714370728 0.15902145206928
481 6.9025897979736 6.6995811462402 0.20300869643688
482 6.8006086349487 6.6356196403503 0.16498890519142
483 6.8633284568787 6.6639318466187 0.19939659535885
484 7.069878578186 6.7771110534668 0.29276740550995
485 7.5162267684937 6.9925928115845 0.52363431453705
486 8.6334667205811 7.3832125663757 1.250254034996
487 13.542935371399 8.1213617324829 5.421573638916
488 11.645750045776 9.3411636352539 2.3045871257782
489 10.249574661255 9.4653434753418 0.78423154354095
490 8.909330368042 8.5196418762207 0.38968858122826
491 8.2885904312134 8.046854019165 0.24173630774021
492 8.081826210022 7.9089794158936 0.17284701764584
493 8.0651435852051 7.9317607879639 0.1333821117878
494 8.1480541229248 8.0368852615356 0.11116939038038
495 8.2899122238159 8.1906785964966 0.099233016371727
496 8.5014123916626 8.3778734207153 0.12353830784559
497 8.7296514511108 8.5913467407227 0.13830465078354
498 8.9125423431396 8.8281202316284 0.084421463310719
499 9.1826858520508 9.0870599746704 0.095625475049019
500 9.443808555603 9.3707656860352 0.073042392730713
501 9.7588844299316 9.687840461731 0.071043536067009
502 10.140995025635 10.066912651062 0.074082471430302
503 10.664772987366 10.596720695496 0.068052895367146
504 11.075652122498 11.013849258423 0.061802729964256
505 11.26372051239 11.200382232666 0.063338108360767
506 11.547054290771 11.486827850342 0.060226384550333
507 11.942523002625 11.874908447266 0.067615129053593
508 12.428478240967 12.314889907837 0.11358850449324
509 12.871373176575 12.787063598633 0.08431002497673
510 13.355648994446 13.29789352417 0.057756081223488
511 13.903014183044 13.847650527954 0.05536375194788
512 14.49392414093 14.439283370972 0.054640650749207
513 15.126961708069 15.072763442993 0.054198250174522
514 15.808611869812 15.753536224365 0.055075611919165
515 16.614650726318 16.485929489136 0.12872087955475
516 17.331909179687 17.275175094604 0.056732445955276
517 18.195041656494 18.124794006348 0.070248208940029
518 19.105621337891 19.044410705566 0.061209205538034
519 20.106163024902 20.044273376465 0.061889089643955
520 21.311735153198 21.136545181274 0.17518930137157
521 22.36212348938 22.29238319397 0.069739557802677
522 23.75563621521 23.553442001343 0.20219387114048
523 25.049942016602 24.937431335449 0.11250987648964
524 26.520008087158 26.454460144043 0.065546117722988
525 28.178339004517 28.120315551758 0.058023247867823
526 30.007955551147 29.950378417969 0.057578448206186
527 32.035488128662 31.969921112061 0.065567225217819
528 34.264755249023 34.205696105957 0.059057638049126
529 36.747192382812 36.68879699707 0.05839654058218
530 39.515060424805 39.456825256348 0.058235958218575
531 42.621311187744 42.555988311768 0.065325208008289
532 46.089550018311 46.035438537598 0.054113291203976
533 50.013256072998 49.957973480225 0.055282492190599
534 54.750988006592 54.681255340576 0.069731146097183
535 59.866088867188 59.80640411377 0.059683982282877
536 65.755187988281 65.695022583008 0.060165099799633
537 72.564071655273 72.50798034668 0.056093793362379
538 80.460723876953 80.404067993164 0.056654620915651
539 89.728065490723 89.656867980957 0.071195259690285
540 100.68669128418 100.62361907959 0.063076436519623
541 113.80249023438 113.74447631836 0.058015525341034
542 129.68029785156 129.62434387207 0.055949445813894
543 149.16830444336 149.11112976074 0.057183127850294
544 173.48907470703 173.42901611328 0.060065478086472
545 204.51370239258 204.40553283691 0.10817494988441
546 244.82405090332 244.76670837402 0.057336002588272
547 297.78005981445 297.72354125977 0.056529670953751
548 365.62155151367 365.56399536133 0.057556115090847
549 450.17401123047 450.09191894531 0.082105547189713
550 573.40936279297 573.34478759766 0.064558580517769
551 759.48608398437 759.07049560547 0.41557046771049
552 1.0490506591797E+03 1.048978515625E+03 0.072171181440353
553 1.5248310546875E+03 1.5247630615234E+03 0.068031348288059
554 2.35825E+03 2.3581906738281E+03 0.059426415711641
555 3.8822185058594E+03 3.88216015625E+03 0.058257628232241
556 6.48091796875E+03 6.4808603515625E+03 0.05786132439971
557 8.7006357421875E+03 8.70057421875E+03 0.061223905533552
558 6.1399184570312E+03 6.1398569335937E+03 0.061547104269266
559 3.6856906738281E+03 3.6856267089844E+03 0.063939772546291
560 2.2693842773437E+03 2.2693171386719E+03 0.067079678177834
561 1.4881265869141E+03 1.4880670166016E+03 0.05959291011095
562 1.0359560546875E+03 1.0358969726562E+03 0.059007745236158
563 757.5869140625 757.52593994141 0.060991823673248
564 576.29272460937 576.22937011719 0.063390582799911
565 452.47607421875 452.40417480469 0.071891032159328
566 364.56256103516 364.42489624023 0.13768655061722
567 299.98733520508 299.82693481445 0.16040572524071
568 251.14814758301 251.07247924805 0.075662240386009
569 213.47970581055 213.40841674805 0.071294844150543
570 183.88410949707 183.72692871094 0.15717667341232
571 160.89923095703 159.93109130859 0.96815037727356
572 140.63874816895 140.56666564941 0.072082571685314
573 124.7091293335 124.60063171387 0.10849894583225
574 111.27010345459 111.19882965088 0.071270801126957
575 100.05295562744 99.98184967041 0.071101762354374
576 90.522590637207 90.442054748535 0.080535173416138
577 82.347587585449 82.261611938477 0.085976995527744
578 75.268951416016 75.193870544434 0.07508085668087
579 69.111419677734 69.044479370117 0.066942781209946
580 63.726509094238 63.662380218506 0.06412835419178
581 58.992916107178 58.925281524658 0.067636519670486
582 54.866519927979 54.721797943115 0.14472453296185
583 51.07568359375 50.99670791626 0.078974388539791
584 47.737140655518 47.670658111572 0.066485092043877
585 44.751792907715 44.688861846924 0.06293011456728
586 42.067481994629 42.005706787109 0.061777133494616
587 39.645046234131 39.582920074463 0.06212617084384
588 37.450862884521 37.38826751709 0.062596797943115
589 35.461841583252 35.394412994385 0.067429333925247
590 33.649101257324 33.578113555908 0.070985905826092
591 32.068099975586 31.91953086853 0.14856907725334
592 30.47420501709 30.401781082153 0.072423011064529
593 29.090129852295 29.010757446289 0.079372987151146
594 27.804000854492 27.735010147095 0.068992041051388
595 26.738668441772 26.559633255005 0.17903673648834
596 25.53223991394 25.465030670166 0.067210473120213
597 24.525358200073 24.460218429565 0.065138570964336
598 23.598787307739 23.534029006958 0.064757831394672
599 22.74535369873 22.679239273071 0.066114492714405
600 21.960222244263 21.890224456787 0.069997861981392
