1 3.8473745808005E-03 4.0611488657305E-05 3.8067628629506E-03
2 4.2422791011631E-03 1.6323439194821E-04 4.0790447965264E-03
3 4.5299185439944E-03 3.7057534791529E-04 4.1593429632485E-03
4 4.8860465176404E-03 6.6861161030829E-04 4.2174346745014E-03
5 5.3452821448445E-03 1.0680998675525E-03 4.277182277292E-03
6 5.9094689786434E-03 1.5645923558623E-03 4.3448763899505E-03
7 6.5679340623319E-03 2.1449325140566E-03 4.423001781106E-03
8 7.3595489375293E-03 2.8464556671679E-03 4.5130932703614E-03
9 8.3145583048463E-03 3.6950639914721E-03 4.6194940805435E-03
10 9.4606885686517E-03 4.7210385091603E-03 4.7396500594914E-03
11 0.010859994217753 5.97068015486E-03 4.8893145285547E-03
12 0.012528257444501 7.5204954482615E-03 5.0077619962394E-03
13 0.014648590236902 9.479939006269E-03 5.1686521619558E-03
14 0.017363386228681 0.012015327811241 5.3480579517782E-03
15 0.020993441343307 0.015434599481523 5.5588418617845E-03
16 0.026106424629688 0.020335739478469 5.7706851512194E-03
17 0.033824782818556 0.027823872864246 6.0009090229869E-03
18 0.046445641666651 0.04017960652709 6.2660351395607E-03
19 0.069042652845383 0.062489159405231 6.5534953027964E-03
20 0.11352746933699 0.10665914416313 6.8683256395161E-03
21 0.20441222190857 0.19719845056534 7.2137699462473E-03
22 0.34135064482689 0.33375772833824 7.5929365120828E-03
23 0.30773141980171 0.29971998929977 8.0114156007767E-03
24 0.20288459956646 0.19440989196301 8.4747020155191E-03
25 0.13962858915329 0.13065308332443 8.9754918590188E-03
26 0.10621669143438 0.096695780754089 9.5209116116166E-03
27 0.088151589035988 0.078026160597801 0.010125421918929
28 0.078074477612972 0.067274652421474 0.010799827985466
29 0.072571769356728 0.060911111533642 0.011660658754408
30 0.069770783185959 0.057156503200531 0.012614278122783
31 0.068356104195118 0.055054146796465 0.01330195646733
32 0.068366713821888 0.054057270288467 0.014309443533421
33 0.069294601678848 0.053836289793253 0.015458310954273
34 0.070861548185349 0.054183293133974 0.016678255051374
35 0.073102347552776 0.054961904883385 0.018140440806746
36 0.075477667152882 0.056084100157022 0.019393566995859
37 0.078460521996021 0.057476669549942 0.020983852446079
38 0.081918798387051 0.059101823717356 0.022816970944405
39 0.086136609315872 0.060917880386114 0.025218730792403
40 0.091225199401379 0.062903977930546 0.028321223333478
41 0.09674484282732 0.06503988802433 0.03170495480299
42 0.10451792925596 0.067311450839043 0.03720647841692
43 0.11198431998491 0.069707207381725 0.042277112603188
44 0.12097195535898 0.07221631705761 0.048755642026663
45 0.13117842376232 0.074835166335106 0.056343261152506
46 0.14344982802868 0.077556133270264 0.065893694758415
47 0.15852028131485 0.080374531447887 0.078145757317543
48 0.17765282094479 0.08328652381897 0.094366297125816
49 0.20297428965569 0.086288966238499 0.11668532341719
50 0.2389822602272 0.08937930315733 0.14960296452045
51 0.29905512928963 0.092555433511734 0.20649971067905
52 0.42911967635155 0.095815651118755 0.33330404758453
53 0.77213525772095 0.099158599972725 0.67297667264938
54 1.7114270925522 0.10258324444294 1.6088439226151
55 3.926114320755 0.10608886927366 3.8200254440308
56 8.9686985015869 0.10967507958412 8.8590240478516
57 18.518045425415 0.11334189772606 18.404703140259
58 18.630975723267 0.11709043383598 18.513885498047
59 22.827499389648 0.12092102319002 22.706577301025
60 23.735761642456 0.12483674287796 23.61092376709
61 24.403875350952 0.12884248793125 24.275032043457
62 21.739086151123 0.13294839859009 21.60613822937
63 24.221494674683 0.13717064261436 24.084323883057
64 7.1179327964783 0.14154763519764 6.9763851165771
65 3.011533498764 0.14616125822067 2.8653721809387
66 1.3120539188385 0.15118442475796 1.1608694791794
67 0.67736637592316 0.15678557753563 0.52058082818985
68 0.45106199383736 0.16196009516716 0.2891018986702
69 0.36036729812622 0.16544562578201 0.19492165744305
70 0.3156726360321 0.16910783946514 0.14656479656696
71 0.28977236151695 0.17327943444252 0.11649292707443
72 0.2731981575489 0.17777310311794 0.0954250395298
73 0.26237335801125 0.18246532976627 0.079908013343811
74 0.25540465116501 0.18729896843433 0.068105690181255
75 0.25118699669838 0.19224271178246 0.058944281190634
76 0.24902828037739 0.1972823292017 0.051745962351561
77 0.2481874525547 0.20241321623325 0.045774225145578
78 0.24821476638317 0.20762936770916 0.040585409849882
79 0.24963773787022 0.2129282951355 0.036709446460009
80 0.2512469291687 0.21830859780312 0.032938342541456
81 0.25380086898804 0.22376948595047 0.030031390488148
82 0.25682735443115 0.22931057214737 0.027516776695848
83 0.26030832529068 0.23493173718452 0.025376580655575
84 0.26416680216789 0.24063305556774 0.023533741012216
85 0.26835787296295 0.24641473591328 0.021943150088191
86 0.27259790897369 0.25227710604668 0.020320780575275
87 0.27737507224083 0.25822067260742 0.019154399633408
88 0.28239047527313 0.2642460167408 0.01814447529614
89 0.28763210773468 0.27035382390022 0.017278309911489
90 0.29308751225471 0.27654510736465 0.01654240489006
91 0.29875382781029 0.28282138705254 0.015932446345687
92 0.30462172627449 0.28918501734734 0.015436724759638
93 0.31076604127884 0.29564064741135 0.015125392004848
94 0.3172519505024 0.30219918489456 0.015052745118737
95 0.32351848483086 0.3088900744915 0.014628400094807
96 0.33122611045837 0.31577903032303 0.015447084791958
97 0.33722072839737 0.32268089056015 0.014539855532348
98 0.34388130903244 0.32930156588554 0.014579731039703
99 0.35101249814034 0.33613577485085 0.014876725152135
100 0.35860151052475 0.34321215748787 0.015389352105558
101 0.36467856168747 0.35033243894577 0.014346129260957
102 0.37297561764717 0.35755774378777 0.015417884103954
103 0.38103559613228 0.36488318443298 0.016152411699295
104 0.38993844389915 0.37230768799782 0.017630748450756
105 0.39908364415169 0.37983161211014 0.019252024590969
106 0.40891963243484 0.38745611906052 0.021463505923748
107 0.41948983073235 0.39518302679062 0.024306822568178
108 0.43102565407753 0.40301442146301 0.028011258691549
109 0.44398880004883 0.41095289587975 0.033035904169083
110 0.45891937613487 0.4190017580986 0.039917625486851
111 0.48017913103104 0.42716509103775 0.053014028817415
112 0.49747654795647 0.43544855713844 0.062027972191572
113 0.52656674385071 0.4438601732254 0.082706578075886
114 0.56978183984756 0.45241248607635 0.11736939102411
115 0.64565634727478 0.46112695336342 0.18452939391136
116 0.78904831409454 0.4700440466404 0.31900426745415
117 1.1725413799286 0.47924634814262 0.69329500198364
118 2.7004663944244 0.48890468478203 2.2115619182587
119 5.8618249893188 0.49925893545151 5.3625659942627
120 1.6754482984543 0.50973862409592 1.1657096147537
121 0.97573781013489 0.5181650519371 0.45757278800011
122 0.76466035842896 0.52636522054672 0.23829509317875
123 0.6819720864296 0.53525841236115 0.14671367406845
124 0.65583062171936 0.54466253519058 0.1111681163311
125 0.62962990999222 0.55440729856491 0.075222611427307
126 0.62139505147934 0.56441020965576 0.056984875351191
127 0.61992126703262 0.57463991641998 0.045281376689672
128 0.62318176031113 0.58508157730103 0.03810016065836
129 0.62757635116577 0.59573256969452 0.031843792647123
130 0.63411176204681 0.60659462213516 0.027517164126039
131 0.64247143268585 0.61767685413361 0.024794572964311
132 0.65086418390274 0.62898677587509 0.021877398714423
133 0.66049385070801 0.6405354142189 0.019958447664976
134 0.67058849334717 0.65233540534973 0.018253123387694
135 0.68136447668076 0.6644012928009 0.016963163390756
136 0.69276082515717 0.67674958705902 0.016011223196983
137 0.70575541257858 0.68939864635468 0.016356790438294
138 0.71653324365616 0.70236903429031 0.014164258725941
139 0.72924149036407 0.71568387746811 0.013557576574385
140 0.74249285459518 0.72936922311783 0.013123625889421
141 0.75654488801956 0.74345409870148 0.013090784661472
142 0.77807193994522 0.75797128677368 0.020100645720959
143 0.78578764200211 0.77295786142349 0.012829774059355
144 0.80039668083191 0.78845518827438 0.011941488832235
145 0.82184225320816 0.80451166629791 0.017330585047603
146 0.83234435319901 0.82118093967438 0.011163395829499
147 0.84943616390228 0.83852475881577 0.010911403223872
148 0.86753225326538 0.85661381483078 0.010918435640633
149 0.88721615076065 0.8755294084549 0.01168674044311
150 0.90620857477188 0.89534175395966 0.010866807773709
151 0.92733711004257 0.91620820760727 0.011128883808851
152 0.94858664274216 0.93823051452637 0.010356138460338
153 0.97190934419632 0.96155673265457 0.010352618992329
154 1.0017994642258 0.98636096715927 0.015438458882272
155 1.0229402780533 1.0128488540649 0.010091315954924
156 1.0514868497849 1.0412647724152 0.010222049430013
157 1.0817060470581 1.0719004869461 9.8054828122258E-03
158 1.1148272752762 1.1051070690155 9.7202872857451E-03
159 1.1510028839111 1.141309261322 9.6935983747244E-03
160 1.1906872987747 1.1810255050659 9.6618020907044E-03
161 1.2345408201218 1.2248927354813 9.6480315551162E-03
162 1.2834060192108 1.2737009525299 9.7051383927464E-03
163 1.338219165802 1.3284382820129 9.780865162611E-03
164 1.4007188081741 1.390399813652 0.010318982414901
165 1.482513666153 1.4610924720764 0.021421240642667
166 1.5549792051315 1.542627453804 0.012351743876934
167 1.648069858551 1.6377149820328 0.010354932397604
168 1.7597974538803 1.7499622106552 9.8352506756783E-03
169 1.8939762115479 1.8842496871948 9.7265467047691E-03
170 2.0570411682129 2.0473070144653 9.7341034561396E-03
171 2.2584402561188 2.248607635498 9.8327305167913E-03
172 2.5116543769836 2.5018074512482 9.8469741642475E-03
173 2.8372313976288 2.8271329402924 0.010098541155457
174 3.265750169754 3.2554891109467 0.010261075571179
175 3.847775220871 3.8358283042908 0.011947102844715
176 4.6604933738708 4.6490054130554 0.011488155461848
177 5.845648765564 5.8352384567261 0.010410289280117
178 7.6618056297302 7.6517510414124 0.010054729878902
179 10.610800743103 10.60077381134 0.010027043521404
180 15.734996795654 15.723751068115 0.0112459436059
181 25.2396068573 25.229522705078 0.010083744302392
182 43.040542602539 43.030330657959 0.010211781598628
183 68.029205322266 68.018592834473 0.010616292245686
184 59.720489501953 59.706226348877 0.014263335615396
185 36.358329772949 36.344585418701 0.013741562142968
186 22.163896560669 22.153293609619 0.010602723807096
187 14.560658454895 14.550109863281 0.010548246093094
188 10.32156085968 10.311232566833 0.010328580625355
189 7.7955203056335 7.7851343154907 0.010385979898274
190 6.1943259239197 6.1838841438293 0.010441796854138
191 5.1264095306396 5.1158633232117 0.010546530596912
192 4.3856749534607 4.3749356269836 0.010739343240857
193 3.8590152263641 3.8471896648407 0.011825693771243
194 3.4718377590179 3.4602818489075 0.01155580766499
195 3.162535905838 3.147157907486 0.015377985313535
196 2.9171824455261 2.9043793678284 0.01280299667269
197 2.7288753986359 2.7175533771515 0.011322037316859
198 2.5832052230835 2.5721378326416 0.011067349463701
199 2.4706346988678 2.459005355835 0.011629150249064
200 2.3854458332062 2.3735799789429 0.01186584122479
201 2.3306572437286 2.3165304660797 0.014126709662378
202 2.3084015846252 2.2968349456787 0.011566764675081
203 2.3320689201355 2.3206450939178 0.011423652991652
204 2.2755646705627 2.2643654346466 0.011199150234461
205 2.168384552002 2.1570539474487 0.011330598965287
206 2.1020383834839 2.088743686676 0.013294656760991
207 2.0577178001404 2.0459272861481 0.01179052144289
208 2.0298492908478 2.0169110298157 0.01293823774904
209 2.0113091468811 1.9963037967682 0.01500532310456
210 1.9931972026825 1.9807857275009 0.012411558069289
211 1.9841850996017 1.969632267952 0.014552774839103
212 1.9737694263458 1.9619139432907 0.01185552123934
213 1.9688981771469 1.9569735527039 0.011924612335861
214 1.9667856693268 1.9543590545654 0.012426603585482
215 1.9869309663773 1.9537402391434 0.033190775662661
216 1.967135310173 1.9548610448837 0.01227427367121
217 1.9696269035339 1.957515835762 0.012111066840589
218 1.9738173484802 1.9615353345871 0.012282054871321
219 1.9789335727692 1.9667785167694 0.012155130505562
220 1.9853364229202 1.9731256961823 0.012210794724524
221 1.9928023815155 1.9804750680923 0.012327367439866
222 2.0012435913086 1.9887783527374 0.012465158477426
223 2.0105626583099 1.9978816509247 0.012680954299867
224 2.0194671154022 2.0064153671265 0.013051744550467
225 2.0312025547028 2.0171191692352 0.014083312824368
226 2.0529778003693 2.0284762382507 0.024501368403435
227 2.0549674034119 2.0404467582703 0.014520742930472
228 2.0667226314545 2.0529975891113 0.013725148513913
229 2.0804090499878 2.0661058425903 0.014303421601653
230 2.0948543548584 2.0797686576843 0.015085503458977
231 2.1173553466797 2.094043970108 0.023311417549849
232 2.126038312912 2.1091890335083 0.016849279403687
233 2.14501953125 2.1250424385071 0.019977128133178
234 2.1876249313354 2.1395568847656 0.048068109899759
235 2.1773376464844 2.1547532081604 0.022584307938814
236 2.1923747062683 2.1706984043121 0.021676195785403
237 2.229208946228 2.1871333122253 0.042075507342815
238 2.2218241691589 2.2039730548859 0.017850963398814
239 2.2750587463379 2.2211830615997 0.053875736892223
240 2.2548177242279 2.2387435436249 0.016074046492577
241 2.2728164196014 2.2566440105438 0.016172321513295
242 2.3004636764526 2.2748739719391 0.025589779019356
243 2.3176116943359 2.2934265136719 0.024185284972191
244 2.3333604335785 2.3122956752777 0.021064665168524
245 2.3472173213959 2.3314759731293 0.01574144884944
246 2.3662190437317 2.3509633541107 0.015255785547197
247 2.387603521347 2.3707547187805 0.016848793253303
248 2.4271137714386 2.3908476829529 0.036266051232815
249 2.4331288337708 2.4112401008606 0.021888894960284
250 2.4579036235809 2.4319305419922 0.025973094627261
251 2.473443031311 2.4529185295105 0.02052447758615
252 2.4902813434601 2.4742035865784 0.016077686101198
253 2.5112853050232 2.495786190033 0.015498954802752
254 2.5329225063324 2.5176675319672 0.015254960395396
255 2.5550661087036 2.5398483276367 0.015217679552734
256 2.5776355266571 2.562331199646 0.015304429456592
257 2.6009995937347 2.5851180553436 0.015881605446339
258 2.6284530162811 2.6082117557526 0.020241102203727
259 2.6572971343994 2.6316163539886 0.025680981576443
260 2.6716430187225 2.655335187912 0.016307853162289
261 2.6955645084381 2.6793730258942 0.016191525384784
262 2.7207157611847 2.7037312984467 0.016984347254038
263 2.753310918808 2.7284233570099 0.024887569248676
264 2.7743449211121 2.7535364627838 0.020808320492506
265 2.8030798435211 2.7789080142975 0.024171881377697
266 2.8216826915741 2.804630279541 0.0170524045825
267 2.8554880619049 2.8307113647461 0.024776626378298
268 2.8745908737183 2.8571665287018 0.017424257472157
269 2.9006686210632 2.8839948177338 0.016673700883985
270 2.9278843402863 2.9112133979797 0.016670886427164
271 2.9565389156342 2.9388358592987 0.017703022807837
272 2.9852573871613 2.9668850898743 0.018372258171439
273 3.0631115436554 2.9953937530518 0.067717991769314
274 3.0454638004303 3.0242629051208 0.021200919523835
275 3.0746805667877 3.0535984039307 0.021082310006022
276 3.104918718338 3.083434343338 0.021484479308128
277 3.1439728736877 3.1137747764587 0.03019817173481
278 3.162994146347 3.1446385383606 0.018355494365096
279 3.1950628757477 3.1760497093201 0.01901326328516
280 3.2263832092285 3.2080345153809 0.018348665907979
281 3.2613894939423 3.2406232357025 0.02076630666852
282 3.291862487793 3.2738406658173 0.01802191324532
283 3.3291246891022 3.3077394962311 0.021385379135609
284 3.360919713974 3.3423523902893 0.018567366525531
285 3.3978145122528 3.3777251243591 0.020089339464903
286 3.4814968109131 3.4139218330383 0.067574813961983
287 3.4746606349945 3.4509742259979 0.023686395958066
288 3.510351896286 3.4889590740204 0.021392690017819
289 3.6279907226563 3.5279500484467 0.10004077106714
290 3.5880007743835 3.5680305957794 0.019970221444964
291 3.6354601383209 3.6092970371246 0.026163298636675
292 3.6715981960297 3.6518633365631 0.019734801724553
293 3.7282037734985 3.6958751678467 0.032328758388758
294 3.761967420578 3.7416164875031 0.020350906997919
295 3.8088092803955 3.7891311645508 0.019678192213178
296 3.8578307628632 3.8379724025726 0.019858364015818
297 3.9107165336609 3.8891506195068 0.021565737202764
298 3.9691936969757 3.9428870677948 0.026306657120585
299 4.025890827179 3.9993562698364 0.026534711942077
300 4.0835375785828 4.0587830543518 0.024754570797086
301 4.1537942886353 4.1218609809875 0.031933270394802
302 4.2212653160095 4.1894469261169 0.031818423420191
303 4.3024005889893 4.2615218162537 0.040878817439079
304 4.3610515594482 4.3392696380615 0.021782102063298
305 4.444447517395 4.4237513542175 0.020696440711617
306 4.5363416671753 4.516309261322 0.020032031461596
307 4.6387853622437 4.618661403656 0.020123852416873
308 4.753306388855 4.7330331802368 0.020273312926292
309 4.8830795288086 4.8623538017273 0.020725760608912
310 5.041446685791 5.0105385780334 0.030908217653632
311 5.203896522522 5.182918548584 0.020977675914764
312 5.40776014328 5.386905670166 0.020854050293565
313 5.6542677879333 5.6330518722534 0.02121633477509
314 5.9586763381958 5.9368009567261 0.02187548391521
315 6.3458876609802 6.3214998245239 0.024387529119849
316 6.8609142303467 6.8238911628723 0.037023164331913
317 7.5340805053711 7.5046186447144 0.029461767524481
318 8.493070602417 8.4703235626221 0.02274621091783
319 9.9468202590942 9.9231805801392 0.023639583960176
320 12.292949676514 12.265338897705 0.027611287310719
321 16.098470687866 16.07543182373 0.023038925603032
322 21.62286567688 21.600566864014 0.02229799516499
323 32.317123413086 32.294384002686 0.022738721221685
324 53.784526824951 53.760971069336 0.023555664345622
325 81.850547790527 81.82544708252 0.025102201849222
326 63.437980651855 63.406898498535 0.031084954738617
327 38.076164245605 37.985023498535 0.091143898665905
328 24.27184677124 24.244319915771 0.027526373043656
329 17.25989151001 17.235326766968 0.024565240368247
330 13.444945335388 13.421503067017 0.023441933095455
331 11.212471961975 11.188239097595 0.024233277887106
332 9.8272361755371 9.7987947463989 0.028441295027733
333 8.9463405609131 8.8940668106079 0.052274122834206
334 8.3113965988159 8.2861652374268 0.025230698287487
335 7.8980102539063 7.870728969574 0.027281180024147
336 7.6094646453857 7.5851702690125 0.024294355884194
337 7.4077081680298 7.3836102485657 0.024097871035337
338 7.2686285972595 7.2445158958435 0.024112965911627
339 7.1811022758484 7.156792640686 0.02430964820087
340 7.1336402893066 7.1090612411499 0.024579228833318
341 7.1176562309265 7.0927338600159 0.024922359734774
342 7.1269073486328 7.1011271476746 0.025780415162444
343 7.1662812232971 7.1328015327454 0.033479861915112
344 7.2113251686096 7.1838607788086 0.027464088052511
345 7.2858662605286 7.2525320053101 0.033334154635668
346 7.3659977912903 7.3377666473389 0.028231348842382
347 7.4662928581238 7.4390525817871 0.027240078896284
348 7.5835962295532 7.5563297271729 0.027266712859273
349 7.7179746627808 7.6899542808533 0.028020590543747
350 7.8703880310059 7.8406782150269 0.029710037633777
351 8.0437698364258 8.009651184082 0.034118808805943
352 8.2497053146362 8.198450088501 0.051255870610476
353 8.4628429412842 8.4091205596924 0.053723067045212
354 8.6766014099121 8.6441564559937 0.032444998621941
355 9.0022878646851 8.9069976806641 0.09529036283493
356 9.2343215942383 9.2015600204468 0.032760966569185
357 9.5699548721313 9.5328330993652 0.037122152745724
358 9.9622030258179 9.9070196151733 0.055183943361044
359 10.430660247803 10.331874847412 0.098785206675529
360 10.858679771423 10.81715965271 0.04152000695467
361 11.415694236755 11.375260353088 0.040433533489704
362 12.065680503845 12.022055625916 0.043624710291624
363 12.830693244934 12.778138160706 0.052555043250322
364 13.744691848755 13.670565605164 0.074126459658146
365 14.822211265564 14.735419273376 0.086791798472404
366 16.13924407959 16.021585464478 0.11765799671412
367 17.841148376465 17.596752166748 0.24439708888531
368 20.293142318726 19.556303024292 0.73683929443359
369 22.784456253052 22.038276672363 0.74617993831635
370 25.478776931763 25.248003005981 0.2307750582695
371 29.708581924438 29.500953674316 0.20762848854065
372 35.378700256348 35.300426483154 0.0782720297575
373 43.546123504639 43.485607147217 0.060515116900206
374 55.583343505859 55.530361175537 0.052981667220592
375 74.261741638184 74.185722351074 0.076022297143936
376 105.01105499268 104.95539093018 0.055669035762548
377 159.70866394043 159.65620422363 0.052468772977591
378 264.66857910156 264.61096191406 0.057614803314209
379 469.09698486328 469.05126953125 0.045724637806416
380 748.24627685547 748.20977783203 0.036555528640747
381 588.275390625 588.23986816406 0.035519581288099
382 336.93487548828 336.89974975586 0.035122763365507
383 199.00772094727 198.97300720215 0.034718845039606
384 128.20782470703 128.17309570313 0.034733142703772
385 89.512191772461 89.477111816406 0.035077445209026
386 66.666534423828 66.630332946777 0.036195889115334
387 52.202758789063 52.146263122559 0.056493826210499
388 42.618835449219 42.581825256348 0.037013173103333
389 36.166107177734 36.129936218262 0.036171555519104
390 31.789339065552 31.753211975098 0.036126296967268
391 28.237113952637 28.199800491333 0.037313718348742
392 25.001996994019 24.95923614502 0.04276018217206
393 22.543645858765 22.491058349609 0.052587818354368
394 20.670993804932 20.631650924683 0.039342608302832
395 19.245718002319 19.195970535278 0.049747213721275
396 18.102951049805 18.059272766113 0.043679729104042
397 17.227403640747 17.151592254639 0.07581203430891
398 16.459297180176 16.416343688965 0.042954843491316
399 15.862951278687 15.817039489746 0.04591216519475
400 15.420408248901 15.327055931091 0.093352548778057
401 15.015652656555 14.926448822021 0.089203648269176
402 14.708503723145 14.60000705719 0.10849602520466
403 14.405659675598 14.335947990417 0.069712519645691
404 14.178883552551 14.125037193298 0.053846515715122
405 14.011236190796 13.959980964661 0.051255352795124
406 13.886362075806 13.834981918335 0.05137998983264
407 13.800356864929 13.745420455933 0.054935969412327
408 13.765114784241 13.687746047974 0.077368699014187
409 13.72397518158 13.658800125122 0.065175548195839
410 13.706317901611 13.643677711487 0.062640279531479
411 13.734066963196 13.667294502258 0.066772915422916
412 13.787732124329 13.714324951172 0.073406487703323
413 13.914199829102 13.783946990967 0.13025268912315
414 14.007592201233 13.875719070435 0.13187336921692
415 14.100026130676 13.989566802979 0.11045905947685
416 14.243076324463 14.12476348877 0.11831237375736
417 14.424860954285 14.284086227417 0.14077493548393
418 14.641405105591 14.467535972595 0.17386867105961
419 14.903314590454 14.676664352417 0.22665022313595
420 15.22876739502 14.91334438324 0.3154225051403
421 15.659439086914 15.18074131012 0.47869816422462
422 16.297866821289 15.48215007782 0.81571763753891
423 17.546628952026 15.822113990784 1.7245154380798
424 21.408369064331 16.206611633301 5.2017579078674
425 29.630922317505 16.642395019531 12.988526344299
426 20.082269668579 17.138599395752 2.9436709880829
427 18.92014503479 17.709074020386 1.2110694646835
428 19.014911651611 18.370597839355 0.64431363344193
429 19.575210571289 19.146574020386 0.4286367893219
430 20.365800857544 20.070363998413 0.29543653130531
431 21.408060073853 21.191301345825 0.21675750613213
432 22.754024505615 22.586488723755 0.16753666102886
433 24.522758483887 24.384338378906 0.13842134177685
434 26.93895149231 26.820428848267 0.11852208524942
435 30.487203598022 30.382911682129 0.10429130494595
436 36.342102050781 36.247219085693 0.094882674515247
437 47.338088989258 47.239707946777 0.098380111157894
438 66.091484069824 66.003997802734 0.087487772107124
439 96.250099182129 96.17253112793 0.077569045126438
440 82.745407104492 82.671310424805 0.074099361896515
441 72.016990661621 71.91455078125 0.10244213789701
442 79.100395202637 78.987602233887 0.11279497295618
443 100.14693450928 100.08118438721 0.065750479698181
444 126.24716186523 126.18696594238 0.060194790363312
445 182.29699707031 182.23156738281 0.065430887043476
446 301.82141113281 301.74526977539 0.076130695641041
447 545.93768310547 545.87707519531 0.060608699917793
448 823.09918212891 823.03936767578 0.059859413653612
449 551.05578613281 550.927734375 0.12805433571339
450 306.05236816406 305.99655151367 0.055810160934925
451 183.92422485352 183.86770629883 0.056522868573666
452 122.89656829834 122.83171844482 0.06485553830862
453 89.691360473633 89.634689331055 0.056672129780054
454 70.101806640625 70.048408508301 0.053400047123432
455 57.766807556152 57.712596893311 0.054211642593145
456 49.596534729004 49.544563293457 0.051973976194859
457 43.998477935791 43.930881500244 0.067593574523926
458 40.025657653809 39.970237731934 0.055419269949198
459 37.183311462402 37.131847381592 0.051465138792992
460 35.149543762207 35.09700012207 0.052546571940184
461 33.708240509033 33.651226043701 0.057013064622879
462 32.742511749268 32.673774719238 0.068735219538212
463 32.188690185547 32.078033447266 0.11065702885389
464 31.896713256836 31.811800003052 0.08491413295269
465 31.969484329224 31.911138534546 0.058345280587673
466 32.519626617432 32.455158233643 0.064466297626495
467 33.720516204834 33.639072418213 0.081441126763821
468 36.044399261475 35.94849395752 0.095906510949135
469 40.755035400391 40.638385772705 0.11664628982544
470 50.58557510376 50.507514953613 0.078060030937195
471 62.476894378662 62.111995697021 0.36489561200142
472 60.59183883667 60.521549224854 0.070289708673954
473 72.125419616699 71.965522766113 0.15989477932453
474 106.14161682129 106.07317352295 0.068440973758698
475 121.77975463867 121.70805358887 0.071699902415276
476 80.537330627441 80.196769714355 0.34056550264359
477 56.769237518311 56.677867889404 0.091372668743134
478 46.333072662354 46.248569488525 0.084502004086971
479 41.471775054932 41.377075195312 0.094698905944824
480 39.158397674561 38.999374389648 0.15902145206928
481 38.095016479492 37.892009735107 0.20300869643688
482 37.695240020752 37.530250549316 0.16498890519142
483 37.889778137207 37.690383911133 0.19939659535885
484 38.623275756836 38.330509185791 0.29276740550995
485 40.07287979126 39.549247741699 0.52363431453705
486 43.008800506592 41.758544921875 1.250254034996
487 51.355003356934 45.933429718018 5.421573638916
488 55.137062072754 52.832473754883 2.3045871257782
489 54.319053649902 53.534820556641 0.78423154354095
490 48.575736999512 48.186046600342 0.38968858122826
491 45.753757476807 45.512020111084 0.24173630774021
492 44.905067443848 44.732219696045 0.17284701764584
493 44.994449615479 44.861068725586 0.1333821117878
494 45.566806793213 45.455638885498 0.11116939038038
495 46.424709320068 46.325477600098 0.099233016371727
496 47.507766723633 47.384227752686 0.12353830784559
497 48.729907989502 48.591602325439 0.13830465078354
498 50.015190124512 49.930767059326 0.084421463310719
499 51.490924835205 51.39529800415 0.095625475049019
500 53.072944641113 52.999904632568 0.073042392730713
501 54.864284515381 54.793239593506 0.071043536067009
502 57.011306762695 56.9372215271 0.074082471430302
503 60.001804351807 59.933750152588 0.068052895367146
504 62.354785919189 62.292984008789 0.061802729964256
505 63.411327362061 63.347988128662 0.063338108360767
506 65.0283203125 64.96809387207 0.060226384550333
507 67.230644226074 67.163024902344 0.067615129053593
508 69.765098571777 69.651512145996 0.11358850449324
509 72.406372070313 72.322067260742 0.08431002497673
510 75.269012451172 75.21125793457 0.057756081223488
511 78.3759765625 78.320617675781 0.05536375194788
512 81.721458435059 81.666816711426 0.054640650749207
513 85.303901672363 85.249702453613 0.054198250174522
514 89.155143737793 89.100067138672 0.055075611919165
515 93.371116638184 93.242393493652 0.12872087955475
516 97.763008117676 97.706275939941 0.056732445955276
517 102.58185577393 102.51161193848 0.070248208940029
518 107.77406311035 107.71286010742 0.061209205538034
519 113.42984771729 113.36795806885 0.061889089643955
520 119.72090148926 119.54570770264 0.17518930137157
521 126.15273284912 126.08299255371 0.069739557802677
522 133.41757202148 133.21539306641 0.20219387114048
523 141.15556335449 141.04306030273 0.11250987648964
524 149.68873596191 149.6231842041 0.065546117722988
525 159.10307312012 159.0450592041 0.058023247867823
526 169.45324707031 169.39567565918 0.057578448206186
527 180.88352966309 180.81796264648 0.065567225217819
528 193.52227783203 193.46322631836 0.059057638049126
529 207.56573486328 207.50732421875 0.05839654058218
530 223.22120666504 223.16296386719 0.058235958218575
531 240.75677490234 240.69145202637 0.065325208008289
532 260.42492675781 260.37078857422 0.054113291203976
533 282.61148071289 282.55618286133 0.055282492190599
534 309.34020996094 309.27047729492 0.069731146097183
535 338.3173828125 338.25769042969 0.059683982282877
536 371.62313842773 371.56298828125 0.060165099799633
537 410.15234375 410.09625244141 0.056093793362379
538 454.8122253418 454.7555847168 0.056654620915651
539 507.15948486328 507.08828735352 0.071195259690285
540 569.17791748047 569.11486816406 0.063076436519623
541 643.3828125 643.32482910156 0.058015525341034
542 733.19537353516 733.13940429687 0.055949445813894
543 843.41143798828 843.35424804688 0.057183127850294
544 980.95330810547 980.89324951172 0.060065478086472
545 1.1562008056641E+03 1.1560926513672E+03 0.10817494988441
546 1.3844278564453E+03 1.3843704833984E+03 0.057336002588272
547 1.6839443359375E+03 1.6838878173828E+03 0.056529670953751
548 2.067642578125E+03 2.0675852050781E+03 0.057556115090847
549 2.5457468261719E+03 2.5456647949219E+03 0.082105547189713
550 3.2428325195312E+03 3.2427678222656E+03 0.064558580517769
551 4.2936254882812E+03 4.2932099609375E+03 0.41557046771049
552 5.9329658203125E+03 5.9328940429687E+03 0.072171181440353
553 8.62394140625E+03 8.623873046875E+03 0.068031348288059
554 1.3337696289062E+04 1.333763671875E+04 0.059426415711641
555 2.1957080078125E+04 2.1957021484375E+04 0.058257628232241
556 3.66550078125E+04 3.665494921875E+04 0.05786132439971
557 4.920944140625E+04 4.92093828125E+04 0.061223905533552
558 3.472633984375E+04 3.472627734375E+04 0.061547104269266
559 2.0845517578125E+04 2.0845453125E+04 0.063939772546291
560 1.2835047851562E+04 1.283498046875E+04 0.067079678177834
561 8.4163837890625E+03 8.41632421875E+03 0.05959291011095
562 5.8589658203125E+03 5.8589067382812E+03 0.059007745236158
563 4.2845346679688E+03 4.2844741210937E+03 0.060991823673248
564 3.2591459960937E+03 3.2590825195313E+03 0.063390582799911
565 2.558814453125E+03 2.5587426757813E+03 0.071891032159328
566 2.0612802734375E+03 2.061142578125E+03 0.13768655061722
567 1.6959447021484E+03 1.6957843017578E+03 0.16040572524071
568 1.4201108398438E+03 1.42003515625E+03 0.075662240386009
569 1.2070831298828E+03 1.2070118408203E+03 0.071294844150543
570 1.0392941894531E+03 1.0391369628906E+03 0.15717667341232
571 905.51879882813 904.55065917969 0.96815037727356
572 795.09997558594 795.02789306641 0.072082571685314
573 704.83441162109 704.72595214844 0.10849894583225
574 628.99822998047 628.92694091797 0.071270801126957
575 565.55621337891 565.48510742187 0.071101762354374
576 511.60974121094 511.52920532227 0.080535173416138
577 465.34759521484 465.26159667969 0.085976995527744
578 425.36239624023 425.28732299805 0.07508085668087
579 390.57403564453 390.5071105957 0.066942781209946
580 360.13073730469 360.06661987305 0.06412835419178
581 333.341796875 333.27416992187 0.067636519670486
582 309.64450073242 309.49978637695 0.14472453296185
583 288.51010131836 288.43112182617 0.078974388539791
584 269.68588256836 269.61938476563 0.066485092043877
585 252.81767272949 252.75473022461 0.06293011456728
586 237.64091491699 237.57913208008 0.061777133494616
587 223.93827819824 223.87615966797 0.06212617084384
588 211.52604675293 211.4634552002 0.062596797943115
589 200.25390625 200.18646240234 0.067429333925247
590 189.98468017578 189.91369628906 0.070985905826092
591 180.68151855469 180.53295898437 0.14856907725334
592 172.02117919922 171.94874572754 0.072423011064529
593 164.16065979004 164.08128356934 0.079372987151146
594 156.93479919434 156.86581420898 0.068992041051388
595 150.39706420898 150.21803283691 0.17903673648834
596 144.09429931641 144.02708435059 0.067210473120213
597 138.40913391113 138.34399414062 0.065138570964336
598 133.17034912109 133.10559082031 0.064757831394672
599 128.33711242676 128.27099609375 0.066114492714405
600 123.87841796875 123.80842590332 0.069997861981392
