1 3.8193855434656E-03 1.2622603208001E-05 3.8067628629506E-03
2 4.1297804564238E-03 5.0735467084451E-05 4.0790447965264E-03
3 4.2745228856802E-03 1.1517985694809E-04 4.1593429632485E-03
4 4.425248131156E-03 2.0781357306987E-04 4.2174346745014E-03
5 4.6091619879007E-03 3.3197994343936E-04 4.277182277292E-03
6 4.831172991544E-03 4.8629657248966E-04 4.3448763899505E-03
7 5.0896760076284E-03 6.6667416831478E-04 4.423001781106E-03
8 5.3978101350367E-03 8.8471709750593E-04 4.5130932703614E-03
9 5.7679698802531E-03 1.1484760325402E-03 4.6194940805435E-03
10 6.2070130370557E-03 1.467362861149E-03 4.7396500594914E-03
11 6.7450827918947E-03 1.8557684961706E-03 4.8893145285547E-03
12 7.3452340438962E-03 2.3374722804874E-03 5.0077619962394E-03
13 8.1151453778148E-03 2.9464936815202E-03 5.1686521619558E-03
14 9.0825846418738E-03 3.734527155757E-03 5.3480579517782E-03
15 0.010356125421822 4.7972830943763E-03 5.5588418617845E-03
16 0.012091308832169 6.3206241466105E-03 5.7706851512194E-03
17 0.014648946933448 8.6480379104614E-03 6.0009090229869E-03
18 0.018754402175546 0.012488367035985 6.2660351395607E-03
19 0.025975974276662 0.019422478973866 6.5534953027964E-03
20 0.040019437670708 0.033151112496853 6.8683256395161E-03
21 0.068505726754665 0.061291959136724 7.2137699462473E-03
22 0.11132936924696 0.10373643040657 7.5929365120828E-03
23 0.10116846114397 0.093157045543194 8.0114156007767E-03
24 0.068899936974049 0.060425236821175 8.4747020155191E-03
25 0.049584247171879 0.040608756244183 8.9754918590188E-03
26 0.039575271308422 0.030054360628128 9.5209116116166E-03
27 0.034377012401819 0.024251591414213 0.010125421918929
28 0.03170970454812 0.020909875631332 0.010799827985466
29 0.03059265948832 0.018932001665235 0.011660658754408
30 0.030379295349121 0.017765017226338 0.012614278122783
31 0.030413534492254 0.017111577093601 0.01330195646733
32 0.031111177057028 0.016801733523607 0.014309443533421
33 0.03219136223197 0.016733050346375 0.015458310954273
34 0.03351916000247 0.01684090308845 0.016678255051374
35 0.035223346203566 0.017082907259464 0.018140440806746
36 0.036825269460678 0.017431700602174 0.019393566995859
37 0.038848381489515 0.017864529043436 0.020983852446079
38 0.04118661954999 0.01836965046823 0.022816970944405
39 0.044152837246656 0.018934104591608 0.025218730792403
40 0.047872636467218 0.019551411271095 0.028321223333478
41 0.051920235157013 0.020215280354023 0.03170495480299
42 0.058127790689468 0.020921314135194 0.03720647841692
43 0.063943058252335 0.021665947511792 0.042277112603188
44 0.071201451122761 0.022445810958743 0.048755642026663
45 0.079603046178818 0.023259785026312 0.056343261152506
46 0.089999191462994 0.024105500429869 0.065893694758415
47 0.10312724858522 0.024981496855617 0.078145757317543
48 0.12025287747383 0.02588658221066 0.094366297125816
49 0.14350511133671 0.026819784194231 0.11668532341719
50 0.17738325893879 0.027780301868916 0.14960296452045
51 0.23526719212532 0.028767485171556 0.20649971067905
52 0.36308485269547 0.029780805110931 0.33330404758453
53 0.70379650592804 0.030819838866591 0.67297667264938
54 1.6407281160355 0.031884267926216 1.6088439226151
55 3.8529992103577 0.032973863184452 3.8200254440308
56 8.8931121826172 0.034088507294655 8.8590240478516
57 18.439931869507 0.035228200256824 18.404703140259
58 18.55027961731 0.03639329969883 18.513885498047
59 22.744161605835 0.037583895027637 22.706577301025
60 23.649724960327 0.038800954818726 23.61092376709
61 24.315078735352 0.040045995265245 24.275032043457
62 21.6474609375 0.04132217168808 21.60613822937
63 24.126956939697 0.042634498327971 24.084323883057
64 7.0203800201416 0.043994929641485 6.9763851165771
65 2.9108011722565 0.045428905636072 2.8653721809387
66 1.2078596353531 0.046990174800158 1.1608694791794
67 0.56931191682816 0.048731084913015 0.52058082818985
68 0.33944129943848 0.05033939704299 0.2891018986702
69 0.2463444173336 0.051422748714685 0.19492165744305
70 0.19912581145763 0.052561014890671 0.14656479656696
71 0.1703505218029 0.05385760217905 0.11649292707443
72 0.15067933499813 0.05525429546833 0.0954250395298
73 0.13662071526051 0.056712705641985 0.079908013343811
74 0.12632074952126 0.058215066790581 0.068105690181255
75 0.11869592964649 0.059751644730568 0.058944281190634
76 0.11306399106979 0.061318028718233 0.051745962351561
77 0.1086870059371 0.062912777066231 0.045774225145578
78 0.10511943697929 0.064534023404121 0.040585409849882
79 0.10289045423269 0.066181004047394 0.036709446460009
80 0.10079161822796 0.067853279411793 0.032938342541456
81 0.099581986665726 0.069550596177578 0.030031390488148
82 0.098789617419243 0.07127284258604 0.027516776695848
83 0.098396554589272 0.073019973933697 0.025376580655575
84 0.09832575917244 0.074792020022869 0.023533741012216
85 0.098532199859619 0.076589047908783 0.021943150088191
86 0.098731935024261 0.078411154448986 0.020320780575275
87 0.099412888288498 0.08025848865509 0.019154399633408
88 0.10027572512627 0.082131251692772 0.01814447529614
89 0.10130795091391 0.084029637277126 0.017278309911489
90 0.10249638557434 0.08595398068428 0.01654240489006
91 0.1038371771574 0.08790472894907 0.015932446345687
92 0.10531935095787 0.089882627129555 0.015436724759638
93 0.10701452195644 0.091889135539532 0.015125392004848
94 0.10898035764694 0.09392761439085 0.015052745118737
95 0.11063563078642 0.096007235348225 0.014628400094807
96 0.11359550058842 0.098148413002491 0.015447084791958
97 0.11483345925808 0.1002936065197 0.014539855532348
98 0.11693113297224 0.10235140472651 0.014579731039703
99 0.11935228854418 0.10447556525469 0.014876725152135
100 0.12206435203552 0.10667500644922 0.015389352105558
101 0.12323421239853 0.10888808220625 0.014346129260957
102 0.12655168771744 0.11113380640745 0.015417884103954
103 0.1295630633831 0.11341065168381 0.016152411699295
104 0.13334903120995 0.11571829020977 0.017630748450756
105 0.13730885088444 0.11805682629347 0.019252024590969
106 0.14189012348652 0.12042662501335 0.021463505923748
107 0.14713507890701 0.12282825261354 0.024306822568178
108 0.15327361226082 0.12526234984398 0.028011258691549
109 0.16076564788818 0.1277297437191 0.033035904169083
110 0.17014905810356 0.13023144006729 0.039917625486851
111 0.18578274548054 0.13276872038841 0.053014028817415
112 0.19737130403519 0.13534332811832 0.062027972191572
113 0.22066435217857 0.13795776665211 0.082706578075886
114 0.25798532366753 0.14061594009399 0.11736939102411
115 0.32785391807556 0.1433245241642 0.18452939391136
116 0.46510034799576 0.14609608054161 0.31900426745415
117 0.84225124120712 0.14895628392696 0.69329500198364
118 2.3635199069977 0.15195821225643 2.2115619182587
119 5.5177426338196 0.15517646074295 5.3625659942627
120 1.324143409729 0.15843367576599 1.1657096147537
121 0.61862552165985 0.16105273365974 0.45757278800011
122 0.40189656615257 0.16360147297382 0.23829509317875
123 0.31307926774025 0.16636557877064 0.14671367406845
124 0.28045663237572 0.16928850114346 0.1111681163311
125 0.24753993749619 0.17231732606888 0.075222611427307
126 0.23241123557091 0.17542636394501 0.056984875351191
127 0.22388726472855 0.17860589921474 0.045281376689672
128 0.2199514657259 0.18185131251812 0.03810016065836
129 0.21700556576252 0.18516176939011 0.031843792647123
130 0.21605502068996 0.18853785097599 0.027517164126039
131 0.21677693724632 0.19198235869408 0.024794572964311
132 0.21737504005432 0.19549764692783 0.021877398714423
133 0.21904554963112 0.19908709824085 0.019958447664976
134 0.22100782394409 0.20275470614433 0.018253123387694
135 0.22346812486649 0.20650495588779 0.016963163390756
136 0.22635419666767 0.21034297347069 0.016011223196983
137 0.23063124716282 0.21427445113659 0.016356790438294
138 0.23247009515762 0.21830582618713 0.014164258725941
139 0.23600186407566 0.22244428098202 0.013557576574385
140 0.23982149362564 0.22669786214828 0.013123625889421
141 0.24416641891003 0.23107562959194 0.013090784661472
142 0.25568842887878 0.23558777570724 0.020100645720959
143 0.25307556986809 0.24024580419064 0.012829774059355
144 0.25700408220291 0.24506257474422 0.011941488832235
145 0.26738375425339 0.25005316734314 0.017330585047603
146 0.26639759540558 0.25523421168327 0.011163395829499
147 0.2715362906456 0.26062488555908 0.010911403223872
148 0.27716565132141 0.26624721288681 0.010918435640633
149 0.28381317853928 0.27212643623352 0.01168674044311
150 0.28915119171143 0.2782843708992 0.010866807773709
151 0.29589885473251 0.28476995229721 0.011128883808851
152 0.30197092890739 0.29161477088928 0.010356138460338
153 0.30921751260757 0.29886490106583 0.010352618992329
154 0.32201284170151 0.30657440423965 0.015438458882272
155 0.32489851117134 0.31480720639229 0.010091315954924
156 0.33386129140854 0.32363924384117 0.010222049430013
157 0.34296673536301 0.33316123485565 9.8054828122258E-03
158 0.35320258140564 0.34348228573799 9.7202872857451E-03
159 0.36442804336548 0.35473442077637 9.6935983747244E-03
160 0.37674057483673 0.36707878112793 9.6618020907044E-03
161 0.39036133885384 0.38071331381798 9.6480315551162E-03
162 0.40558868646622 0.39588356018066 9.7051383927464E-03
163 0.42267754673958 0.41289666295052 9.780865162611E-03
164 0.4424741268158 0.4321551322937 0.010318982414901
165 0.47554862499237 0.45412737131119 0.021421240642667
166 0.49182131886482 0.47946959733963 0.012351743876934
167 0.51937901973724 0.50902408361435 0.010354932397604
168 0.55374729633331 0.54391205310822 9.8352506756783E-03
169 0.59537696838379 0.58565038442612 9.7265467047691E-03
170 0.64606493711472 0.6363308429718 9.7341034561396E-03
171 0.7087305188179 0.69889777898788 9.8327305167913E-03
172 0.78744268417358 0.77759569883347 9.8469741642475E-03
173 0.88880985975266 0.87871134281158 0.010098541155457
174 1.0221112966537 1.0118502378464 0.010261075571179
175 1.2041746377945 1.1922274827957 0.011947102844715
176 1.4564621448517 1.4449739456177 0.011488155461848
177 1.824081659317 1.8136713504791 0.010410289280117
178 2.3883228302002 2.3782682418823 0.010054729878902
179 3.3048915863037 3.294864654541 0.010027043521404
180 4.898401260376 4.8871555328369 0.0112459436059
181 7.8517618179321 7.8416781425476 0.010083744302392
182 13.384622573853 13.374410629272 0.010211781598628
183 21.151718139648 21.141101837158 0.010616292245686
184 18.571769714355 18.557506561279 0.014263335615396
185 11.310132980347 11.296391487122 0.013741562142968
186 6.8961477279663 6.8855447769165 0.010602723807096
187 4.532919883728 4.5223717689514 0.010548246093094
188 3.2151997089386 3.2048711776733 0.010328580625355
189 2.4301116466522 2.4197256565094 0.010385979898274
190 1.9324769973755 1.9220352172852 0.010441796854138
191 1.6006263494492 1.5900797843933 0.010546530596912
192 1.3705286979675 1.3597893714905 0.010739343240857
193 1.2075845003128 1.1957588195801 0.011825693771243
194 1.0870584249496 1.0755026340485 0.01155580766499
195 0.99355745315552 0.97817945480347 0.015377985313535
196 0.91552358865738 0.90272057056427 0.01280299667269
197 0.85597455501556 0.84465247392654 0.011322037316859
198 0.81052273511887 0.79945540428162 0.011067349463701
199 0.77592146396637 0.76429229974747 0.011629150249064
200 0.74960678815842 0.73774093389511 0.01186584122479
201 0.73413586616516 0.72000914812088 0.014126709662378
202 0.72545427083969 0.71388751268387 0.011566764675081
203 0.73271173238754 0.72128802537918 0.011423652991652
204 0.71499472856522 0.70379555225372 0.011199150234461
205 0.68177229166031 0.67044168710709 0.011330598965287
206 0.66250455379486 0.64920991659164 0.013294656760991
207 0.6476925611496 0.63590204715729 0.01179052144289
208 0.63982158899307 0.62688332796097 0.01293823774904
209 0.63548368215561 0.62047833204269 0.01500532310456
210 0.62806665897369 0.61565512418747 0.012411558069289
211 0.62674123048782 0.61218845844269 0.014552774839103
212 0.62164503335953 0.60978949069977 0.01185552123934
213 0.62017858028412 0.60825395584106 0.011924612335861
214 0.61986792087555 0.60744136571884 0.012426603585482
215 0.64043974876404 0.60724902153015 0.033190775662661
216 0.61987161636353 0.60759735107422 0.01227427367121
217 0.6205335855484 0.60842251777649 0.012111066840589
218 0.62195390462875 0.60967183113098 0.012282054871321
219 0.62345659732819 0.61130148172379 0.012155130505562
220 0.62548506259918 0.61327427625656 0.012210794724524
221 0.62788593769073 0.61555856466293 0.012327367439866
222 0.63060450553894 0.61813932657242 0.012465158477426
223 0.63364970684052 0.62096875905991 0.012680954299867
224 0.63667291402817 0.62362116575241 0.013051744550467
225 0.64103138446808 0.62694805860519 0.014083312824368
226 0.65497934818268 0.63047802448273 0.024501368403435
227 0.6487193107605 0.63419860601425 0.014520742930472
228 0.65182465314865 0.63809955120087 0.013725148513913
229 0.65647715330124 0.6421737074852 0.014303421601653
230 0.66150587797165 0.64642035961151 0.015085503458977
231 0.67416876554489 0.65085732936859 0.023311417549849
232 0.67241388559341 0.65556460618973 0.016849279403687
233 0.68046921491623 0.66049206256866 0.019977128133178
234 0.71307146549225 0.66500335931778 0.048068109899759
235 0.69231086969376 0.66972655057907 0.022584307938814
236 0.69635874032974 0.67468255758286 0.021676195785403
237 0.72186625003815 0.6797907948494 0.042075507342815
238 0.70287579298019 0.68502479791641 0.017850963398814
239 0.74424964189529 0.69037389755249 0.053875736892223
240 0.71190595626831 0.69583189487457 0.016074046492577
241 0.71756792068481 0.70139563083649 0.016172321513295
242 0.73265153169632 0.70706176757813 0.025589779019356
243 0.73701339960098 0.71282809972763 0.024185284972191
244 0.73975759744644 0.71869289875031 0.021064665168524
245 0.7403958439827 0.72465437650681 0.01574144884944
246 0.7459671497345 0.73071134090424 0.015255785547197
247 0.75371158123016 0.73686277866364 0.016848793253303
248 0.77937400341034 0.74310791492462 0.036266051232815
249 0.77133506536484 0.74944615364075 0.021888894960284
250 0.78185015916824 0.7558770775795 0.025973094627261
251 0.78292489051819 0.76240038871765 0.02052447758615
252 0.78509378433228 0.76901608705521 0.016077686101198
253 0.79122322797775 0.77572429180145 0.015498954802752
254 0.7977802157402 0.78252524137497 0.015254960395396
255 0.80463707447052 0.78941941261292 0.015217679552734
256 0.81171178817749 0.79640734195709 0.015304429456592
257 0.81937140226364 0.80348980426788 0.015881605446339
258 0.83090877532959 0.81066769361496 0.020241102203727
259 0.84362304210663 0.81794208288193 0.025680981576443
260 0.84162205457687 0.82531422376633 0.016307853162289
261 0.84897702932358 0.83278548717499 0.016191525384784
262 0.85734081268311 0.84035646915436 0.016984347254038
263 0.87291860580444 0.84803104400635 0.024887569248676
264 0.87664484977722 0.85583657026291 0.020808320492506
265 0.88789427280426 0.86372238397598 0.024171881377697
266 0.88876956701279 0.87171715497971 0.0170524045825
267 0.90460020303726 0.87982356548309 0.024776626378298
268 0.90547043085098 0.88804620504379 0.017424257472157
269 0.9130585193634 0.89638477563858 0.016673700883985
270 0.92151552438736 0.90484464168549 0.016670886427164
271 0.93113315105438 0.91343015432358 0.017703022807837
272 0.94052046537399 0.92214822769165 0.018372258171439
273 0.99872702360153 0.93100905418396 0.067717991769314
274 0.96118289232254 0.93998199701309 0.021200919523835
275 0.97018218040466 0.94909983873367 0.021082310006022
276 0.97985774278641 0.95837324857712 0.021484479308128
277 0.99800163507462 0.96780347824097 0.03019817173481
278 0.99575185775757 0.97739636898041 0.018355494365096
279 1.0061726570129 0.98715937137604 0.01901326328516
280 1.0154494047165 0.99710071086884 0.018348665907979
281 1.0279960632324 1.0072296857834 0.02076630666852
282 1.0355759859085 1.0175541639328 0.01802191324532
283 1.0494756698608 1.0280903577805 0.021385379135609
284 1.0574159622192 1.0388485193253 0.018567366525531
285 1.0699322223663 1.0498428344727 0.020089339464903
286 1.1286681890488 1.0610933303833 0.067574813961983
287 1.0962960720062 1.0726096630096 0.023686395958066
288 1.1058086156845 1.0844159126282 0.021392690017819
289 1.1965755224228 1.0965347290039 0.10004077106714
290 1.128962635994 1.1089923381805 0.019970221444964
291 1.1479818820953 1.1218185424805 0.026163298636675
292 1.1547836065292 1.1350487470627 0.019734801724553
293 1.1810569763184 1.1487281322479 0.032328758388758
294 1.183296084404 1.1629452705383 0.020350906997919
295 1.1973916292191 1.177713394165 0.019678192213178
296 1.2127523422241 1.1928939819336 0.019858364015818
297 1.2303665876389 1.2088009119034 0.021565737202764
298 1.2518094778061 1.2255028486252 0.026306657120585
299 1.2695889472961 1.2430542707443 0.026534711942077
300 1.2862795591354 1.2615249156952 0.024754570797086
301 1.3130637407303 1.2811304330826 0.031933270394802
302 1.3339555263519 1.3021371364594 0.031818423420191
303 1.365417599678 1.3245388269424 0.040878817439079
304 1.3704860210419 1.3487038612366 0.021782102063298
305 1.395658493042 1.3749619722366 0.020696440711617
306 1.4237623214722 1.4037303924561 0.020032031461596
307 1.4556665420532 1.4355427026749 0.020123852416873
308 1.4913643598557 1.4710910320282 0.020273312926292
309 1.5320113897324 1.5112856626511 0.020725760608912
310 1.588251709938 1.5573434829712 0.030908217653632
311 1.6318992376328 1.6109215021133 0.020977675914764
312 1.6951775550842 1.6743235588074 0.020854050293565
313 1.7720453739166 1.7508289813995 0.02121633477509
314 1.8671138286591 1.8452384471893 0.02187548391521
315 1.9891955852509 1.9648081064224 0.024387529119849
316 2.1579811573029 2.1209580898285 0.037023164331913
317 2.3619992733002 2.3325374126434 0.029461767524481
318 2.6554379463196 2.632691860199 0.02274621091783
319 3.1078989505768 3.0842595100403 0.023639583960176
320 3.8398451805115 3.8122339248657 0.027611287310719
321 5.0195016860962 4.9964628219604 0.023038925603032
322 6.736047744751 6.7137498855591 0.02229799516499
323 10.060272216797 10.037533760071 0.022738721221685
324 16.733196258545 16.70964050293 0.023555664345622
325 25.45756149292 25.432458877563 0.025102201849222
326 19.738809585571 19.707725524902 0.031084954738617
327 11.897404670715 11.806261062622 0.091143898665905
328 7.5629906654358 7.5354642868042 0.027526373043656
329 5.3815388679504 5.3569736480713 0.024565240368247
330 4.1950273513794 4.171585559845 0.023441933095455
331 3.5016899108887 3.4774565696716 0.024233277887106
332 3.0740399360657 3.0455987453461 0.028441295027733
333 2.8166708946228 2.7643966674805 0.052274122834206
334 2.6006834506989 2.5754528045654 0.025230698287487
335 2.4736106395721 2.4463295936584 0.027281180024147
336 2.3818683624268 2.3575739860535 0.024294355884194
337 2.3190243244171 2.294926404953 0.024097871035337
338 2.2758069038391 2.2516939640045 0.024112965911627
339 2.2487380504608 2.2244284152985 0.02430964820087
340 2.2341721057892 2.2095928192139 0.024579228833318
341 2.2294404506683 2.2045180797577 0.024922359734774
342 2.2329072952271 2.2071268558502 0.025780415162444
343 2.2504515647888 2.2169716358185 0.033479861915112
344 2.2603056430817 2.2328414916992 0.027464088052511
345 2.2875196933746 2.2541854381561 0.033334154635668
346 2.3089089393616 2.2806775569916 0.028231348842382
347 2.3393986225128 2.3121585845947 0.027240078896284
348 2.3758766651154 2.3486099243164 0.027266712859273
349 2.4181628227234 2.3901422023773 0.028020590543747
350 2.4666993618011 2.4369893074036 0.029710037633777
351 2.523627281189 2.4895083904266 0.034118808805943
352 2.5994453430176 2.5481896400452 0.051255870610476
353 2.6673920154572 2.6136689186096 0.053723067045212
354 2.7191662788391 2.6867210865021 0.032444998621941
355 2.8637063503265 2.768415927887 0.09529036283493
356 2.8927309513092 2.8599700927734 0.032760966569185
357 3.0000560283661 2.9629340171814 0.037122152745724
358 3.1344201564789 3.0792362689972 0.055183943361044
359 3.3100724220276 3.2112872600555 0.098785206675529
360 3.4036402702332 3.3621203899384 0.04152000695467
361 3.5760190486908 3.5355854034424 0.040433533489704
362 3.7802429199219 3.7366180419922 0.043624710291624
363 4.0241737365723 3.9716188907623 0.052555043250322
364 4.3231239318848 4.2489972114563 0.074126459658146
365 4.6667604446411 4.5799684524536 0.086791798472404
366 5.0973844528198 4.9797267913818 0.11765799671412
367 5.7137069702148 5.4693098068237 0.24439708888531
368 6.8152041435242 6.0783648490906 0.73683929443359
369 7.5959753990173 6.8497958183289 0.74617993831635
370 8.078197479248 7.8474221229553 0.2307750582695
371 9.3769254684448 9.1692972183228 0.20762848854065
372 11.050124168396 10.971852302551 0.0782720297575
373 13.576433181763 13.515917778015 0.060515116900206
374 17.312572479248 17.259592056274 0.052981667220592
375 23.133951187134 23.057929992676 0.076022297143936
376 32.677230834961 32.621559143066 0.055669035762548
377 49.675785064697 49.623317718506 0.052468772977591
378 82.302299499512 82.244682312012 0.057614803314209
379 145.83323669434 145.78750610352 0.045724637806416
380 232.59031677246 232.55375671387 0.036555528640747
381 182.86846923828 182.83294677734 0.035519581288099
382 104.74814605713 104.71302032471 0.035122763365507
383 61.878231048584 61.84351348877 0.034718845039606
384 39.872673034668 39.837940216064 0.034733142703772
385 27.845779418945 27.810701370239 0.035077445209026
386 20.745809555054 20.709613800049 0.036195889115334
387 16.264261245728 16.207767486572 0.056493826210499
388 13.272022247314 13.23500919342 0.037013173103333
389 11.265847206116 11.229675292969 0.036171555519104
390 9.9054565429688 9.869330406189 0.036126296967268
391 8.8021945953369 8.7648811340332 0.037313718348742
392 7.8004302978516 7.7576699256897 0.04276018217206
393 7.0431141853333 6.990526676178 0.052587818354368
394 6.4519400596619 6.41259765625 0.039342608302832
395 6.0161156654358 5.9663681983948 0.049747213721275
396 5.6567468643188 5.613067150116 0.043679729104042
397 5.4067602157593 5.3309478759766 0.07581203430891
398 5.1453771591187 5.1024227142334 0.042954843491316
399 4.9620628356934 4.9161505699158 0.04591216519475
400 4.8572096824646 4.7638573646545 0.093352548778057
401 4.7285466194153 4.6393432617188 0.089203648269176
402 4.6463766098022 4.537880897522 0.10849602520466
403 4.5255198478699 4.4558072090149 0.069712519645691
404 4.4440999031067 4.3902535438538 0.053846515715122
405 4.3902072906494 4.338951587677 0.051255352795124
406 4.3514804840088 4.3001003265381 0.05137998983264
407 4.3271994590759 4.2722635269165 0.054935969412327
408 4.3317060470581 4.254337310791 0.077368699014187
409 4.3105158805847 4.24534034729 0.065175548195839
410 4.3032803535461 4.2406401634216 0.062640279531479
411 4.3147535324097 4.247980594635 0.066772915422916
412 4.3360052108765 4.2625985145569 0.073406487703323
413 4.4144906997681 4.2842378616333 0.13025268912315
414 4.4446353912354 4.3127617835999 0.13187336921692
415 4.4586067199707 4.3481473922729 0.11045905947685
416 4.5084810256958 4.3901686668396 0.11831237375736
417 4.5804629325867 4.439688205719 0.14077493548393
418 4.6705756187439 4.4967069625854 0.17386867105961
419 4.788357257843 4.5617070198059 0.22665022313595
420 4.950692653656 4.6352701187134 0.3154225051403
421 5.197078704834 4.7183804512024 0.47869816422462
422 5.6277799606323 4.8120627403259 0.81571763753891
423 6.6422433853149 4.9177279472351 1.7245154380798
424 10.23899269104 5.0372347831726 5.2017579078674
425 18.161209106445 5.172682762146 12.988526344299
426 8.270580291748 5.3269095420837 2.9436709880829
427 6.7152905464172 5.5042209625244 1.2110694646835
428 6.354145526886 5.7098317146301 0.64431363344193
429 6.3796525001526 5.9510154724121 0.4286367893219
430 6.5335783958435 6.2381420135498 0.29543653130531
431 6.8033018112183 6.5865445137024 0.21675750613213
432 7.1877241134644 7.0201873779297 0.16753666102886
433 7.7174048423767 7.5789833068848 0.13842134177685
434 8.4546756744385 8.3361539840698 0.11852208524942
435 9.5477132797241 9.4434223175049 0.10429130494595
436 11.361011505127 11.266128540039 0.094882674515247
437 14.781123161316 14.68274307251 0.098380111157894
438 20.602428436279 20.514940261841 0.087487772107124
439 29.969297409058 29.891729354858 0.077569045126438
440 25.769466400146 25.695365905762 0.074099361896515
441 22.454462051392 22.352020263672 0.10244213789701
442 24.663215637207 24.55041885376 0.11279497295618
443 31.172342300415 31.106590270996 0.065750479698181
444 39.280818939209 39.220623016357 0.060194790363312
445 56.705478668213 56.640048980713 0.065430887043476
446 93.862663269043 93.786529541016 0.076130695641041
447 169.72662353516 169.666015625 0.060608699917793
448 255.87167358398 255.81181335449 0.059859413653612
449 171.36389160156 171.23582458496 0.12805433571339
450 95.163703918457 95.107887268066 0.055810160934925
451 57.205101013184 57.148578643799 0.056522868573666
452 38.242622375488 38.177764892578 0.06485553830862
453 27.916351318359 27.859678268433 0.056672129780054
454 21.825395584106 21.771995544434 0.053400047123432
455 17.992071151733 17.937858581543 0.054211642593145
456 15.451097488403 15.399123191833 0.051973976194859
457 13.721908569336 13.654314994812 0.067593574523926
458 12.478712081909 12.423293113708 0.055419269949198
459 11.592547416687 11.541082382202 0.051465138792992
460 10.961171150208 10.908623695374 0.052546571940184
461 10.516271591187 10.459258079529 0.057013064622879
462 10.224188804626 10.155453681946 0.068735219538212
463 10.080945968628 9.9702882766724 0.11065702885389
464 9.9724531173706 9.8875398635864 0.08491413295269
465 9.9767608642578 9.9184150695801 0.058345280587673
466 10.151970863342 10.087504386902 0.064466297626495
467 10.536922454834 10.455480575562 0.081441126763821
468 11.269186973572 11.173280715942 0.095906510949135
469 12.747609138489 12.6309633255 0.11664628982544
470 15.776481628418 15.698421478271 0.078060030937195
471 19.670148849487 19.305252075195 0.36489561200142
472 18.881210327148 18.810920715332 0.070289708673954
473 22.527757644653 22.367862701416 0.15989477932453
474 33.037425994873 32.968982696533 0.068440973758698
475 37.900215148926 37.828517913818 0.071699902415276
476 25.266809463501 24.926244735718 0.34056550264359
477 17.707622528076 17.616250991821 0.091372668743134
478 14.459185600281 14.374684333801 0.084502004086971
479 12.955256462097 12.860557556152 0.094698905944824
480 12.280556678772 12.121535301208 0.15902145206928
481 11.980360031128 11.777351379395 0.20300869643688
482 11.829900741577 11.664912223816 0.16498890519142
483 11.914079666138 11.714683532715 0.19939659535885
484 12.20641040802 11.913642883301 0.29276740550995
485 12.816077232361 12.292443275452 0.52363431453705
486 14.229376792908 12.97912311554 1.250254034996
487 19.698307037354 14.276733398438 5.421573638916
488 18.725637435913 16.421051025391 2.3045871257782
489 17.423582077026 16.639348983765 0.78423154354095
490 15.36656665802 14.976878166199 0.38968858122826
491 14.387490272522 14.145753860474 0.24173630774021
492 14.076228141785 13.903381347656 0.17284701764584
493 14.076811790466 13.943429946899 0.1333821117878
494 14.239398956299 14.128229141235 0.11116939038038
495 14.497820854187 14.398587226868 0.099233016371727
496 14.85120010376 14.727662086487 0.12353830784559
497 15.241234779358 15.10293006897 0.13830465078354
498 15.603582382202 15.519161224365 0.084421463310719
499 16.069982528687 15.97435760498 0.095625475049019
500 16.546133041382 16.473091125488 0.073042392730713
501 17.101528167725 17.03048324585 0.071043536067009
502 17.770944595337 17.696863174438 0.074082471430302
503 18.696277618408 18.628225326538 0.068052895367146
504 19.423307418823 19.361505508423 0.061802729964256
505 19.752754211426 19.689414978027 0.063338108360767
506 20.253192901611 20.192966461182 0.060226384550333
507 20.942796707153 20.87518119812 0.067615129053593
508 21.762224197388 21.648635864258 0.11358850449324
509 22.562990188599 22.478679656982 0.08431002497673
510 23.434434890747 23.376680374146 0.057756081223488
511 24.398475646973 24.343111038208 0.05536375194788
512 25.437797546387 25.383157730103 0.054640650749207
513 26.550964355469 26.496767044067 0.054198250174522
514 27.748588562012 27.693511962891 0.055075611919165
515 29.1097240448 28.981002807617 0.12872087955475
516 30.425170898437 30.368438720703 0.056732445955276
517 31.932249069214 31.862001419067 0.070248208940029
518 33.53982925415 33.478618621826 0.061209205538034
519 35.298191070557 35.236301422119 0.061889089643955
520 37.331619262695 37.156429290771 0.17518930137157
521 39.258045196533 39.18830871582 0.069739557802677
522 41.607345581055 41.405151367187 0.20219387114048
523 43.950611114502 43.83810043335 0.11250987648964
524 46.570465087891 46.504920959473 0.065546117722988
525 49.491386413574 49.433364868164 0.058023247867823
526 52.708053588867 52.65047454834 0.057578448206186
527 56.266242980957 56.200675964355 0.065567225217819
528 60.190055847168 60.131000518799 0.059057638049126
529 64.554496765137 64.496101379395 0.05839654058218
530 69.420318603516 69.362083435059 0.058235958218575
531 74.875495910645 74.810173034668 0.065325208008289
532 80.980895996094 80.926780700684 0.054113291203976
533 87.877586364746 87.822303771973 0.055282492190599
534 96.195198059082 96.125465393066 0.069731146097183
535 105.19477081299 105.13508605957 0.059683982282877
536 115.54698944092 115.48682403564 0.060165099799633
537 127.51958465576 127.46348571777 0.056093793362379
538 141.40086364746 141.34420776367 0.056654620915651
539 157.68112182617 157.60992431641 0.071195259690285
540 176.95170593262 176.88862609863 0.063076436519623
541 200.01211547852 199.9541015625 0.058015525341034
542 227.9256439209 227.86968994141 0.055949445813894
543 262.18313598633 262.1259765625 0.057183127850294
544 304.93502807617 304.87493896484 0.060065478086472
545 359.43746948242 359.32928466797 0.10817494988441
546 430.33850097656 430.28115844727 0.057336002588272
547 523.43176269531 523.37524414062 0.056529670953751
548 642.69110107422 642.63354492187 0.057556115090847
549 791.30926513672 791.22717285156 0.082105547189713
550 1.0079608764648E+03 1.0078963623047E+03 0.064558580517769
551 1.3348034667969E+03 1.3343879394531E+03 0.41557046771049
552 1.8440961914062E+03 1.8440240478516E+03 0.072171181440353
553 2.6804848632812E+03 2.6804169921875E+03 0.068031348288059
554 4.145578125E+03 4.1455185546875E+03 0.059426415711641
555 6.8245991210938E+03 6.824541015625E+03 0.058257628232241
556 1.1392915039062E+04 1.1392856445313E+04 0.05786132439971
557 1.5295005859375E+04 1.5294944335937E+04 0.061223905533552
558 1.07934609375E+04 1.0793399414062E+04 0.061547104269266
559 6.4791137695313E+03 6.4790498046875E+03 0.063939772546291
560 3.9893532714844E+03 3.9892863769531E+03 0.067079678177834
561 2.6159675292969E+03 2.6159079589844E+03 0.05959291011095
562 1.8210867919922E+03 1.8210278320313E+03 0.059007745236158
563 1.3317336425781E+03 1.3316727294922E+03 0.060991823673248
564 1.0130305175781E+03 1.0129671630859E+03 0.063390582799911
565 795.36383056641 795.29193115234 0.071891032159328
566 640.76879882812 640.63110351563 0.13768655061722
567 527.23321533203 527.07281494141 0.16040572524071
568 441.44189453125 441.36624145508 0.075662240386009
569 375.22698974609 375.15570068359 0.071294844150543
570 323.13507080078 322.97790527344 0.15717667341232
571 282.11477661133 281.14663696289 0.96815037727356
572 247.17755126953 247.10546875 0.072082571685314
573 219.1468963623 219.03839111328 0.10849894583225
574 195.55032348633 195.47904968262 0.071270801126957
575 175.83155822754 175.76045227051 0.071101762354374
576 159.07075500488 158.99021911621 0.080535173416138
577 144.69560241699 144.60963439941 0.085976995527744
578 132.26016235352 132.18507385254 0.07508085668087
579 121.44185638428 121.37490844727 0.066942781209946
580 111.97772216797 111.91359710693 0.06412835419178
581 103.65377807617 103.58614349365 0.067636519670486
582 96.341461181641 96.196731567383 0.14472453296185
583 89.72728729248 89.648315429687 0.078974388539791
584 83.867858886719 83.801368713379 0.066485092043877
585 78.622535705566 78.559608459473 0.06293011456728
586 73.904602050781 73.842819213867 0.061777133494616
587 69.645874023438 69.58374786377 0.06212617084384
588 65.788307189941 65.725715637207 0.062596797943115
589 62.288105010986 62.220676422119 0.067429333925247
590 59.098743438721 59.027759552002 0.070985905826092
591 56.260662078857 56.11209487915 0.14856907725334
592 53.516429901123 53.444007873535 0.072423011064529
593 51.078063964844 50.998691558838 0.079372987151146
594 48.825019836426 48.75602722168 0.068992041051388
595 46.868839263916 46.689804077148 0.17903673648834
596 44.832786560059 44.765575408936 0.067210473120213
597 43.064334869385 42.999195098877 0.065138570964336
598 41.43578338623 41.371025085449 0.064757831394672
599 39.934482574463 39.868366241455 0.066114492714405
600 38.551338195801 38.481338500977 0.069997861981392
