1 3.8264258764684E-03 1.9662962586153E-05 3.8067628629506E-03
2 4.1580782271922E-03 7.9033583460841E-05 4.0790447965264E-03
3 4.3387655168772E-03 1.7942234990187E-04 4.1593429632485E-03
4 4.5411582104862E-03 3.2372327405028E-04 4.2174346745014E-03
5 4.7943266108632E-03 5.1714444998652E-04 4.277182277292E-03
6 5.1024090498686E-03 7.5753236887977E-04 4.3448763899505E-03
7 5.4615186527371E-03 1.0385171044618E-03 4.423001781106E-03
8 5.891268607229E-03 1.3781752204522E-03 4.5130932703614E-03
9 6.4085419289768E-03 1.7890479648486E-03 4.6194940805435E-03
10 7.0254462771118E-03 2.285796450451E-03 4.7396500594914E-03
11 7.7801528386772E-03 2.8908383101225E-03 4.8893145285547E-03
12 8.6489776149392E-03 3.6412163171917E-03 5.0077619962394E-03
13 9.7585767507553E-03 4.5899245887995E-03 5.1686521619558E-03
14 0.011165547184646 5.8174896985292E-03 5.3480579517782E-03
15 0.013031848706305 7.4730068445206E-03 5.5588418617845E-03
16 0.015616688877344 9.8460037261248E-03 5.7706851512194E-03
17 0.019472459331155 0.013471550308168 6.0009090229869E-03
18 0.025719890370965 0.019453855231404 6.2660351395607E-03
19 0.036809019744396 0.0302555244416 6.5534953027964E-03
20 0.058509737253189 0.051641412079334 6.8683256395161E-03
21 0.1026918143034 0.095478042960167 7.2137699462473E-03
22 0.16918919980526 0.16159626841545 7.5929365120828E-03
23 0.15312756597996 0.14511615037918 8.0114156007767E-03
24 0.10260260105133 0.094127900898457 8.4747020155191E-03
25 0.072234109044075 0.063258618116379 8.9754918590188E-03
26 0.056338336318731 0.046817425638437 9.5209116116166E-03
27 0.047903534024954 0.037778113037348 0.010125421918929
28 0.043372355401516 0.032572526484728 0.010799827985466
29 0.041152134537697 0.029491476714611 0.011660658754408
30 0.040287878364325 0.027673600241542 0.012614278122783
31 0.039957653731108 0.0266556981951 0.01330195646733
32 0.040482480078936 0.026173036545515 0.014309443533421
33 0.041524354368448 0.026066044345498 0.015458310954273
34 0.042912308126688 0.026234053075314 0.016678255051374
35 0.044751476496458 0.026611035689712 0.018140440806746
36 0.046547938138247 0.027154371142387 0.019393566995859
37 0.048812467604876 0.027828615158796 0.020983852446079
38 0.051432441920042 0.028615470975637 0.022816970944405
39 0.054713487625122 0.029494754970074 0.025218730792403
40 0.058777593076229 0.030456369742751 0.028321223333478
41 0.063195466995239 0.03149051591754 0.03170495480299
42 0.069796822965145 0.032590344548225 0.03720647841692
43 0.076027415692806 0.033750306814909 0.042277112603188
44 0.083720788359642 0.034965142607689 0.048755642026663
45 0.092576384544373 0.036233119666576 0.056343261152506
46 0.10344423353672 0.037550538778305 0.065893694758415
47 0.11706088483334 0.038915127515793 0.078145757317543
48 0.13469132781029 0.040325034409761 0.094366297125816
49 0.15846405923367 0.041778735816479 0.11668532341719
50 0.19287794828415 0.043274991214275 0.14960296452045
51 0.25131249427795 0.0448127835989 0.20649971067905
52 0.37969532608986 0.046391289681196 0.33330404758453
53 0.72098654508591 0.048009853810072 0.67297667264938
54 1.6585118770599 0.049667973071337 1.6088439226151
55 3.871390581131 0.051365301012993 3.8200254440308
56 8.9121255874634 0.053101643919945 8.8590240478516
57 18.459579467773 0.054877016693354 18.404703140259
58 18.57057762146 0.056691955775023 18.513885498047
59 22.76512336731 0.058546617627144 22.706577301025
60 23.671365737915 0.060442503541708 23.61092376709
61 24.33741569519 0.062381975352764 24.275032043457
62 21.67050743103 0.064369946718216 21.60613822937
63 24.150737762451 0.0664142370224 24.084323883057
64 7.0449185371399 0.068533457815647 6.9763851165771
65 2.9361395835876 0.070767246186733 2.8653721809387
66 1.2340687513351 0.073199324309826 1.1608694791794
67 0.59649205207825 0.075911238789558 0.52058082818985
68 0.36751851439476 0.078416600823402 0.2891018986702
69 0.2750258743763 0.080104202032089 0.19492165744305
70 0.22844214737415 0.081877343356609 0.14656479656696
71 0.20039004087448 0.083897113800049 0.11649292707443
72 0.18149787187576 0.086072824895382 0.0954250395298
73 0.16825269162655 0.088344678282738 0.079908013343811
74 0.15879067778587 0.090684987604618 0.068105690181255
75 0.15202289819717 0.09307861328125 0.058944281190634
76 0.14726461470127 0.095518656075001 0.051745962351561
77 0.14377711713314 0.098002888262272 0.045774225145578
78 0.1411138176918 0.10052840411663 0.040585409849882
79 0.13980343937874 0.10309399664402 0.036709446460009
80 0.13863733410835 0.10569898784161 0.032938342541456
81 0.13837438821793 0.10834300518036 0.030031390488148
82 0.1385426223278 0.1110258474946 0.027516776695848
83 0.13912403583527 0.11374745517969 0.025376580655575
84 0.14004161953926 0.11650788038969 0.023533741012216
85 0.14125035703182 0.11930720508099 0.021943150088191
86 0.14246639609337 0.12214560806751 0.020320780575275
87 0.14417770504951 0.12502330541611 0.019154399633408
88 0.14608509838581 0.12794062495232 0.01814447529614
89 0.14817616343498 0.1308978497982 0.017278309911489
90 0.15043790638447 0.13389550149441 0.01654240489006
91 0.15286675095558 0.13693429529667 0.015932446345687
92 0.15545211732388 0.14001539349556 0.015436724759638
93 0.15826644003391 0.14314104616642 0.015125392004848
94 0.16136924922466 0.14631649851799 0.015052745118737
95 0.16418445110321 0.14955604076385 0.014628400094807
96 0.16833856701851 0.15289148688316 0.015447084791958
97 0.17077302932739 0.15623317658901 0.014539855532348
98 0.17401845753193 0.15943872928619 0.014579731039703
99 0.17762437462807 0.16274765133858 0.014876725152135
100 0.18156319856644 0.16617384552956 0.015389352105558
101 0.18396742641926 0.1696212887764 0.014346129260957
102 0.1885374635458 0.17311957478523 0.015417884103954
103 0.19281877577305 0.17666636407375 0.016152411699295
104 0.19789184629917 0.18026109039783 0.017630748450756
105 0.20315599441528 0.18390397727489 0.019252024590969
106 0.2090590596199 0.18759554624557 0.021463505923748
107 0.2156435251236 0.19133670628071 0.024306822568178
108 0.22313970327377 0.19512844085693 0.028011258691549
109 0.23200795054436 0.19897204637527 0.033035904169083
110 0.24278669059277 0.2028690725565 0.039917625486851
111 0.25983557105064 0.20682154595852 0.053014028817415
112 0.27286013960838 0.21083216369152 0.062027972191572
113 0.2976114153862 0.21490482985973 0.082706578075886
114 0.33641502261162 0.21904562413692 0.11736939102411
115 0.40779432654381 0.22326493263245 0.18452939391136
116 0.54658663272858 0.22758235037327 0.31900426745415
117 0.92533284425735 0.23203784227371 0.69329500198364
118 2.4482760429382 0.23671413958073 2.2115619182587
119 5.604293346405 0.24172738194466 5.3625659942627
120 1.4125109910965 0.24680134654045 1.1657096147537
121 0.70845395326614 0.25088119506836 0.45757278800011
122 0.49314659833908 0.25485152006149 0.23829509317875
123 0.4058710038662 0.25915732979774 0.14671367406845
124 0.37487864494324 0.26371052861214 0.1111681163311
125 0.34365132451057 0.26842871308327 0.075222611427307
126 0.33025670051575 0.27327182888985 0.056984875351191
127 0.32350614666939 0.27822476625443 0.045281376689672
128 0.32138049602509 0.28328034281731 0.03810016065836
129 0.32028102874756 0.28843724727631 0.031843792647123
130 0.32121351361275 0.2936963737011 0.027517164126039
131 0.32385665178299 0.29906207323074 0.024794572964311
132 0.32641541957855 0.30453804135323 0.021877398714423
133 0.33008798956871 0.31012955307961 0.019958447664976
134 0.33409589529037 0.31584277749062 0.018253123387694
135 0.33864793181419 0.32168477773666 0.016963163390756
136 0.34367468953133 0.32766345143318 0.016011223196983
137 0.35014456510544 0.33378776907921 0.016356790438294
138 0.35423192381859 0.34006768465042 0.014164258725941
139 0.36007195711136 0.34651437401772 0.013557576574385
140 0.36626404523849 0.35314041376114 0.013123625889421
141 0.37305071949959 0.3599599301815 0.013090784661472
142 0.38708940148354 0.366988748312 0.020100645720959
143 0.38707461953163 0.37424483895302 0.012829774059355
144 0.39368969202042 0.38174822926521 0.011941488832235
145 0.40685293078423 0.38952234387398 0.017330585047603
146 0.40875652432442 0.39759314060211 0.011163395829499
147 0.41690194606781 0.40599054098129 0.010911403223872
148 0.4256671667099 0.4147487282753 0.010918435640633
149 0.43559390306473 0.42390716075897 0.01168674044311
150 0.44436654448509 0.43349975347519 0.010866807773709
151 0.45473158359528 0.4436027109623 0.011128883808851
152 0.46462142467499 0.4542652964592 0.010356138460338
153 0.47591182589531 0.46555921435356 0.010352618992329
154 0.49300718307495 0.4775687456131 0.015438458882272
155 0.50048476457596 0.49039345979691 0.010091315954924
156 0.51437371969223 0.50415164232254 0.010222049430013
157 0.52879011631012 0.51898461580276 9.8054828122258E-03
158 0.54478257894516 0.53506231307983 9.7202872857451E-03
159 0.56228405237198 0.55259042978287 9.6935983747244E-03
160 0.58148175477982 0.57181996107101 9.6618020907044E-03
161 0.60270726680756 0.5930592417717 9.6480315551162E-03
162 0.62639594078064 0.61669081449509 9.7051383927464E-03
163 0.65297400951385 0.64319312572479 9.780865162611E-03
164 0.6835121512413 0.67319315671921 0.010318982414901
165 0.72884184122086 0.70742058753967 0.021421240642667
166 0.7592493891716 0.74689763784409 0.012351743876934
167 0.80329126119614 0.79293632507324 0.010354932397604
168 0.85711860656738 0.84728336334229 9.8352506756783E-03
169 0.92202818393707 0.91230165958405 9.7265467047691E-03
170 1.0009835958481 0.99124950170517 9.7341034561396E-03
171 1.0985463857651 1.0887136459351 9.8327305167913E-03
172 1.2211530208588 1.211305975914 9.8469741642475E-03
173 1.378918170929 1.3688197135925 0.010098541155457
174 1.5864789485931 1.5762178897858 0.010261075571179
175 1.8691492080688 1.8572020530701 0.011947102844715
176 2.2624080181122 2.2509200572968 0.011488155461848
177 2.8356716632843 2.8252613544464 0.010410289280117
178 3.714821100235 3.7047665119171 0.010054729878902
179 5.1426291465759 5.1326017379761 0.010027043521404
180 7.6242518424988 7.6130056381226 0.0112459436059
181 12.225521087646 12.215437889099 0.010083744302392
182 20.844308853149 20.834096908569 0.010211781598628
183 32.943340301514 32.932723999023 0.010616292245686
184 28.922369003296 28.90810585022 0.014263335615396
185 17.610786437988 17.597045898438 0.013741562142968
186 10.736616134644 10.726013183594 0.010602723807096
187 7.0553092956543 7.0447611808777 0.010548246093094
188 5.0027422904968 4.9924139976501 0.010328580625355
189 3.7797331809998 3.7693471908569 0.010385979898274
190 3.0045075416565 2.9940657615662 0.010441796854138
191 2.4875061511993 2.4769597053528 0.010546530596912
192 2.1289622783661 2.118222951889 0.010739343240857
193 1.8745286464691 1.8627029657364 0.011825693771243
194 1.6869287490845 1.675372838974 0.01155580766499
195 1.5391449928284 1.5237669944763 0.015377985313535
196 1.4190232753754 1.4062203168869 0.01280299667269
197 1.3270863294601 1.3157641887665 0.011322037316859
198 1.2564254999161 1.2453581094742 0.011067349463701
199 1.2022116184235 1.1905825138092 0.011629150249064
200 1.1610877513885 1.1492218971252 0.01186584122479
201 1.1357268095016 1.1216000318527 0.014126709662378
202 1.1236307621002 1.1120640039444 0.011566764675081
203 1.1350159645081 1.1235922574997 0.011423652991652
204 1.1075423955917 1.0963432788849 0.011199150234461
205 1.0557166337967 1.0443860292435 0.011330598965287
206 1.0246065855026 1.0113120079041 0.013294656760991
207 1.0023720264435 0.99058151245117 0.01179052144289
208 0.98947083950043 0.97653257846832 0.01293823774904
209 0.98156046867371 0.96655511856079 0.01500532310456
210 0.9714532494545 0.95904171466827 0.012411558069289
211 0.96819430589676 0.95364153385162 0.014552774839103
212 0.9617600440979 0.94990456104279 0.01185552123934
213 0.95943713188171 0.9475125670433 0.011924612335861
214 0.95867323875427 0.94624668359756 0.012426603585482
215 0.97913783788681 0.94594705104828 0.033190775662661
216 0.95876395702362 0.94648969173431 0.01227427367121
217 0.95988613367081 0.9477750658989 0.012111066840589
218 0.96200329065323 0.94972121715546 0.012282054871321
219 0.96441495418549 0.95225977897644 0.012155130505562
220 0.96754372119904 0.95533293485641 0.012210794724524
221 0.97121870517731 0.95889133214951 0.012327367439866
222 0.97537666559219 0.96291154623032 0.012465158477426
223 0.98000001907349 0.96731907129288 0.012680954299867
224 0.98450267314911 0.97145092487335 0.013051744550467
225 0.99071669578552 0.97663336992264 0.014083312824368
226 1.0066336393356 0.98213219642639 0.024501368403435
227 1.0024486780167 0.98792797327042 0.014520742930472
228 1.0077298879623 0.99400472640991 0.013725148513913
229 1.0146547555923 1.0003513097763 0.014303421601653
230 1.0220520496368 1.0069665908813 0.015085503458977
231 1.0371897220612 1.0138782262802 0.023311417549849
232 1.0380603075027 1.0212110280991 0.016849279403687
233 1.0488640069962 1.0288869142532 0.019977128133178
234 1.0839824676514 1.0359143018723 0.048068109899759
235 1.0658563375473 1.0432720184326 0.022584307938814
236 1.0726684331894 1.0509922504425 0.021676195785403
237 1.1010251045227 1.0589495897293 0.042075507342815
238 1.0849539041519 1.0671029090881 0.017850963398814
239 1.1293112039566 1.0754355192184 0.053875736892223
240 1.1000118255615 1.0839377641678 0.016074046492577
241 1.1087770462036 1.092604637146 0.016172321513295
242 1.1270209550858 1.1014311313629 0.025589779019356
243 1.1345990896225 1.1104137897491 0.024185284972191
244 1.1406143903732 1.1195497512817 0.021064665168524
245 1.1445776224136 1.1288361549377 0.01574144884944
246 1.1535272598267 1.1382714509964 0.015255785547197
247 1.1647027730942 1.1478539705276 0.016848793253303
248 1.193848490715 1.1575824022293 0.036266051232815
249 1.1893447637558 1.1674557924271 0.021888894960284
250 1.2034467458725 1.1774735450745 0.025973094627261
251 1.2081598043442 1.1876354217529 0.02052447758615
252 1.214018702507 1.1979410648346 0.016077686101198
253 1.223889708519 1.2083908319473 0.015498954802752
254 1.2342400550842 1.218985080719 0.015254960395396
255 1.2449421882629 1.229724407196 0.015217679552734
256 1.2559143304825 1.2406100034714 0.015304429456592
257 1.2675243616104 1.25164270401 0.015881605446339
258 1.283065199852 1.262824177742 0.020241102203727
259 1.2998368740082 1.2741558551788 0.025680981576443
260 1.3019477128983 1.2856398820877 0.016307853162289
261 1.3134698867798 1.2972784042358 0.016191525384784
262 1.3260563611984 1.3090720176697 0.016984347254038
263 1.345914721489 1.3210271596909 0.024887569248676
264 1.3539946079254 1.3331862688065 0.020808320492506
265 1.3696423768997 1.3454705476761 0.024171881377697
266 1.3749768733978 1.3579244613647 0.0170524045825
267 1.3953288793564 1.3705523014069 0.024776626378298
268 1.4007853269577 1.3833611011505 0.017424257472157
269 1.4130244255066 1.3963506221771 0.016673700883985
270 1.4262000322342 1.4095290899277 0.016670886427164
271 1.4406062364578 1.4229031801224 0.017703022807837
272 1.4548560380936 1.4364838600159 0.018372258171439
273 1.5180048942566 1.4502868652344 0.067717991769314
274 1.4854654073715 1.4642645120621 0.021200919523835
275 1.4995502233505 1.4784679412842 0.021082310006022
276 1.5143982172012 1.4929137229919 0.021484479308128
277 1.537801861763 1.5076036453247 0.03019817173481
278 1.5409026145935 1.5225471258163 0.018355494365096
279 1.5567687749863 1.5377554893494 0.01901326328516
280 1.571590423584 1.5532417297363 0.018348665907979
281 1.589786529541 1.5690202713013 0.02076630666852
282 1.6031250953674 1.5851031541824 0.01802191324532
283 1.6229014396667 1.6015160083771 0.021385379135609
284 1.6368421316147 1.6182746887207 0.018567366525531
285 1.6554905176163 1.6354012489319 0.020089339464903
286 1.7205015420914 1.6529266834259 0.067574813961983
287 1.6945527791977 1.6708663702011 0.023686395958066
288 1.7106503248215 1.6892576217651 0.021392690017819
289 1.8081767559052 1.7081359624863 0.10004077106714
290 1.7475119829178 1.7275418043137 0.019970221444964
291 1.7736852169037 1.7475218772888 0.026163298636675
292 1.7878662347794 1.7681313753128 0.019734801724553
293 1.8217693567276 1.7894406318665 0.032328758388758
294 1.8319382667542 1.8115873336792 0.020350906997919
295 1.8542708158493 1.8345925807953 0.019678192213178
296 1.878098487854 1.8582401275635 0.019858364015818
297 1.9045851230621 1.8830193281174 0.021565737202764
298 1.9353436231613 1.9090369939804 0.026306657120585
299 1.9629125595093 1.9363778829575 0.026534711942077
300 1.9899052381516 1.9651507139206 0.024754570797086
301 2.0276246070862 1.9956912994385 0.031933270394802
302 2.0602328777313 2.0284144878387 0.031818423420191
303 2.1041898727417 2.0633111000061 0.040878817439079
304 2.12273645401 2.1009542942047 0.021782102063298
305 2.1625547409058 2.1418581008911 0.020696440711617
306 2.2067043781281 2.1866722106934 0.020032031461596
307 2.256352186203 2.2362282276154 0.020123852416873
308 2.3118772506714 2.2916040420532 0.020273312926292
309 2.3749432563782 2.3542175292969 0.020725760608912
310 2.4568727016449 2.4259643554688 0.030908217653632
311 2.5304038524628 2.5094261169434 0.020977675914764
312 2.629045009613 2.6081910133362 0.020854050293565
313 2.7485842704773 2.7273681163788 0.02121633477509
314 2.8963105678558 2.8744349479675 0.02187548391521
315 3.0850832462311 3.0606956481934 0.024387529119849
316 3.3409626483917 3.3039395809174 0.037023164331913
317 3.6629908084869 3.6335289478302 0.029461767524481
318 4.1238431930542 4.1010971069336 0.02274621091783
319 4.8281698226929 4.8045301437378 0.023639583960176
320 5.9661493301392 5.9385380744934 0.027611287310719
321 7.8063192367554 7.7832803726196 0.023038925603032
322 10.480696678162 10.458397865295 0.02229799516499
323 15.658787727356 15.63604927063 0.022738721221685
324 26.053133010864 26.029577255249 0.023555664345622
325 39.642723083496 39.617618560791 0.025102201849222
326 30.730953216553 30.699867248535 0.031084954738617
327 18.482442855835 18.391298294067 0.091143898665905
328 11.765956878662 11.738430023193 0.027526373043656
329 8.3694343566895 8.3448686599731 0.024565240368247
330 6.5217633247375 6.498321056366 0.023441933095455
331 5.4412693977356 5.4170360565186 0.024233277887106
332 4.7727470397949 4.7443060874939 0.028441295027733
333 4.3585352897644 4.3062615394592 0.052274122834206
334 4.0371632575989 4.0119323730469 0.025230698287487
335 3.8380706310272 3.8107895851135 0.027281180024147
336 3.6968243122101 3.6725299358368 0.024294355884194
337 3.5990381240845 3.5749402046204 0.024097871035337
338 3.5317072868347 3.5075943470001 0.024112965911627
339 3.4894309043884 3.4651212692261 0.02430964820087
340 3.4665904045105 3.4420111179352 0.024579228833318
341 3.4590282440186 3.4341058731079 0.024922359734774
342 3.4639499187469 3.4381694793701 0.025780415162444
343 3.4869854450226 3.4535055160522 0.033479861915112
344 3.5056910514832 3.4782269001007 0.027464088052511
345 3.5448098182678 3.5114755630493 0.033334154635668
346 3.5809752941132 3.5527439117432 0.028231348842382
347 3.6290237903595 3.6017837524414 0.027240078896284
348 3.6858327388763 3.6585659980774 0.027266712859273
349 3.7512838840485 3.723263502121 0.028020590543747
350 3.8259496688843 3.7962396144867 0.029710037633777
351 3.9121708869934 3.8780519962311 0.034118808805943
352 4.0207185745239 3.9694628715515 0.051255870610476
353 4.125186920166 4.0714635848999 0.053723067045212
354 4.2177066802979 4.1852617263794 0.032444998621941
355 4.4078125953674 4.3125224113464 0.09529036283493
356 4.4879021644592 4.455141544342 0.032760966569185
357 4.6526565551758 4.6155343055725 0.037122152745724
358 4.8518891334534 4.7967052459717 0.055183943361044
359 5.1011939048767 5.0024085044861 0.098785206675529
360 5.2788901329041 5.2373700141907 0.04152000695467
361 5.548020362854 5.5075869560242 0.040433533489704
362 5.8643717765808 5.8207468986511 0.043624710291624
363 6.2393765449524 6.1868214607239 0.052555043250322
364 6.6930365562439 6.6189098358154 0.074126459658146
365 7.2212748527527 7.1344833374023 0.086791798472404
366 7.87486743927 7.7572093009949 0.11765799671412
367 8.7642583847046 8.5198612213135 0.24439708888531
368 10.205461502075 9.4686222076416 0.73683929443359
369 11.416504859924 10.670324325562 0.74617993831635
370 12.455160140991 12.224385261536 0.2307750582695
371 14.491174697876 14.283546447754 0.20762848854065
372 17.169763565063 17.091491699219 0.0782720297575
373 21.115045547485 21.054531097412 0.060515116900206
374 26.939249038696 26.886268615723 0.052981667220592
375 35.994697570801 35.918674468994 0.076022297143936
376 50.872169494629 50.816497802734 0.055669035762548
377 77.353591918945 77.301124572754 0.052468772977591
378 128.1749420166 128.1173248291 0.057614803314209
379 227.14739990234 227.10166931152 0.045724637806416
380 362.29904174805 362.26248168945 0.036555528640747
381 284.8450012207 284.80947875977 0.035519581288099
382 163.15267944336 163.11755371094 0.035122763365507
383 96.371955871582 96.33723449707 0.034718845039606
384 62.09260559082 62.057872772217 0.034733142703772
385 43.357421875 43.322345733643 0.035077445209026
386 32.296764373779 32.260566711426 0.036195889115334
387 25.304273605347 25.247779846191 0.056493826210499
388 20.653955459595 20.616943359375 0.037013173103333
389 17.529289245605 17.493118286133 0.036171555519104
390 15.410155296326 15.374028205872 0.036126296967268
391 13.690877914429 13.653564453125 0.037313718348742
392 12.127333641052 12.084572792053 0.04276018217206
393 10.942136764526 10.889549255371 0.052587818354368
394 10.028618812561 9.989275932312 0.039342608302832
395 9.3439054489136 9.2941589355469 0.049747213721275
396 8.7874803543091 8.743800163269 0.043679729104042
397 8.3801393508911 8.3043270111084 0.07581203430891
398 7.9912948608398 7.9483399391174 0.042954843491316
399 7.7040858268738 7.6581735610962 0.04591216519475
400 7.514289855957 7.4209370613098 0.093352548778057
401 7.3161778450012 7.2269740104675 0.089203648269176
402 7.1774163246155 7.068920135498 0.10849602520466
403 7.0107822418213 6.9410696029663 0.069712519645691
404 6.8927993774414 6.8389530181885 0.053846515715122
405 6.8102927207947 6.7590370178223 0.051255352795124
406 6.7498960494995 6.6985158920288 0.05137998983264
407 6.7100887298584 6.655152797699 0.054935969412327
408 6.7045974731445 6.6272287368774 0.077368699014187
409 6.6783890724182 6.6132135391235 0.065175548195839
410 6.6685318946838 6.6058917045593 0.062640279531479
411 6.6840991973877 6.617326259613 0.066772915422916
412 6.7135038375854 6.640097618103 0.073406487703323
413 6.8040590286255 6.6738066673279 0.13025268912315
414 6.8501133918762 6.7182397842407 0.13187336921692
415 6.8838210105896 6.773362159729 0.11045905947685
416 6.9571328163147 6.8388204574585 0.11831237375736
417 7.0567350387573 6.9159598350525 0.14077493548393
418 7.1786499023438 7.0047812461853 0.17386867105961
419 7.3326859474182 7.1060357093811 0.22665022313595
420 7.5360522270203 7.2206296920776 0.3154225051403
421 7.828794002533 7.3500957489014 0.47869816422462
422 8.31174659729 7.4960293769836 0.81571763753891
423 9.3851461410522 7.6606307029724 1.7245154380798
424 13.048551559448 7.8467931747437 5.2017579078674
425 21.046314239502 8.0577878952026 12.988526344299
426 11.241707801819 8.2980365753174 2.9436709880829
427 9.7853145599365 8.5742444992065 1.2110694646835
428 9.5388498306274 8.8945360183716 0.64431363344193
429 9.6988792419434 9.27024269104 0.4286367893219
430 10.012952804565 9.7175159454346 0.29543653130531
431 10.477000236511 10.260242462158 0.21675750613213
432 11.103290557861 10.935753822327 0.16753666102886
433 11.944643974304 11.806222915649 0.13842134177685
434 13.104232788086 12.985711097717 0.11852208524942
435 14.814858436584 14.710566520691 0.10429130494595
436 17.644784927368 17.54990196228 0.094882674515247
437 22.970542907715 22.872161865234 0.098380111157894
438 32.044799804687 31.957313537598 0.087487772107124
439 46.641651153564 46.564083099365 0.077569045126438
440 40.101264953613 40.027164459229 0.074099361896515
441 34.921482086182 34.819038391113 0.10244213789701
442 38.356410980225 38.243614196777 0.11279497295618
443 48.52229309082 48.45654296875 0.065750479698181
444 61.156440734863 61.096244812012 0.060194790363312
445 88.296920776367 88.231491088867 0.065430887043476
446 146.1728515625 146.09672546387 0.076130695641041
447 264.35922241211 264.29861450195 0.060608699917793
448 398.55276489258 398.49291992188 0.059859413653612
449 266.87203979492 266.74398803711 0.12805433571339
450 148.21089172363 148.15509033203 0.055810160934925
451 89.080184936523 89.023658752441 0.056522868573666
452 59.53657913208 59.471725463867 0.06485553830862
453 43.455310821533 43.398639678955 0.056672129780054
454 33.968902587891 33.915504455566 0.053400047123432
455 27.99705696106 27.942844390869 0.054211642593145
456 24.040082931519 23.988107681274 0.051973976194859
457 21.337713241577 21.270120620728 0.067593574523926
458 19.407903671265 19.352485656738 0.055419269949198
459 18.029678344727 17.978214263916 0.051465138792992
460 17.045543670654 16.992998123169 0.052546571940184
461 16.350006103516 16.292993545532 0.057013064622879
462 15.888475418091 15.81974029541 0.068735219538212
463 15.641954421997 15.531297683716 0.11065702885389
464 15.487308502197 15.402394294739 0.08491413295269
465 15.508836746216 15.450491905212 0.058345280587673
466 15.778357505798 15.713891029358 0.064466297626495
467 16.368551254272 16.287109375 0.081441126763821
468 17.501174926758 17.405267715454 0.095906510949135
469 19.792631149292 19.675985336304 0.11664628982544
470 24.532402038574 24.454341888428 0.078060030937195
471 30.437808990479 30.072914123535 0.36489561200142
472 29.373151779175 29.302862167358 0.070289708673954
473 35.003616333008 34.843719482422 0.15989477932453
474 51.42614364624 51.3577003479 0.068440973758698
475 58.999378204346 58.927677154541 0.071699902415276
476 39.169624328613 38.82905960083 0.34056550264359
477 27.533229827881 27.441856384277 0.091372668743134
478 22.476781845093 22.392280578613 0.084502004086971
479 20.128335952759 20.033638000488 0.094698905944824
480 19.041440963745 18.882419586182 0.15902145206928
481 18.549272537231 18.346263885498 0.20300869643688
482 18.336099624634 18.171112060547 0.16498890519142
483 18.448038101196 18.248641967773 0.19939659535885
484 18.851341247559 18.558574676514 0.29276740550995
485 19.672286987305 19.148653030396 0.52363431453705
486 21.468587875366 20.218334197998 1.250254034996
487 27.661270141602 22.239698410034 5.421573638916
488 27.884613037109 25.580024719238 2.3045871257782
489 26.704313278198 25.920082092285 0.78423154354095
490 23.720041275024 23.330352783203 0.38968858122826
491 22.27739906311 22.035661697388 0.24173630774021
492 21.830951690674 21.658103942871 0.17284701764584
493 21.853872299194 21.720489501953 0.1333821117878
494 22.119533538818 22.008363723755 0.11116939038038
495 22.528749465942 22.429515838623 0.099233016371727
496 23.065671920776 22.942134857178 0.12353830784559
497 23.665016174316 23.526712417603 0.13830465078354
498 24.259519577026 24.175098419189 0.084421463310719
499 24.979808807373 24.884183883667 0.095625475049019
500 25.734132766724 25.661088943481 0.073042392730713
501 26.60041809082 26.529373168945 0.071043536067009
502 27.641513824463 27.567430496216 0.074082471430302
503 29.086320877075 29.018266677856 0.068052895367146
504 30.222345352173 30.160541534424 0.061802729964256
505 30.734683990479 30.671346664429 0.063338108360767
506 31.515981674194 31.455755233765 0.060226384550333
507 32.586097717285 32.518482208252 0.067615129053593
508 33.836925506592 33.723339080811 0.11358850449324
509 35.100654602051 35.016345977783 0.08431002497673
510 36.472969055176 36.415210723877 0.057756081223488
511 37.976043701172 37.920677185059 0.05536375194788
512 39.595458984375 39.540817260742 0.054640650749207
513 41.329750061035 41.275554656982 0.054198250174522
514 43.194869995117 43.139793395996 0.055075611919165
515 45.274112701416 45.145393371582 0.12872087955475
516 47.363414764404 47.30668258667 0.056732445955276
517 49.703536987305 49.633289337158 0.070248208940029
518 52.212799072266 52.151588439941 0.061209205538034
519 54.951522827148 54.889633178711 0.061889089643955
520 58.055919647217 57.880729675293 0.17518930137157
521 61.115642547607 61.045902252197 0.069739557802677
522 64.701400756836 64.499206542969 0.20219387114048
523 68.401664733887 68.289154052734 0.11250987648964
524 72.508964538574 72.443412780762 0.065546117722988
525 77.063247680664 77.005226135254 0.058023247867823
526 82.074279785156 82.016700744629 0.057578448206186
527 87.61262512207 87.547058105469 0.065567225217819
528 93.728607177734 93.669548034668 0.059057638049126
529 100.52771759033 100.4693145752 0.05839654058218
530 108.10758209229 108.04934692383 0.058235958218575
531 116.60147857666 116.53614807129 0.065325208008289
532 126.11846160889 126.06434631348 0.054113291203976
533 136.8611907959 136.80590820312 0.055282492190599
534 149.80995178223 149.74021911621 0.069731146097183
535 163.83471679688 163.77503967285 0.059683982282877
536 179.96069335937 179.9005279541 0.060165099799633
537 198.61337280273 198.55728149414 0.056093793362379
538 220.2367401123 220.18008422852 0.056654620915651
539 245.58934020996 245.5181427002 0.071195259690285
540 275.61276245117 275.54968261719 0.063076436519623
541 311.53811645508 311.48010253906 0.058015525341034
542 355.02182006836 354.96585083008 0.055949445813894
543 408.3860168457 408.3288269043 0.057183127850294
544 474.98147583008 474.92141723633 0.060065478086472
545 559.85626220703 559.74810791016 0.10817494988441
546 670.33129882813 670.27398681641 0.057336002588272
547 815.34851074219 815.2919921875 0.056529670953751
548 1.0011251220703E+03 1.001067565918E+03 0.057556115090847
549 1.2326226806641E+03 1.2325405273437E+03 0.082105547189713
550 1.5701231689453E+03 1.5700587158203E+03 0.064558580517769
551 2.0790690917969E+03 2.0786535644531E+03 0.41557046771049
552 2.8726154785156E+03 2.8725432128906E+03 0.072171181440353
553 4.1755092773437E+03 4.1754409179687E+03 0.068031348288059
554 6.4577749023437E+03 6.4577153320312E+03 0.059426415711641
555 1.0631041992187E+04 1.0630983398437E+04 0.058257628232241
556 1.7747373046875E+04 1.7747314453125E+04 0.05786132439971
557 2.3825884765625E+04 2.382582421875E+04 0.061223905533552
558 1.681356640625E+04 1.6813505859375E+04 0.061547104269266
559 1.0092856445312E+04 1.0092791992187E+04 0.063939772546291
560 6.21441015625E+03 6.2143427734375E+03 0.067079678177834
561 4.0750114746094E+03 4.0749519042969E+03 0.05959291011095
562 2.8367797851563E+03 2.836720703125E+03 0.059007745236158
563 2.0744848632813E+03 2.074423828125E+03 0.060991823673248
564 1.5780211181641E+03 1.5779577636719E+03 0.063390582799911
565 1.2389443359375E+03 1.2388724365234E+03 0.071891032159328
566 998.0859375 997.9482421875 0.13768655061722
567 821.21234130859 821.05194091797 0.16040572524071
568 687.61749267578 687.54180908203 0.075662240386009
569 584.47308349609 584.40179443359 0.071294844150543
570 503.27862548828 503.12142944336 0.15717667341232
571 438.92657470703 437.95843505859 0.96815037727356
572 385.00262451172 384.93054199219 0.072082571685314
573 341.31732177734 341.20883178711 0.10849894583225
574 304.58032226563 304.5090637207 0.071270801126957
575 273.86337280273 273.7922668457 0.071101762354374
576 247.74884033203 247.66830444336 0.080535173416138
577 225.35279846191 225.26681518555 0.085976995527744
578 205.98745727539 205.91236877441 0.07508085668087
579 189.13969421387 189.07275390625 0.066942781209946
580 174.3984375 174.33430480957 0.06412835419178
581 161.42977905273 161.36215209961 0.067636519670486
582 149.99597167969 149.85124206543 0.14472453296185
583 139.72937011719 139.650390625 0.078974388539791
584 130.60874938965 130.5422668457 0.066485092043877
585 122.43978881836 122.37686157227 0.06293011456728
586 115.09102630615 115.02925109863 0.061777133494616
587 108.45677947998 108.39465332031 0.06212617084384
588 102.44735717773 102.38475799561 0.062596797943115
589 96.9921875 96.924758911133 0.067429333925247
590 92.021949768066 91.950965881348 0.070985905826092
591 87.557640075684 87.409065246582 0.14856907725334
592 83.325256347656 83.252838134766 0.072423011064529
593 79.523002624512 79.443626403809 0.079372987151146
594 76.019088745117 75.950096130371 0.068992041051388
595 72.910453796387 72.731422424316 0.17903673648834
596 69.801147460937 69.733940124512 0.067210473120213
597 67.047485351563 66.982345581055 0.065138570964336
598 64.510803222656 64.446044921875 0.064757831394672
599 62.17138671875 62.105270385742 0.066114492714405
600 60.014617919922 59.944618225098 0.069997861981392
