1 3.8544773124158E-03 4.7714340325911E-05 3.8067628629506E-03
2 4.2708283290267E-03 1.9178369257133E-04 4.0790447965264E-03
3 4.5947311446071E-03 4.3538806494325E-04 4.1593429632485E-03
4 5.0029847770929E-03 7.8555016079918E-04 4.2174346745014E-03
5 5.5320900864899E-03 1.2549079256132E-03 4.277182277292E-03
6 6.1831120401621E-03 1.8382357666269E-03 4.3448763899505E-03
7 6.9430777803063E-03 2.5200759992003E-03 4.423001781106E-03
8 7.8573869541287E-03 3.344293916598E-03 4.5130932703614E-03
9 8.9608151465654E-03 4.3413215316832E-03 4.6194940805435E-03
10 0.01028638612479 5.5467365309596E-03 4.7396500594914E-03
11 0.011904251761734 7.0149376988411E-03 4.8893145285547E-03
12 0.013843573629856 8.835812099278E-03 5.0077619962394E-03
13 0.016306608915329 0.011137956753373 5.1686521619558E-03
14 0.019464837387204 0.014116778969765 5.3480579517782E-03
15 0.023692915216088 0.018134074285626 5.5588418617845E-03
16 0.029663095250726 0.023892410099506 5.7706851512194E-03
17 0.038691107183695 0.032690200954676 6.0009090229869E-03
18 0.053472954779863 0.047206919640303 6.2660351395607E-03
19 0.079971857368946 0.073418363928795 6.5534953027964E-03
20 0.13218189775944 0.125313565135 6.8683256395161E-03
21 0.23890174925327 0.23168797791004 7.2137699462473E-03
22 0.39972406625748 0.39213111996651 7.5929365120828E-03
23 0.36015170812607 0.35214030742645 8.0114156007767E-03
24 0.23688641190529 0.22841170430183 8.4747020155191E-03
25 0.16247949004173 0.15350399911404 8.9754918590188E-03
26 0.12312854081392 0.11360763013363 9.5209116116166E-03
27 0.10179816931486 0.091672748327255 0.010125421918929
28 0.089840650558472 0.079040825366974 0.010799827985466
29 0.083224974572659 0.071564316749573 0.011660658754408
30 0.079767316579819 0.067153036594391 0.012614278122783
31 0.077984943985939 0.064682982861996 0.01330195646733
32 0.07782120257616 0.063511751592159 0.014309443533421
33 0.078710436820984 0.063252128660679 0.015458310954273
34 0.080338075757027 0.063659816980362 0.016678255051374
35 0.082715049386024 0.064574606716633 0.018140440806746
36 0.085286639630795 0.065893068909645 0.019393566995859
37 0.088513053953648 0.067529201507568 0.020983852446079
38 0.092255562543869 0.069438591599464 0.022816970944405
39 0.096790999174118 0.07157226651907 0.025218730792403
40 0.10222695767879 0.073905728757381 0.028321223333478
41 0.1081201583147 0.076415203511715 0.03170495480299
42 0.1162905395031 0.079084061086178 0.03720647841692
43 0.12417594343424 0.081898830831051 0.042277112603188
44 0.13360241055489 0.084846772253513 0.048755642026663
45 0.14426691830158 0.087923653423786 0.056343261152506
46 0.15701420605183 0.091120518743992 0.065893694758415
47 0.17257760465145 0.094431839883327 0.078145757317543
48 0.19221943616867 0.097853131592274 0.094366297125816
49 0.21806602180004 0.10138069838285 0.11668532341719
50 0.25461447238922 0.10501153022051 0.14960296452045
51 0.31524285674095 0.10874315351248 0.20649971067905
52 0.44587761163712 0.11257357150316 0.33330404758453
53 0.78947788476944 0.11650119721889 0.67297667264938
54 1.729368686676 0.12052480131388 1.6088439226151
55 3.944669008255 0.12464355677366 3.8200254440308
56 8.9878807067871 0.12885698676109 8.8590240478516
57 18.537868499756 0.13316512107849 18.404703140259
58 18.651454925537 0.13756926357746 18.513885498047
59 22.848648071289 0.14206981658936 22.706577301025
60 23.757595062256 0.14667038619518 23.61092376709
61 24.4264087677 0.15137672424316 24.275032043457
62 21.762338638306 0.15620075166225 21.60613822937
63 24.245485305786 0.16116145253181 24.084323883057
64 7.1426892280579 0.16630397737026 6.9763851165771
65 3.0370967388153 0.1717245131731 2.8653721809387
66 1.3384957313538 0.17762620747089 1.1608694791794
67 0.7047877907753 0.18420697748661 0.52058082818985
68 0.47938841581345 0.19028651714325 0.2891018986702
69 0.38930332660675 0.1943816691637 0.19492165744305
70 0.34524920582771 0.19868439435959 0.14656479656696
71 0.32007849216461 0.20358557999134 0.11649292707443
72 0.30429023504257 0.20886518061161 0.0954250395298
73 0.2942861020565 0.21437807381153 0.079908013343811
74 0.28816279768944 0.2200571000576 0.068105690181255
75 0.28480976819992 0.22586549818516 0.058944281190634
76 0.28353247046471 0.23178651928902 0.051745962351561
77 0.2835890352726 0.23781479895115 0.045774225145578
78 0.28452864289284 0.24394322931767 0.040585409849882
79 0.28687837719917 0.25016891956329 0.036709446460009
80 0.28942859172821 0.2564902305603 0.032938342541456
81 0.2929376065731 0.26290622353554 0.030031390488148
82 0.29693320393562 0.26941642165184 0.027516776695848
83 0.30139729380608 0.27602073550224 0.025376580655575
84 0.30625292658806 0.28271919488907 0.023533741012216
85 0.31145521998405 0.28951206803322 0.021943150088191
86 0.3167205452919 0.29639977216721 0.020320780575275
87 0.32253721356392 0.30338281393051 0.019154399633408
88 0.32860645651817 0.31046199798584 0.01814447529614
89 0.33491635322571 0.31763803958893 0.017278309911489
90 0.34145459532738 0.32491219043732 0.01654240489006
91 0.34821859002113 0.33228614926338 0.015932446345687
92 0.35519948601723 0.33976274728775 0.015436724759638
93 0.36247289180756 0.34734749794006 0.015125392004848
94 0.37010583281517 0.35505309700966 0.015052745118737
95 0.37754261493683 0.36291420459747 0.014628400094807
96 0.38645508885384 0.37100800871849 0.015447084791958
97 0.39365684986115 0.3791169822216 0.014539855532348
98 0.40147534012794 0.38689562678337 0.014579731039703
99 0.40980181097984 0.39492508769035 0.014876725152135
100 0.4186284840107 0.40323913097382 0.015389352105558
101 0.42595085501671 0.41160473227501 0.014346129260957
102 0.43551158905029 0.42009371519089 0.015417884103954
103 0.44485279917717 0.42870038747787 0.016152411699295
104 0.45505413413048 0.43742337822914 0.017630748450756
105 0.46551525592804 0.44626325368881 0.019252024590969
106 0.47668474912643 0.45522123575211 0.021463505923748
107 0.48860639333725 0.4642995595932 0.024306822568178
108 0.50151193141937 0.47350063920021 0.028011258691549
109 0.51586347818375 0.48282757401466 0.033035904169083
110 0.53220176696777 0.49228411912918 0.039917625486851
111 0.55488926172256 0.50187522172928 0.053014028817415
112 0.57363545894623 0.5116074681282 0.062027972191572
113 0.60419678688049 0.52149021625519 0.082706578075886
114 0.64890772104263 0.53153830766678 0.11736939102411
115 0.72630631923676 0.54177695512772 0.18452939391136
116 0.87125790119171 0.55225360393524 0.31900426745415
117 1.256360411644 0.56306535005569 0.69329500198364
118 2.7859747409821 0.57441288232803 2.2115619182587
119 5.9491443634033 0.58657813072205 5.3625659942627
120 1.764600276947 0.5988906621933 1.1657096147537
121 1.0663635730743 0.6087908744812 0.45757278800011
122 0.85672032833099 0.61842525005341 0.23829509317875
123 0.77558743953705 0.6288737654686 0.14671367406845
124 0.75109076499939 0.63992267847061 0.1111681163311
125 0.72659438848495 0.65137177705765 0.075222611427307
126 0.72010904550552 0.6631241440773 0.056984875351191
127 0.72042441368103 0.67514306306839 0.045281376689672
128 0.72551107406616 0.68741095066071 0.03810016065836
129 0.73176848888397 0.69992470741272 0.031843792647123
130 0.74020373821259 0.71268653869629 0.027517164126039
131 0.75050163269043 0.72570705413818 0.024794572964311
132 0.76087248325348 0.73899507522583 0.021877398714423
133 0.77252191305161 0.7525634765625 0.019958447664976
134 0.78468036651611 0.76642721891403 0.018253123387694
135 0.79756665229797 0.78060346841812 0.016963163390756
136 0.81112265586853 0.79511147737503 0.016011223196983
137 0.82632952928543 0.80997276306152 0.016356790438294
138 0.83937591314316 0.82521164417267 0.014164258725941
139 0.8544128537178 0.84085530042648 0.013557576574385
140 0.87005776166916 0.8569341301918 0.013123625889421
141 0.88657319545746 0.87348240613937 0.013090784661472
142 0.91063928604126 0.89053863286972 0.020100645720959
143 0.9209760427475 0.90814632177353 0.012829774059355
144 0.93829554319382 0.92635405063629 0.011941488832235
145 0.96254938840866 0.94521880149841 0.017330585047603
146 0.9759669303894 0.96480351686478 0.011163395829499
147 0.99609208106995 0.98518067598343 0.010911403223872
148 1.0173518657684 1.0064334869385 0.010918435640633
149 1.040344119072 1.0286573171616 0.01168674044311
150 1.0628015995026 1.051934838295 0.010866807773709
151 1.0875797271729 1.0764508247375 0.011128883808851
152 1.1126809120178 1.1023247241974 0.010356138460338
153 1.1400833129883 1.1297305822372 0.010352618992329
154 1.1743115186691 1.1588730812073 0.015438458882272
155 1.2000850439072 1.1899937391281 0.010091315954924
156 1.2336015701294 1.2233794927597 0.010222049430013
157 1.2691787481308 1.2593733072281 9.8054828122258E-03
158 1.3081078529358 1.2983875274658 9.7202872857451E-03
159 1.3506151437759 1.3409215211868 9.6935983747244E-03
160 1.3972457647324 1.3875839710236 9.6618020907044E-03
161 1.4487715959549 1.4391235113144 9.6480315551162E-03
162 1.5061732530594 1.4964680671692 9.7051383927464E-03
163 1.5705597400665 1.5607788562775 9.780865162611E-03
164 1.6438963413239 1.6335773468018 0.010318982414901
165 1.738055229187 1.7166339159012 0.021421240642667
166 1.8247810602188 1.8124293088913 0.012351743876934
167 1.9345022439957 1.9241473674774 0.010354932397604
168 2.0658617019653 2.0560264587402 9.8352506756783E-03
169 2.2235269546509 2.2138004302979 9.7265467047691E-03
170 2.4151101112366 2.405375957489 9.7341034561396E-03
171 2.6517162322998 2.6418836116791 9.8327305167913E-03
172 2.9492144584656 2.9393672943115 9.8469741642475E-03
173 3.3316900730133 3.3215916156769 0.010098541155457
174 3.8351271152496 3.8248660564423 0.010261075571179
175 4.5186524391174 4.5067052841187 0.011947102844715
176 5.4735932350159 5.4621047973633 0.011488155461848
177 6.8662176132202 6.8558073043823 0.010410289280117
178 9.0000782012939 8.9900236129761 0.010054729878902
179 12.46485042572 12.454823493958 0.010027043521404
180 18.485042572021 18.473796844482 0.0112459436059
181 29.652187347412 29.642105102539 0.010083744302392
182 50.566440582275 50.556228637695 0.010211781598628
183 79.925491333008 79.914878845215 0.010616292245686
184 70.162963867188 70.148696899414 0.014263335615396
185 42.714908599854 42.701168060303 0.013741562142968
186 26.038454055786 26.027851104736 0.010602723807096
187 17.105436325073 17.094888687134 0.010548246093094
188 12.124970436096 12.11464214325 0.010328580625355
189 9.1571216583252 9.1467351913452 0.010385979898274
190 7.2758722305298 7.2654304504395 0.010441796854138
191 6.0211615562439 6.0106153488159 0.010546530596912
192 5.1508402824402 5.1401009559631 0.010739343240857
193 4.5318794250488 4.5200538635254 0.011825693771243
194 4.0770325660706 4.0654768943787 0.01155580766499
195 3.7129662036896 3.6975882053375 0.015377985313535
196 3.425151348114 3.4123482704163 0.01280299667269
197 3.2041687965393 3.1928467750549 0.011322037316859
198 3.0330657958984 3.0219984054565 0.011067349463701
199 2.9007086753845 2.8890795707703 0.011629150249064
200 2.8005793094635 2.7887134552002 0.01186584122479
201 2.735812664032 2.7216861248016 0.014126709662378
202 2.7101125717163 2.6985456943512 0.011566764675081
203 2.7379441261292 2.7265202999115 0.011423652991652
204 2.6715965270996 2.6603975296021 0.011199150234461
205 2.5456480979919 2.5343174934387 0.011330598965287
206 2.4673545360565 2.4540598392487 0.013294656760991
207 2.4155457019806 2.4037551879883 0.01179052144289
208 2.3826019763947 2.3696637153625 0.01293823774904
209 2.3604576587677 2.3454523086548 0.01500532310456
210 2.3396317958832 2.3272202014923 0.012411558069289
211 2.3286690711975 2.3141162395477 0.014552774839103
212 2.3169033527374 2.3050479888916 0.01185552123934
213 2.3111681938171 2.2992434501648 0.011924612335861
214 2.308598279953 2.2961716651917 0.012426603585482
215 2.3286354541779 2.2954444885254 0.033190775662661
216 2.3090357780457 2.2967615127563 0.01227427367121
217 2.3119916915894 2.2998805046082 0.012111066840589
218 2.3168852329254 2.304603099823 0.012282054871321
219 2.3229184150696 2.3107631206512 0.012155130505562
220 2.3304312229156 2.318220615387 0.012210794724524
221 2.3391826152802 2.3268554210663 0.012327367439866
222 2.3490760326385 2.3366107940674 0.012465158477426
223 2.3599872589111 2.3473062515259 0.012680954299867
224 2.3703842163086 2.3573324680328 0.013051744550467
225 2.3839917182922 2.3699083328247 0.014083312824368
226 2.4077532291412 2.3832519054413 0.024501368403435
227 2.4118366241455 2.3973159790039 0.014520742930472
228 2.4257869720459 2.4120616912842 0.013725148513913
229 2.4417660236359 2.4274625778198 0.014303421601653
230 2.4586007595062 2.4435153007507 0.015085503458977
231 2.4835987091064 2.4602870941162 0.023311417549849
232 2.494930267334 2.4780809879303 0.016849279403687
233 2.5166842937469 2.496707201004 0.019977128133178
234 2.5618283748627 2.5137600898743 0.048068109899759
235 2.5541987419128 2.5316143035889 0.022584307938814
236 2.5720245838165 2.5503482818604 0.021676195785403
237 2.6117331981659 2.5696575641632 0.042075507342815
238 2.6072936058044 2.58944272995 0.017850963398814
239 2.6635384559631 2.6096625328064 0.053875736892223
240 2.6463685035706 2.6302943229675 0.016074046492577
241 2.6674978733063 2.6513254642487 0.016172321513295
242 2.6983337402344 2.6727440357208 0.025589779019356
243 2.7187263965607 2.6945412158966 0.024185284972191
244 2.7377753257751 2.7167105674744 0.021064665168524
245 2.7549867630005 2.7392454147339 0.01574144884944
246 2.7773969173431 2.7621409893036 0.015255785547197
247 2.8022427558899 2.7853939533234 0.016848793253303
248 2.8452670574188 2.8090012073517 0.036266051232815
249 2.8548488616943 2.8329601287842 0.021888894960284
250 2.8832423686981 2.8572692871094 0.025973094627261
251 2.9024524688721 2.8819279670715 0.02052447758615
252 2.9230134487152 2.9069356918335 0.016077686101198
253 2.9477922916412 2.932293176651 0.015498954802752
254 2.9732563495636 2.9580013751984 0.015254960395396
255 2.999279499054 2.9840617179871 0.015217679552734
256 3.025780916214 3.0104765892029 0.015304429456592
257 3.0531303882599 3.0372488498688 0.015881605446339
258 3.0846228599548 3.0643818378448 0.020241102203727
259 3.1175603866577 3.0918796062469 0.025680981576443
260 3.1360545158386 3.1197466850281 0.016307853162289
261 3.1641802787781 3.1479887962341 0.016191525384784
262 3.1935918331146 3.1766073703766 0.016984347254038
263 3.2305054664612 3.2056179046631 0.024887569248676
264 3.2559316158295 3.2351233959198 0.020808320492506
265 3.2891042232513 3.2649321556091 0.024171881377697
266 3.3122055530548 3.2951531410217 0.0170524045825
267 3.3505725860596 3.3257958889008 0.024776626378298
268 3.3743023872375 3.3568780422211 0.017424257472157
269 3.4050722122192 3.3883986473083 0.016673700883985
270 3.4370484352112 3.4203774929047 0.016670886427164
271 3.4705340862274 3.452831029892 0.017703022807837
272 3.5041584968567 3.4857861995697 0.018372258171439
273 3.5869987010956 3.5192806720734 0.067717991769314
274 3.5743999481201 3.5531990528107 0.021200919523835
275 3.6087474822998 3.5876653194427 0.021082310006022
276 3.6442039012909 3.6227195262909 0.021484479308128
277 3.6885645389557 3.6583662033081 0.03019817173481
278 3.7129836082458 3.694628238678 0.018355494365096
279 3.7505462169647 3.7315330505371 0.01901326328516
280 3.7874608039856 3.7691121101379 0.018348665907979
281 3.8281667232513 3.8074004650116 0.02076630666852
282 3.864449262619 3.8464272022247 0.01802191324532
283 3.9076402187347 3.8862550258636 0.021385379135609
284 3.9454891681671 3.9269216060638 0.018567366525531
285 3.9885704517365 3.9684810638428 0.020089339464903
286 4.078583240509 4.0110087394714 0.067574813961983
287 4.078227519989 4.0545411109924 0.023686395958066
288 4.1205620765686 4.0991697311401 0.021392690017819
289 4.2450203895569 4.1449799537659 0.10004077106714
290 4.2120404243469 4.1920704841614 0.019970221444964
291 4.2667174339294 4.2405543327332 0.026163298636675
292 4.3103003501892 4.2905654907227 0.019734801724553
293 4.3746032714844 4.3422746658325 0.032328758388758
294 4.4163670539856 4.3960161209106 0.020350906997919
295 4.4715189933777 4.451840877533 0.019678192213178
296 4.529082775116 4.5092244148254 0.019858364015818
297 4.5909194946289 4.5693535804749 0.021565737202764
298 4.6587948799133 4.6324882507324 0.026306657120585
299 4.7253684997559 4.6988339424133 0.026534711942077
300 4.793408870697 4.7686543464661 0.024754570797086
301 4.8746976852417 4.8427648544312 0.031933270394802
302 4.9539895057678 4.9221711158752 0.031818423420191
303 5.0477304458618 5.0068516731262 0.040878817439079
304 5.1199793815613 5.0981969833374 0.021782102063298
305 5.2181510925293 5.1974544525146 0.020696440711617
306 5.3262329101563 5.3062009811401 0.020032031461596
307 5.4465775489807 5.4264540672302 0.020123852416873
308 5.5811023712158 5.5608291625977 0.020273312926292
309 5.7334933280945 5.7127676010132 0.020725760608912
310 5.9177780151367 5.886869430542 0.030908217653632
311 6.1103763580322 6.0893983840942 0.020977675914764
312 6.3499164581299 6.329062461853 0.020854050293565
313 6.6394748687744 6.6182584762573 0.02121633477509
314 6.9970083236694 6.9751329421997 0.02187548391521
315 7.4515023231506 7.4271149635315 0.024387529119849
316 8.0543956756592 8.017373085022 0.037023164331913
317 8.8466196060181 8.8171577453613 0.029461767524481
318 9.9745092391968 9.9517631530762 0.02274621091783
319 11.682360649109 11.658720970154 0.023639583960176
320 14.4381275177 14.410516738892 0.027611287310719
321 18.910024642944 18.886985778809 0.023038925603032
322 25.40075302124 25.378454208374 0.02229799516499
323 37.96533203125 37.94259262085 0.022738721221685
324 63.187191009521 63.163635253906 0.023555664345622
325 96.161613464355 96.136512756348 0.025102201849222
326 74.527694702148 74.496612548828 0.031084954738617
327 44.719654083252 44.628509521484 0.091143898665905
328 28.512119293213 28.484592437744 0.027526373043656
329 20.274307250977 20.249742507935 0.024565240368247
330 15.792333602905 15.768891334534 0.023441933095455
331 13.169267654419 13.145033836365 0.024233277887106
332 11.54102230072 11.512580871582 0.028441295027733
333 10.501891136169 10.449617385864 0.052274122834206
334 9.7606258392334 9.7353954315186 0.025230698287487
335 9.2745809555054 9.2473001480103 0.027281180024147
336 8.936092376709 8.9117984771729 0.024294355884194
337 8.6990833282471 8.6749858856201 0.024097871035337
338 8.5356769561768 8.5115642547607 0.024112965911627
339 8.4328079223633 8.4084987640381 0.02430964820087
340 8.3769979476929 8.3524188995361 0.024579228833318
341 8.3581581115723 8.3332357406616 0.024922359734774
342 8.3688774108887 8.3430967330933 0.025780415162444
343 8.4137907028198 8.3803110122681 0.033479861915112
344 8.4677648544312 8.4403009414673 0.027464088052511
345 8.5543165206909 8.5209817886353 0.033334154635668
346 8.6493558883667 8.6211242675781 0.028231348842382
347 8.7673645019531 8.7401247024536 0.027240078896284
348 8.905179977417 8.8779134750366 0.027266712859273
349 9.0629291534424 9.0349082946777 0.028020590543747
350 9.2417030334473 9.2119932174683 0.029710037633777
351 9.4446392059326 9.4105195999146 0.034118808805943
352 9.6835947036743 9.6323385238647 0.051255870610476
353 9.9335784912109 9.8798551559448 0.053723067045212
354 10.188443183899 10.15599822998 0.032444998621941
355 10.56010055542 10.464810371399 0.09529036283493
356 10.843651771545 10.810891151428 0.032760966569185
357 11.237223625183 11.200101852417 0.037122152745724
358 11.694916725159 11.63973236084 0.055183943361044
359 12.237680435181 12.13889503479 0.098785206675529
360 12.750575065613 12.709054946899 0.04152000695467
361 13.405199050903 13.364766120911 0.040433533489704
362 14.168308258057 14.124683380127 0.043624710291624
363 15.065557479858 15.01300239563 0.052555043250322
364 16.135641098022 16.061513900757 0.074126459658146
365 17.39940071106 17.312608718872 0.086791798472404
366 18.941379547119 18.823722839355 0.11765799671412
367 20.91877746582 20.674381256104 0.24439708888531
368 23.713493347168 22.976654052734 0.73683929443359
369 26.638896942139 25.89271736145 0.74617993831635
370 29.894590377808 29.663816452026 0.2307750582695
371 34.868225097656 34.660598754883 0.20762848854065
372 41.552658081055 41.474384307861 0.0782720297575
373 51.151649475098 51.091136932373 0.060515116900206
374 65.295471191406 65.242485046387 0.052981667220592
375 87.236640930176 87.160621643066 0.076022297143936
376 123.36750030518 123.31182861328 0.055669035762548
377 187.63214111328 187.57968139648 0.052468772977591
378 310.94839477539 310.89077758789 0.057614803314209
379 551.13293457031 551.08721923828 0.045724637806416
380 879.10638427734 879.06982421875 0.036555528640747
381 691.15710449219 691.12158203125 0.035519581288099
382 395.85781860352 395.82269287109 0.035122763365507
383 233.8076171875 233.77290344238 0.034718845039606
384 150.62498474121 150.5902557373 0.034733142703772
385 105.16152191162 105.12644195557 0.035077445209026
386 78.320014953613 78.283821105957 0.036195889115334
387 61.323009490967 61.26651763916 0.056493826210499
388 50.066295623779 50.029281616211 0.037013173103333
389 42.485145568848 42.448974609375 0.036171555519104
390 37.34289932251 37.306774139404 0.036126296967268
391 33.169189453125 33.13187789917 0.037313718348742
392 29.367307662964 29.324546813965 0.04276018217206
393 26.477277755737 26.424690246582 0.052587818354368
394 24.279418945313 24.240077972412 0.039342608302832
395 22.603046417236 22.553298950195 0.049747213721275
396 21.261474609375 21.217794418335 0.043679729104042
397 20.22717666626 20.151363372803 0.07581203430891
398 19.330476760864 19.287521362305 0.042954843491316
399 18.629312515259 18.583400726318 0.04591216519475
400 18.101072311401 18.007720947266 0.093352548778057
401 17.626251220703 17.537048339844 0.089203648269176
402 17.262008666992 17.153512954712 0.10849602520466
403 16.912982940674 16.843269348145 0.069712519645691
404 16.649318695068 16.595472335815 0.053846515715122
405 16.452802658081 16.40154838562 0.051255352795124
406 16.306066513062 16.254686355591 0.05137998983264
407 16.204397201538 16.149461746216 0.054935969412327
408 16.159069061279 16.081699371338 0.077368699014187
409 16.112865447998 16.047691345215 0.065175548195839
410 16.09256362915 16.029922485352 0.062640279531479
411 16.124443054199 16.057670593262 0.066772915422916
412 16.186334609985 16.112926483154 0.073406487703323
413 16.324977874756 16.194725036621 0.13025268912315
414 16.434421539307 16.302547454834 0.13187336921692
415 16.546768188477 16.436307907104 0.11045905947685
416 16.71346282959 16.595149993896 0.11831237375736
417 16.923112869263 16.782337188721 0.14077493548393
418 17.171741485596 16.997873306274 0.17386867105961
419 17.47022819519 17.243577957153 0.22665022313595
420 17.837074279785 17.52165222168 0.3154225051403
421 18.314514160156 17.835815429688 0.47869816422462
422 19.005657196045 18.189939498901 0.81571763753891
423 20.313879013062 18.589363098145 1.7245154380798
424 24.242866516113 19.041107177734 5.2017579078674
425 32.541637420654 19.553110122681 12.988526344299
426 23.079769134521 20.136098861694 2.9436709880829
427 22.017417907715 20.806348800659 1.2110694646835
428 22.227886199951 21.583572387695 0.64431363344193
429 22.923900604248 22.495264053345 0.4286367893219
430 23.876058578491 23.580623626709 0.29543653130531
431 25.114366531372 24.897607803345 0.21675750613213
432 26.704347610474 26.536809921265 0.16753666102886
433 28.787519454956 28.649099349976 0.13842134177685
434 31.629777908325 31.511257171631 0.11852208524942
435 35.80110168457 35.696807861328 0.10429130494595
436 42.681652069092 42.586769104004 0.094882674515247
437 55.600196838379 55.501819610596 0.098380111157894
438 77.63542175293 77.54793548584 0.087487772107124
439 113.07044219971 112.99287414551 0.077569045126438
440 97.20442199707 97.130317687988 0.074099361896515
441 84.594673156738 84.492233276367 0.10244213789701
442 92.915138244629 92.802337646484 0.11279497295618
443 117.65088653564 117.58513641357 0.065750479698181
444 148.31695556641 148.25675964355 0.060194790363312
445 214.16885375977 214.10342407227 0.065430887043476
446 354.59591674805 354.51977539062 0.076130695641041
447 641.41027832031 641.34967041016 0.060608699917793
448 967.04675292969 966.98693847656 0.059859413653612
449 647.41174316406 647.28369140625 0.12805433571339
450 359.57043457031 359.51461791992 0.055810160934925
451 216.08222961426 216.02571105957 0.056522868573666
452 144.37954711914 144.31468200684 0.06485553830862
453 105.36824798584 105.31157684326 0.056672129780054
454 82.353103637695 82.299697875977 0.053400047123432
455 67.86060333252 67.80638885498 0.054211642593145
456 58.26176071167 58.209785461426 0.051973976194859
457 51.681880950928 51.614288330078 0.067593574523926
458 47.016353607178 46.960933685303 0.055419269949198
459 43.677581787109 43.626113891602 0.051465138792992
460 41.287925720215 41.235378265381 0.052546571940184
461 39.593757629395 39.536743164063 0.057013064622879
462 38.45707321167 38.388339996338 0.068735219538212
463 37.799060821533 37.688404083252 0.11065702885389
464 37.460517883301 37.375606536865 0.08491413295269
465 37.550662994385 37.492317199707 0.058345280587673
466 38.195953369141 38.131488800049 0.064466297626495
467 39.603904724121 39.522464752197 0.081441126763821
468 42.331703186035 42.23579788208 0.095906510949135
469 47.862586975098 47.745941162109 0.11664628982544
470 59.419212341309 59.341156005859 0.078060030937195
471 73.340126037598 72.975234985352 0.36489561200142
472 71.176910400391 71.106620788574 0.070289708673954
473 84.712013244629 84.552124023438 0.15989477932453
474 124.69355773926 124.62511444092 0.068440973758698
475 143.06619262695 142.99449157715 0.071699902415276
476 94.563552856445 94.222984313965 0.34056550264359
477 66.682060241699 66.590682983398 0.091372668743134
478 54.42183303833 54.337333679199 0.084502004086971
479 48.708522796631 48.613826751709 0.094698905944824
480 45.979293823242 45.82027053833 0.15902145206928
481 44.722236633301 44.519229888916 0.20300869643688
482 44.259189605713 44.094200134277 0.16498890519142
483 44.481735229492 44.282341003418 0.19939659535885
484 45.32719039917 45.034423828125 0.29276740550995
485 46.989948272705 46.466312408447 0.52363431453705
486 50.312267303467 49.06201171875 1.250254034996
487 59.388645172119 53.9670753479 5.421573638916
488 64.377334594727 62.072746276855 2.3045871257782
489 63.682163238525 62.897930145264 0.78423154354095
490 57.003360748291 56.613670349121 0.38968858122826
491 53.713695526123 53.471961975098 0.24173630774021
492 52.728622436523 52.555774688721 0.17284701764584
493 52.8405418396 52.707160949707 0.1333821117878
494 53.516887664795 53.405715942383 0.11116939038038
495 54.526924133301 54.427688598633 0.099233016371727
496 55.795150756836 55.671611785889 0.12353830784559
497 57.228458404541 57.090156555176 0.13830465078354
498 58.747959136963 58.663539886475 0.084421463310719
499 60.479835510254 60.384212493896 0.095625475049019
500 62.342498779297 62.269458770752 0.073042392730713
501 64.447486877441 64.376441955566 0.071043536067009
502 66.96949005127 66.895408630371 0.074082471430302
503 70.484069824219 70.416015625 0.068052895367146
504 73.24967956543 73.187873840332 0.061802729964256
505 74.490737915039 74.427398681641 0.063338108360767
506 76.391082763672 76.330856323242 0.060226384550333
507 78.977294921875 78.909675598145 0.067615129053593
508 81.946975708008 81.833389282227 0.11358850449324
509 85.055328369141 84.971015930176 0.08431002497673
510 88.423278808594 88.365516662598 0.057756081223488
511 92.074066162109 92.018699645996 0.05536375194788
512 96.004791259766 95.950149536133 0.054640650749207
513 100.2138671875 100.15966796875 0.054198250174522
514 104.73853302002 104.6834564209 0.055075611919165
515 109.6789855957 109.55026245117 0.12872087955475
516 114.85160064697 114.79486846924 0.056732445955276
517 120.510887146 120.44064331055 0.070248208940029
518 126.61278533936 126.55157470703 0.061209205538034
519 133.25762939453 133.19573974609 0.061889089643955
520 140.62915039063 140.4539642334 0.17518930137157
521 148.20434570313 148.13459777832 0.069739557802677
522 156.71662902832 156.51443481445 0.20219387114048
523 165.8236541748 165.71115112305 0.11250987648964
524 175.85746765137 175.79191589355 0.065546117722988
525 186.91967773437 186.86164855957 0.058023247867823
526 199.08013916016 199.02255249023 0.057578448206186
527 212.50814819336 212.44258117676 0.065567225217819
528 227.3585357666 227.29946899414 0.059057638049126
529 243.8582611084 243.79985046387 0.05839654058218
530 262.25186157227 262.1936340332 0.058235958218575
531 282.85311889648 282.78778076172 0.065325208008289
532 305.96313476563 305.90902709961 0.054113291203976
533 332.02984619141 331.97457885742 0.055282492190599
534 363.43087768555 363.36114501953 0.069731146097183
535 397.47784423828 397.41815185547 0.059683982282877
536 436.60861206055 436.54843139648 0.060165099799633
537 481.87719726562 481.82110595703 0.056093793362379
538 534.34790039062 534.29119873047 0.056654620915651
539 595.84796142578 595.77679443359 0.071195259690285
540 668.71472167969 668.65167236328 0.063076436519623
541 755.89880371094 755.84075927734 0.058015525341034
542 861.41967773438 861.36370849609 0.055949445813894
543 990.91204833984 990.85485839844 0.057183127850294
544 1.1525091552734E+03 1.1524490966797E+03 0.060065478086472
545 1.3583985595703E+03 1.3582904052734E+03 0.10817494988441
546 1.6265509033203E+03 1.6264935302734E+03 0.057336002588272
547 1.9784522705078E+03 1.9783957519531E+03 0.056529670953751
548 2.4292583007813E+03 2.4292006835937E+03 0.057556115090847
549 2.9909772949219E+03 2.9908952636719E+03 0.082105547189713
550 3.8099846191406E+03 3.8099201660156E+03 0.064558580517769
551 5.0444970703125E+03 5.0440815429688E+03 0.41557046771049
552 6.9706147460937E+03 6.9705424804688E+03 0.072171181440353
553 1.0132235351562E+04 1.0132166992187E+04 0.068031348288059
554 1.5670416992187E+04 1.5670357421875E+04 0.059426415711641
555 2.5797310546875E+04 2.5797251953125E+04 0.058257628232241
556 4.306587109375E+04 4.30658125E+04 0.05786132439971
557 5.781604296875E+04 5.7815984375E+04 0.061223905533552
558 4.07998828125E+04 4.07998203125E+04 0.061547104269266
559 2.44913359375E+04 2.4491271484375E+04 0.063939772546291
560 1.5079854492187E+04 1.5079787109375E+04 0.067079678177834
561 9.88837890625E+03 9.8883193359375E+03 0.05959291011095
562 6.8836743164062E+03 6.883615234375E+03 0.059007745236158
563 5.03387890625E+03 5.0338178710938E+03 0.060991823673248
564 3.8291516113281E+03 3.8290881347656E+03 0.063390582799911
565 3.0063322753906E+03 3.0062604980469E+03 0.071891032159328
566 2.4217690429688E+03 2.4216313476563E+03 0.13768655061722
567 1.9925333251953E+03 1.9923729248047E+03 0.16040572524071
568 1.6684715576172E+03 1.6683958740234E+03 0.075662240386009
569 1.4181866455078E+03 1.4181153564453E+03 0.071294844150543
570 1.2210367431641E+03 1.2208795166016E+03 0.15717667341232
571 1.0637225341797E+03 1.0627543945313E+03 0.96815037727356
572 934.14837646484 934.07629394531 0.072082571685314
573 828.08929443359 827.98077392578 0.10849894583225
574 738.99603271484 738.92474365234 0.071270801126957
575 664.45819091797 664.38708496094 0.071101762354374
576 601.07495117187 600.99438476562 0.080535173416138
577 546.720703125 546.63470458984 0.085976995527744
578 499.74411010742 499.66903686523 0.07508085668087
579 458.8727722168 458.80584716797 0.066942781209946
580 423.10552978516 423.04138183594 0.06412835419178
581 391.63064575195 391.56301879883 0.067636519670486
582 363.77526855469 363.63052368164 0.14472453296185
583 338.95602416992 338.87704467773 0.078974388539791
584 316.84164428711 316.77517700195 0.066485092043877
585 297.02386474609 296.9609375 0.06293011456728
586 279.19293212891 279.1311340332 0.061777133494616
587 263.09365844727 263.03155517578 0.06212617084384
588 248.51048278809 248.44789123535 0.062596797943115
589 235.26602172852 235.19859313965 0.067429333925247
590 223.20013427734 223.12913513184 0.070985905826092
591 212.25630187988 212.10772705078 0.14856907725334
592 202.0945892334 202.02217102051 0.072423011064529
593 192.85807800293 192.77870178223 0.079372987151146
594 184.3702545166 184.30126953125 0.068992041051388
595 176.66983032227 176.4907989502 0.17903673648834
596 169.28428649902 169.2170715332 0.067210473120213
597 162.60516357422 162.54002380371 0.065138570964336
598 156.45018005371 156.38542175293 0.064757831394672
599 150.77139282227 150.70527648926 0.066114492714405
600 145.53221130371 145.46221923828 0.069997861981392
