1 3.8124013226479E-03 5.63830963074E-06 3.8067628629506E-03
2 4.1017076000571E-03 2.2662699848297E-05 4.0790447965264E-03
3 4.210792016238E-03 5.1448951126076E-05 4.1593429632485E-03
4 4.3102614581585E-03 9.2826907348353E-05 4.2174346745014E-03
5 4.4254721142352E-03 1.4828999701422E-04 4.277182277292E-03
6 4.5620971359313E-03 2.1722068777308E-04 4.3448763899505E-03
7 4.7207940369844E-03 2.977924013976E-04 4.423001781106E-03
8 4.9082818441093E-03 3.951886028517E-04 4.5130932703614E-03
9 5.1324991509318E-03 5.1300541963428E-04 4.6194940805435E-03
10 5.3950971923769E-03 6.5544690005481E-04 4.7396500594914E-03
11 5.7182558812201E-03 8.2894129445776E-04 4.8893145285547E-03
12 6.0518723912537E-03 1.0441105114296E-03 5.0077619962394E-03
13 6.4848023466766E-03 1.3161504175514E-03 5.1686521619558E-03
14 7.016209885478E-03 1.6681519336998E-03 5.3480579517782E-03
15 7.7017098665237E-03 2.1428677719086E-03 5.5588418617845E-03
16 8.5940044373274E-03 2.8233190532774E-03 5.7706851512194E-03
17 9.8638450726867E-03 3.8629362825304E-03 6.0009090229869E-03
18 0.01184438355267 5.5783488787711E-03 6.2660351395607E-03
19 0.015229198150337 8.6757028475404E-03 6.5534953027964E-03
20 0.021676383912563 0.014808056876063 6.8683256395161E-03
21 0.034591879695654 0.027378112077713 7.2137699462473E-03
22 0.053930297493935 0.046337362378836 7.5929365120828E-03
23 0.049623139202595 0.041611723601818 8.0114156007767E-03
24 0.035465661436319 0.026990961283445 8.4747020155191E-03
25 0.027114756405354 0.018139263615012 8.9754918590188E-03
26 0.022945702075958 0.013424789533019 9.5209116116166E-03
27 0.02095820941031 0.010832788422704 0.010125421918929
28 0.020139927044511 9.3400981277227E-03 0.010799827985466
29 0.020117273554206 8.456613868475E-03 0.011660658754408
30 0.020549619570374 7.9353414475918E-03 0.012614278122783
31 0.020945416763425 7.6434607617557E-03 0.01330195646733
32 0.021814502775669 7.5050587765872E-03 0.014309443533421
33 0.022932689636946 7.4743791483343E-03 0.015458310954273
34 0.02420081011951 7.5225550681353E-03 0.016678255051374
35 0.025771094486117 7.6306536793709E-03 0.018140440806746
36 0.027180021628737 7.786454167217E-03 0.019393566995859
37 0.028963644057512 7.9797925427556E-03 0.020983852446079
38 0.031022392213345 8.20542126894E-03 0.022816970944405
39 0.033676285296679 8.4575535729527E-03 0.025218730792403
40 0.037054516375065 8.7332939729095E-03 0.028321223333478
41 0.04073478654027 9.029833599925E-03 0.03170495480299
42 0.046551685780287 9.3452073633671E-03 0.03720647841692
43 0.051954936236143 9.6778236329556E-03 0.042277112603188
44 0.058781817555428 0.010026175528765 0.048755642026663
45 0.0667330250144 0.010389763861895 0.056343261152506
46 0.076661221683025 0.010767531581223 0.065893694758415
47 0.089304581284523 0.011158824898303 0.078145757317543
48 0.10592941194773 0.011563111096621 0.094366297125816
49 0.12866528332233 0.01197995711118 0.11668532341719
50 0.16201196610928 0.012409005314112 0.14960296452045
51 0.21934966742992 0.012849963270128 0.20649971067905
52 0.34660664200783 0.013302597217262 0.33330404758453
53 0.68674337863922 0.013766716234386 0.67297667264938
54 1.6230860948563 0.014242177829146 1.6088439226151
55 3.8347542285919 0.014728882350028 3.8200254440308
56 8.8742504119873 0.01522677578032 8.8590240478516
57 18.420438766479 0.015735859051347 18.404703140259
58 18.530141830444 0.016256289556623 18.513885498047
59 22.723365783691 0.016788110136986 22.706577301025
60 23.628255844116 0.017331749200821 23.61092376709
61 24.292921066284 0.017887888476253 24.275032043457
62 21.62459564209 0.018457936123013 21.60613822937
63 24.103366851807 0.019044131040573 24.084323883057
64 6.9960370063782 0.019651813432574 6.9763851165771
65 2.8856647014618 0.020292347297072 2.8653721809387
66 1.181859254837 0.020989738404751 1.1608694791794
67 0.54234820604324 0.021767375990748 0.52058082818985
68 0.31158769130707 0.022485781461 0.2891018986702
69 0.21789136528969 0.022969698533416 0.19492165744305
70 0.1700429469347 0.023478142917156 0.14656479656696
71 0.14055022597313 0.024057306349277 0.11649292707443
72 0.12010622769594 0.024681186303496 0.0954250395298
73 0.10524064302444 0.025332635268569 0.079908013343811
74 0.094109401106834 0.026003714650869 0.068105690181255
75 0.085634365677834 0.026690078899264 0.058944281190634
76 0.079135715961456 0.027389755472541 0.051745962351561
77 0.073876336216927 0.028102105483413 0.045774225145578
78 0.06941170245409 0.028826290741563 0.040585409849882
79 0.066271416842937 0.029561968520284 0.036709446460009
80 0.063247285783291 0.03030894510448 0.032938342541456
81 0.061098501086235 0.031067108735442 0.030031390488148
82 0.059353183954954 0.031836409121752 0.027516776695848
83 0.057993404567242 0.032616823911667 0.025376580655575
84 0.056942109018564 0.033408369868994 0.023533741012216
85 0.05615422129631 0.034211069345474 0.021943150088191
86 0.055345755070448 0.035024974495173 0.020320780575275
87 0.055004548281431 0.035850148648024 0.019154399633408
88 0.054831154644489 0.036686681210995 0.01814447529614
89 0.054812967777252 0.037534657865763 0.017278309911489
90 0.05493663623929 0.03839423134923 0.01654240489006
91 0.055198043584824 0.039265599101782 0.015932446345687
92 0.055585820227861 0.040149096399546 0.015436724759638
93 0.056170757859945 0.041045367717743 0.015125392004848
94 0.057008668780327 0.041955925524235 0.015052745118737
95 0.057513255625963 0.042884856462479 0.014628400094807
96 0.059288371354342 0.043841283768415 0.015447084791958
97 0.059339363127947 0.044799506664276 0.014539855532348
98 0.060298420488834 0.045718692243099 0.014579731039703
99 0.061544243246317 0.046667519956827 0.014876725152135
100 0.06303932517767 0.047649972140789 0.015389352105558
101 0.062984645366669 0.048638518899679 0.014346129260957
102 0.065059527754784 0.049641646444798 0.015417884103954
103 0.066811092197895 0.05065867677331 0.016152411699295
104 0.06932020932436 0.051689460873604 0.017630748450756
105 0.071986071765423 0.052734047174454 0.019252024590969
106 0.07525610178709 0.053792595863342 0.021463505923748
107 0.079172186553478 0.0548653639853 0.024306822568178
108 0.083963893353939 0.05595263838768 0.028011258691549
109 0.090090684592724 0.057054780423641 0.033035904169083
110 0.09808986634016 0.0581722445786 0.039917625486851
111 0.11231963336468 0.059305608272552 0.053014028817415
112 0.12248361855745 0.060455642640591 0.062027972191572
113 0.14433005452156 0.061623472720385 0.082706578075886
114 0.18018022179604 0.062810830771923 0.11736939102411
115 0.24855010211468 0.064020715653896 0.18452939391136
116 0.38426297903061 0.065258719027042 0.31900426745415
117 0.75983130931854 0.066536322236061 0.69329500198364
118 2.2794389724731 0.067877240478992 2.2115619182587
119 5.4318809509277 0.069314777851105 5.3625659942627
120 1.2364794015884 0.070769727230072 1.1657096147537
121 0.52951240539551 0.071939617395401 0.45757278800011
122 0.31137317419052 0.073078088462353 0.23829509317875
123 0.22102645039558 0.074312776327133 0.14671367406845
124 0.18678651750088 0.075618393719196 0.1111681163311
125 0.15219393372536 0.07697132229805 0.075222611427307
126 0.13534495234489 0.078360073268414 0.056984875351191
127 0.12506169080734 0.07978031784296 0.045281376689672
128 0.11933015286922 0.081229992210865 0.03810016065836
129 0.11455251276493 0.082708723843098 0.031843792647123
130 0.11173392832279 0.084216766059399 0.027517164126039
131 0.11054994165897 0.085755370557308 0.024794572964311
132 0.10920298844576 0.08732558786869 0.021877398714423
133 0.10888738930225 0.088928937911987 0.019958447664976
134 0.10882031917572 0.090567193925381 0.018253123387694
135 0.10920553654432 0.092242375016212 0.016963163390756
136 0.10996797680855 0.093956753611565 0.016011223196983
137 0.11206967383623 0.095712885260582 0.016356790438294
138 0.11167789250612 0.097513630986214 0.014164258725941
139 0.11291978508234 0.099362209439278 0.013557576574385
140 0.1143858358264 0.10126221179962 0.013123625889421
141 0.11630847305059 0.10321769118309 0.013090784661472
142 0.12533383071423 0.10523319244385 0.020100645720959
143 0.12014362961054 0.10731385648251 0.012829774059355
144 0.12140692025423 0.10946543514729 0.011941488832235
145 0.12902522087097 0.1116946414113 0.017330585047603
146 0.12517231702805 0.11400892585516 0.011163395829499
147 0.12732826173306 0.11641685664654 0.010911403223872
148 0.12984669208527 0.11892825365067 0.010918435640633
149 0.1332411468029 0.12155441194773 0.01168674044311
150 0.13517187535763 0.12430506944656 0.010866807773709
151 0.13833095133305 0.1272020637989 0.011128883808851
152 0.14061567187309 0.1302595436573 0.010356138460338
153 0.14385065436363 0.13349804282188 0.010352618992329
154 0.15238021314144 0.13694174587727 0.015438458882272
155 0.15071052312851 0.1406192034483 0.010091315954924
156 0.15478639304638 0.14456433057785 0.010222049430013
157 0.15862314403057 0.14881765842438 9.8054828122258E-03
158 0.16314817965031 0.15342789888382 9.7202872857451E-03
159 0.16814765334129 0.15845404565334 9.6935983747244E-03
160 0.17362986505032 0.16396807134151 9.6618020907044E-03
161 0.17970642447472 0.1700583845377 9.6480315551162E-03
162 0.18653981387615 0.1768346875906 9.7051383927464E-03
163 0.19421502947807 0.18443416059017 9.780865162611E-03
164 0.20335559546947 0.19303660094738 0.010318982414901
165 0.22427248954773 0.20285125076771 0.021421240642667
166 0.22652293741703 0.21417120099068 0.012351743876934
167 0.23772762715816 0.22737269103527 0.010354932397604
168 0.25279182195663 0.24295657873154 9.8352506756783E-03
169 0.27132695913315 0.2616004049778 9.7265467047691E-03
170 0.29397264122963 0.28423854708672 9.7341034561396E-03
171 0.32201889157295 0.31218615174294 9.8327305167913E-03
172 0.35718622803688 0.34733924269676 9.8469741642475E-03
173 0.40260446071625 0.39250591397285 0.010098541155457
174 0.46223795413971 0.45197689533234 0.010261075571179
175 0.54449558258057 0.53254848718643 0.011947102844715
176 0.65693432092667 0.6454461812973 0.011488155461848
177 0.82054752111435 0.81013721227646 0.010410289280117
178 1.0723880529404 1.0623333454132 0.010054729878902
179 1.4817889928818 1.4717619419098 0.010027043521404
180 2.1942579746246 2.183012008667 0.0112459436059
181 3.5128326416016 3.502748966217 0.010083744302392
182 5.9843416213989 5.9741296768188 0.010211781598628
183 9.4539995193481 9.4433832168579 0.010616292245686
184 8.303596496582 8.2893333435059 0.014263335615396
185 5.0596542358398 5.0459127426147 0.013741562142968
186 3.0862624645233 3.0756597518921 0.010602723807096
187 2.0306174755096 2.020069360733 0.010548246093094
188 1.4418919086456 1.4315633773804 0.010328580625355
189 1.0912376642227 1.0808516740799 0.010385979898274
190 0.86898332834244 0.85854154825211 0.010441796854138
191 0.72080904245377 0.71026253700256 0.010546530596912
192 0.6181349158287 0.60739558935165 0.010739343240857
193 0.54595154523849 0.53412580490112 0.011825693771243
194 0.49196517467499 0.48040935397148 0.01155580766499
195 0.4523147046566 0.43693670630455 0.015377985313535
196 0.41603347659111 0.403230458498 0.01280299667269
197 0.38861444592476 0.37729239463806 0.011322037316859
198 0.36817094683647 0.35710361599922 0.011067349463701
199 0.35302597284317 0.34139680862427 0.011629150249064
200 0.34140259027481 0.32953676581383 0.01186584122479
201 0.33574298024178 0.32161626219749 0.014126709662378
202 0.3304485976696 0.31888183951378 0.011566764675081
203 0.33361119031906 0.32218754291534 0.011423652991652
204 0.32557308673859 0.31437391042709 0.011199150234461
205 0.31080588698387 0.29947531223297 0.011330598965287
206 0.30328607559204 0.2899914085865 0.013294656760991
207 0.29583752155304 0.28404700756073 0.01179052144289
208 0.29295673966408 0.2800185084343 0.01293823774904
209 0.29216280579567 0.27715748548508 0.01500532310456
210 0.28741458058357 0.27500301599503 0.012411558069289
211 0.28800731897354 0.27345454692841 0.014552774839103
212 0.28423848748207 0.27238297462463 0.01185552123934
213 0.28362166881561 0.27169707417488 0.011924612335861
214 0.28376066684723 0.2713340818882 0.012426603585482
215 0.30443891882896 0.27124816179276 0.033190775662661
216 0.28367805480957 0.27140375971794 0.01227427367121
217 0.28388342261314 0.27177235484123 0.012111066840589
218 0.28461244702339 0.27233040332794 0.012282054871321
219 0.28521347045898 0.27305832505226 0.012155130505562
220 0.28615033626556 0.27393954992294 0.012210794724524
221 0.28728726506233 0.27495989203453 0.012327367439866
222 0.28857785463333 0.27611267566681 0.012465158477426
223 0.29005751013756 0.27737653255463 0.012680954299867
224 0.29161307215691 0.27856132388115 0.013051744550467
225 0.29413071274757 0.28004741668701 0.014083312824368
226 0.30612555146217 0.28162416815758 0.024501368403435
227 0.2978068292141 0.28328609466553 0.014520742930472
228 0.29875373840332 0.28502857685089 0.013725148513913
229 0.30115187168121 0.2868484556675 0.014303421601653
230 0.30383086204529 0.28874537348747 0.015085503458977
231 0.31403869390488 0.2907272875309 0.023311417549849
232 0.30967923998833 0.29282996058464 0.016849279403687
233 0.3150081038475 0.29503095149994 0.019977128133178
234 0.3451142013073 0.29704609513283 0.048068109899759
235 0.32174018025398 0.2991558611393 0.022584307938814
236 0.32304581999779 0.3013696372509 0.021676195785403
237 0.34572687745094 0.30365136265755 0.042075507342815
238 0.323840290308 0.30598932504654 0.017850963398814
239 0.36225441098213 0.30837869644165 0.053875736892223
240 0.32689073681831 0.3108167052269 0.016074046492577
241 0.32947424054146 0.31330189108849 0.016172321513295
242 0.34142264723778 0.31583288311958 0.025589779019356
243 0.34259390830994 0.31840860843658 0.024185284972191
244 0.34209299087524 0.32102832198143 0.021064665168524
245 0.33943265676498 0.32369121909142 0.01574144884944
246 0.34165254235268 0.32639676332474 0.015255785547197
247 0.34599331021309 0.32914450764656 0.016848793253303
248 0.36820018291473 0.33193412423134 0.036266051232815
249 0.35665419697762 0.33476528525352 0.021888894960284
250 0.36361095309258 0.33763787150383 0.025973094627261
251 0.36107620596886 0.34055173397064 0.02052447758615
252 0.35958454012871 0.34350687265396 0.016077686101198
253 0.36200225353241 0.34650331735611 0.015498954802752
254 0.36479613184929 0.34954118728638 0.015254960395396
255 0.36783835291862 0.35262069106102 0.015217679552734
256 0.37104651331902 0.35574206709862 0.015304429456592
257 0.37478730082512 0.35890570282936 0.015881605446339
258 0.38235303759575 0.36211195588112 0.020241102203727
259 0.39104229211807 0.36536130309105 0.025680981576443
260 0.38496217131615 0.36865431070328 0.016307853162289
261 0.38818314671516 0.37199160456657 0.016191525384784
262 0.39235776662827 0.37537342309952 0.016984347254038
263 0.40368911623955 0.37880152463913 0.024887569248676
264 0.40309646725655 0.38228812813759 0.020808320492506
265 0.40998247265816 0.3858106136322 0.024171881377697
266 0.40643414855003 0.38938176631927 0.0170524045825
267 0.41777938604355 0.39300274848938 0.024776626378298
268 0.4140999019146 0.39667564630508 0.017424257472157
269 0.41707408428192 0.40040037035942 0.016673700883985
270 0.42085015773773 0.40417924523354 0.016670886427164
271 0.42571726441383 0.40801423788071 0.017703022807837
272 0.43028071522713 0.41190847754478 0.018372258171439
273 0.48358443379402 0.41586646437645 0.067717991769314
274 0.4410754442215 0.41987451910973 0.021200919523835
275 0.44502964615822 0.42394733428955 0.021082310006022
276 0.44957408308983 0.42808961868286 0.021484479308128
277 0.46250009536743 0.43230193853378 0.03019817173481
278 0.45494240522385 0.43658691644669 0.018355494365096
279 0.45996114611626 0.44094789028168 0.01901326328516
280 0.46373718976974 0.44538852572441 0.018348665907979
281 0.47067928314209 0.44991299510002 0.02076630666852
282 0.47254663705826 0.45452472567558 0.01802191324532
283 0.48061645030975 0.45923107862473 0.021385379135609
284 0.48260396718979 0.46403658390045 0.018567366525531
285 0.48903691768646 0.46894758939743 0.020089339464903
286 0.54154777526855 0.47397297620773 0.067574813961983
287 0.50280350446701 0.47911712527275 0.023686395958066
288 0.5057834982872 0.48439076542854 0.021392690017819
289 0.58984488248825 0.48980408906937 0.10004077106714
290 0.51533889770508 0.49536868929863 0.019970221444964
291 0.52726119756699 0.50109791755676 0.026163298636675
292 0.52674245834351 0.5070076584816 0.019734801724553
293 0.54544675350189 0.51311802864075 0.032328758388758
294 0.539819419384 0.5194685459137 0.020350906997919
295 0.54574346542358 0.52606523036957 0.019678192213178
296 0.55270451307297 0.53284615278244 0.019858364015818
297 0.56151723861694 0.53995150327682 0.021565737202764
298 0.57371866703033 0.54741203784943 0.026306657120585
299 0.58178663253784 0.55525195598602 0.026534711942077
300 0.58825707435608 0.56350249052048 0.024754570797086
301 0.60419321060181 0.57225996255875 0.031933270394802
302 0.61346167325974 0.58164328336716 0.031818423420191
303 0.63252854347229 0.59164977073669 0.040878817439079
304 0.62422597408295 0.60244387388229 0.021782102063298
305 0.63486939668655 0.61417293548584 0.020696440711617
306 0.6470553278923 0.6270232796669 0.020032031461596
307 0.66135722398758 0.64123332500458 0.020123852416873
308 0.67738550901413 0.65711224079132 0.020273312926292
309 0.6957922577858 0.67506647109985 0.020725760608912
310 0.72654795646667 0.69563978910446 0.030908217653632
311 0.7405498623848 0.71957218647003 0.020977675914764
312 0.7687469124794 0.7478928565979 0.020854050293565
313 0.80328291654587 0.78206658363342 0.02121633477509
314 0.84611320495605 0.82423770427704 0.02187548391521
315 0.90203505754471 0.87764751911163 0.024387529119849
316 0.98442029953003 0.94739711284637 0.037023164331913
317 1.0713679790497 1.0419062376022 0.029461767524481
318 1.1987264156342 1.1759802103043 0.02274621091783
319 1.4013276100159 1.3776880502701 0.023639583960176
320 1.7304735183716 1.7028622627258 0.027611287310719
321 2.2548768520355 2.2318379878998 0.023038925603032
322 3.0212199687958 2.9989218711853 0.02229799516499
323 4.5063400268555 4.4836015701294 0.022738721221685
324 7.4874777793884 7.4639220237732 0.023555664345622
325 11.385364532471 11.360261917114 0.025102201849222
326 8.8342018127441 8.8031177520752 0.031084954738617
327 5.3648066520691 5.2736630439758 0.091143898665905
328 3.3934943675995 3.3659679889679 0.027526373043656
329 2.4174373149872 2.392872095108 0.024565240368247
330 1.8868207931519 1.8633788824081 0.023441933095455
331 1.577556014061 1.5533227920532 0.024233277887106
332 1.3888602256775 1.3604189157486 0.028441295027733
333 1.2870848178864 1.234810590744 0.052274122834206
334 1.1756432056427 1.1504124403 0.025230698287487
335 1.1200164556503 1.0927351713181 0.027281180024147
336 1.0773839950562 1.0530896186829 0.024294355884194
337 1.0492038726807 1.0251059532166 0.024097871035337
338 1.0299077033997 1.0057947635651 0.024112965911627
339 1.0179252624512 0.99361568689346 0.02430964820087
340 1.011568069458 0.98698884248734 0.024579228833318
341 1.0096443891525 0.98472207784653 0.024922359734774
342 1.0116677284241 0.98588728904724 0.025780415162444
343 1.0237647294998 0.99028486013412 0.033479861915112
344 1.0248377323151 0.99737370014191 0.027464088052511
345 1.0402418375015 1.0069077014923 0.033334154635668
346 1.0469726324081 1.0187412500381 0.028231348842382
347 1.0600433349609 1.0328032970428 0.027240078896284
348 1.0763522386551 1.0490854978561 0.027266712859273
349 1.0956579446793 1.0676373243332 0.028020590543747
350 1.1182731389999 1.0885630846024 0.029710037633777
351 1.146141409874 1.1120226383209 0.034118808805943
352 1.1894903182983 1.1382344961166 0.051255870610476
353 1.2212060689926 1.1674829721451 0.053723067045212
354 1.2325592041016 1.2001142501831 0.032444998621941
355 1.3318963050842 1.2366060018539 0.09529036283493
356 1.3102625608444 1.2775017023087 0.032760966569185
357 1.3606160879135 1.3234939575195 0.037122152745724
358 1.4306281805038 1.3754442930222 0.055183943361044
359 1.5332144498825 1.4344292879105 0.098785206675529
360 1.5433239936829 1.5018039941788 0.04152000695467
361 1.619721531868 1.5792880058289 0.040433533489704
362 1.7127107381821 1.6690859794617 0.043624710291624
363 1.826611995697 1.7740569114685 0.052555043250322
364 1.9720838069916 1.897957444191 0.074126459658146
365 2.1325886249542 2.0457968711853 0.086791798472404
366 2.34202003479 2.2243621349335 0.11765799671412
367 2.6874480247498 2.4430508613586 0.24439708888531
368 3.451945066452 2.7151057720184 0.73683929443359
369 3.8058712482452 3.0596911907196 0.74617993831635
370 3.7360897064209 3.5053145885468 0.2307750582695
371 4.3034029006958 4.0957746505737 0.20762848854065
372 4.9792184829712 4.9009461402893 0.0782720297575
373 6.0978536605835 6.0373387336731 0.060515116900206
374 7.7625575065613 7.7095761299133 0.052981667220592
375 10.37562084198 10.299598693848 0.076022297143936
376 14.627184867859 14.571515083313 0.055669035762548
377 22.218389511108 22.165920257568 0.052468772977591
378 36.79496383667 36.737350463867 0.057614803314209
379 65.166610717773 65.120887756348 0.045724637806416
380 103.91449737549 103.87794494629 0.036555528640747
381 81.703994750977 81.668472290039 0.035519581288099
382 46.808712005615 46.773590087891 0.035122763365507
383 27.659200668335 27.624483108521 0.034718845039606
384 17.82968711853 17.794954299927 0.034733142703772
385 12.457661628723 12.422584533691 0.035077445209026
386 9.2868404388428 9.2506446838379 0.036195889115334
387 7.2962374687195 7.2397437095642 0.056493826210499
388 5.9488744735718 5.9118614196777 0.037013173103333
389 5.0522832870483 5.0161118507385 0.036171555519104
390 4.4445939064026 4.4084677696228 0.036126296967268
391 3.9524421691895 3.9151284694672 0.037313718348742
392 3.5079839229584 3.4652237892151 0.04276018217206
393 3.1751413345337 3.1225533485413 0.052587818354368
394 2.9037446975708 2.8644020557404 0.039342608302832
395 2.7148261070251 2.6650788784027 0.049747213721275
396 2.5509445667267 2.5072648525238 0.043679729104042
397 2.4570589065552 2.3812470436096 0.07581203430891
398 2.3221232891083 2.2791683673859 0.042954843491316
399 2.2418758869171 2.1959638595581 0.04591216519475
400 2.221289396286 2.1279368400574 0.093352548778057
401 2.1615219116211 2.072318315506 0.089203648269176
402 2.1354928016663 2.0269968509674 0.10849602520466
403 2.0600485801697 1.9903359413147 0.069712519645691
404 2.0149006843567 1.9610542058945 0.053846515715122
405 1.9893938302994 1.9381384849548 0.051255352795124
406 1.972164273262 1.9207842350006 0.05137998983264
407 1.9632859230042 1.9083499908447 0.054935969412327
408 1.9777114391327 1.9003427028656 0.077368699014187
409 1.9614994525909 1.8963239192963 0.065175548195839
410 1.9568647146225 1.8942244052887 0.062640279531479
411 1.9642761945724 1.8975032567978 0.066772915422916
412 1.9774392843246 1.9040328264236 0.073406487703323
413 2.0439515113831 1.9136987924576 0.13025268912315
414 2.058313369751 1.9264400005341 0.13187336921692
415 2.0527052879333 1.9422460794449 0.11045905947685
416 2.0793285369873 1.9610161781311 0.11831237375736
417 2.1239106655121 1.9831358194351 0.14077493548393
418 2.1824736595154 2.0086050033569 0.17386867105961
419 2.264289855957 2.0376396179199 0.22665022313595
420 2.3859214782715 2.0704991817474 0.3154225051403
421 2.5863213539124 2.1076231002808 0.47869816422462
422 2.9651870727539 2.1494693756104 0.81571763753891
423 3.9211838245392 2.1966683864594 1.7245154380798
424 7.451807975769 2.2500500679016 5.2017579078674
425 15.299078941345 2.3105523586273 12.988526344299
426 5.3231139183044 2.3794429302216 2.9436709880829
427 3.6697146892548 2.4586451053619 1.2110694646835
428 3.1948018074036 2.5504879951477 0.64431363344193
429 3.0868577957153 2.6582210063934 0.4286367893219
430 3.081912279129 2.7864756584167 0.29543653130531
431 3.1588587760925 2.9421012401581 0.21675750613213
432 3.3033392429352 3.1358025074005 0.16753666102886
433 3.5238287448883 3.3854074478149 0.13842134177685
434 3.8421449661255 3.7236230373383 0.11852208524942
435 4.3225131034851 4.2182216644287 0.10429130494595
436 5.1272773742676 5.0323944091797 0.094882674515247
437 6.6569204330444 6.5585403442383 0.098380111157894
438 9.2511749267578 9.1636867523193 0.087487772107124
439 13.429713249207 13.352144241333 0.077569045126438
440 11.551797866821 11.477698326111 0.074099361896515
441 10.086722373962 9.9842805862427 0.10244213789701
442 11.079064369202 10.966269493103 0.11279497295618
443 13.960554122925 13.894804000854 0.065750479698181
444 17.579402923584 17.519208908081 0.060194790363312
445 25.365610122681 25.300180435181 0.065430887043476
446 41.969032287598 41.892902374268 0.076130695641041
447 75.847633361816 75.78702545166 0.060608699917793
448 114.32679748535 114.26693725586 0.059859413653612
449 76.616287231445 76.488235473633 0.12805433571339
450 42.538944244385 42.483131408691 0.055810160934925
451 25.583854675293 25.527332305908 0.056522868573666
452 17.118236541748 17.053380966187 0.06485553830862
453 12.501132965088 12.444460868835 0.056672129780054
454 9.7785930633545 9.7251930236816 0.053400047123432
455 8.0667591094971 8.012547492981 0.054211642593145
456 6.9305095672607 6.8785352706909 0.051973976194859
457 6.1667518615723 6.0991582870483 0.067593574523926
458 5.604700088501 5.5492811203003 0.055419269949198
459 5.2066769599915 5.1552119255066 0.051465138792992
460 4.9252500534058 4.8727035522461 0.052546571940184
461 4.728991985321 4.6719789505005 0.057013064622879
462 4.6050095558167 4.536274433136 0.068735219538212
463 4.5642213821411 4.4535641670227 0.11065702885389
464 4.5015158653259 4.4166016578674 0.08491413295269
465 4.4887385368347 4.4303932189941 0.058345280587673
466 4.5703887939453 4.505922794342 0.064466297626495
467 4.7517328262329 4.6702919006348 0.081441126763821
468 5.0868272781372 4.9909210205078 0.095906510949135
469 5.7586898803711 5.6420435905457 0.11664628982544
470 7.0902872085571 7.0122270584106 0.078060030937195
471 8.9882354736328 8.6233396530151 0.36489561200142
472 8.4728193283081 8.4025287628174 0.070289708673954
473 10.151251792908 9.9913578033447 0.15989477932453
474 14.79514503479 14.726703643799 0.068440973758698
475 16.969078063965 16.89737701416 0.071699902415276
476 11.474709510803 11.134143829346 0.34056550264359
477 7.9602627754211 7.8688898086548 0.091372668743134
478 6.505437374115 6.4209351539612 0.084502004086971
479 5.8392987251282 5.7445998191833 0.094698905944824
480 5.5735125541687 5.4144911766052 0.15902145206928
481 5.4637579917908 5.2607493400574 0.20300869643688
482 5.3755135536194 5.210524559021 0.16498890519142
483 5.4321532249451 5.2327566146851 0.19939659535885
484 5.6143960952759 5.3216290473938 0.29276740550995
485 6.0144667625427 5.4908328056335 0.52363431453705
486 7.047815322876 5.7975611686707 1.250254034996
487 11.798755645752 6.3771824836731 5.421573638916
488 9.6396007537842 7.3350138664246 2.3045871257782
489 8.2167558670044 7.4325242042542 0.78423154354095
490 7.0796141624451 6.6899256706238 0.38968858122826
491 6.5604124069214 6.318675994873 0.24173630774021
492 6.3832592964172 6.2104120254517 0.17284701764584
493 6.3616833686829 6.2283010482788 0.1333821117878
494 6.4220175743103 6.310848236084 0.11116939038038
495 6.5308456420898 6.4316124916077 0.099233016371727
496 6.7021431922913 6.5786046981812 0.12353830784559
497 6.8845357894897 6.7462310791016 0.13830465078354
498 7.0165758132935 6.9321546554565 0.084421463310719
499 7.2311086654663 7.1354832649231 0.095625475049019
500 7.4313015937805 7.3582592010498 0.073042392730713
501 7.6782808303833 7.6072373390198 0.071043536067009
502 7.9789805412292 7.9048981666565 0.074082471430302
503 8.3889751434326 8.3209218978882 0.068052895367146
504 8.7102689743042 8.6484670639038 0.061802729964256
505 8.8582773208618 8.7949390411377 0.063338108360767
506 9.0800924301147 9.0198659896851 0.060226384550333
507 9.3922157287598 9.3246011734009 0.067615129053593
508 9.7836790084839 9.670090675354 0.11358850449324
509 10.12516784668 10.040857315063 0.08431002497673
510 10.49973487854 10.441979408264 0.057756081223488
511 10.929032325745 10.873668670654 0.05536375194788
512 11.392880439758 11.3382396698 0.054640650749207
513 11.889868736267 11.835670471191 0.054198250174522
514 12.425312995911 12.370237350464 0.055075611919165
515 13.074059486389 12.945338249207 0.12872087955475
516 13.621815681458 13.565083503723 0.056732445955276
517 14.302480697632 14.232233047485 0.070248208940029
518 15.015559196472 14.954349517822 0.061209205538034
519 15.80136680603 15.739477157593 0.061889089643955
520 16.772357940674 16.59716796875 0.17518930137157
521 17.574512481689 17.504774093628 0.069739557802677
522 18.697195053101 18.495000839233 0.20219387114048
523 19.694269180298 19.581758499146 0.11250987648964
524 20.838531494141 20.772985458374 0.065546117722988
525 22.139095306396 22.081071853638 0.058023247867823
526 23.575681686401 23.518102645874 0.057578448206186
527 25.169486999512 25.10391998291 0.065567225217819
528 26.918588638306 26.859529495239 0.059057638049126
529 28.867744445801 28.809349060059 0.05839654058218
530 31.041139602661 30.982904434204 0.058235958218575
531 33.481800079346 33.416477203369 0.065325208008289
532 36.202777862549 36.148666381836 0.054113291203976
533 39.284061431885 39.228778839111 0.055282492190599
534 43.007400512695 42.93766784668 0.069731146097183
535 47.021800994873 46.962120056152 0.059683982282877
536 51.64623260498 51.586067199707 0.060165099799633
537 56.991943359375 56.935848236084 0.056093793362379
538 63.192794799805 63.136138916016 0.056654620915651
539 70.472961425781 70.401763916016 0.071195259690285
540 79.076324462891 79.013244628906 0.063076436519623
541 89.374229431152 89.316215515137 0.058015525341034
542 101.84159851074 101.78565216064 0.055949445813894
543 117.14454650879 117.08736419678 0.057183127850294
544 136.24270629883 136.18263244629 0.060065478086472
545 160.6146697998 160.50650024414 0.10817494988441
546 192.25686645508 192.19953918457 0.057336002588272
547 233.83964538574 233.78312683105 0.056529670953751
548 287.11141967773 287.05386352539 0.057556115090847
549 353.51028442383 353.42819213867 0.082105547189713
550 450.27529907227 450.21075439453 0.064558580517769
551 596.46472167969 596.04919433594 0.41557046771049
552 823.76745605469 823.69525146484 0.072171181440353
553 1.1973662109375E+03 1.1972982177734E+03 0.068031348288059
554 1.8517945556641E+03 1.8517352294922E+03 0.059426415711641
555 3.04846875E+03 3.0484104003906E+03 0.058257628232241
556 5.0890600585938E+03 5.089001953125E+03 0.05786132439971
557 6.8320620117188E+03 6.8320004882812E+03 0.061223905533552
558 4.8212958984375E+03 4.821234375E+03 0.061547104269266
559 2.8941491699219E+03 2.8940852050781E+03 0.063939772546291
560 1.7820157470703E+03 1.7819487304688E+03 0.067079678177834
561 1.1685427246094E+03 1.1684831542969E+03 0.05959291011095
562 813.48223876953 813.42321777344 0.059007745236158
563 594.89733886719 594.83636474609 0.060991823673248
564 452.53918457031 452.47579956055 0.063390582799911
565 355.31576538086 355.2438659668 0.071891032159328
566 286.29708862305 286.15939331055 0.13768655061722
567 235.59518432617 235.43476867676 0.16040572524071
568 197.22671508789 197.15104675293 0.075662240386009
569 167.6471862793 167.57588195801 0.071294844150543
570 144.42610168457 144.26892089844 0.15717667341232
571 126.55173492432 125.58358001709 0.96815037727356
572 110.45003509521 110.37795257568 0.072082571685314
573 97.949356079102 97.840850830078 0.10849894583225
574 87.388549804687 87.317283630371 0.071270801126957
575 78.580413818359 78.509307861328 0.071101762354374
576 71.098861694336 71.018325805664 0.080535173416138
577 64.680725097656 64.594749450684 0.085976995527744
578 59.119983673096 59.044902801514 0.07508085668087
579 54.283123016357 54.21618270874 0.066942781209946
580 50.054096221924 49.989967346191 0.06412835419178
581 46.337863922119 46.2702293396 0.067636519670486
582 43.114227294922 42.969501495361 0.14472453296185
583 40.123405456543 40.044429779053 0.078974388539791
584 37.499179840088 37.432697296143 0.066485092043877
585 35.154216766357 35.091285705566 0.06293011456728
586 33.046154022217 32.984375 0.061777133494616
587 31.144044876099 31.081918716431 0.06212617084384
588 29.421194076538 29.358596801758 0.062596797943115
589 27.860383987427 27.792953491211 0.067429333925247
590 26.437715530396 26.366729736328 0.070985905826092
591 25.212921142578 25.064352035522 0.14856907725334
592 23.944984436035 23.872560501099 0.072423011064529
593 22.859651565552 22.780279159546 0.079372987151146
594 21.847509384155 21.778516769409 0.068992041051388
595 21.034605026245 20.855569839478 0.17903673648834
596 20.063259124756 19.996047973633 0.067210473120213
597 19.272172927856 19.207035064697 0.065138570964336
598 18.544515609741 18.47975730896 0.064757831394672
599 17.874660491943 17.808546066284 0.066114492714405
600 17.258981704712 17.188982009888 0.069997861981392
