1 3.8155461661518E-03 8.7831222117529E-06 3.8067628629506E-03
2 4.1143479757011E-03 3.5303004551679E-05 4.0790447965264E-03
3 4.239487927407E-03 8.0145015090238E-05 4.1593429632485E-03
4 4.3620364740491E-03 1.4460187230725E-04 4.2174346745014E-03
5 4.5081819407642E-03 2.3099993995856E-04 4.277182277292E-03
6 4.6832538209856E-03 3.3837728551589E-04 4.3448763899505E-03
7 4.886890295893E-03 4.6388854389079E-04 4.423001781106E-03
8 5.1287012174726E-03 6.1560823814943E-04 4.5130932703614E-03
9 5.4186321794987E-03 7.991383317858E-04 4.6194940805435E-03
10 5.7606776244938E-03 1.0210276814178E-03 4.7396500594914E-03
11 6.1806044541299E-03 1.2912900419906E-03 4.8893145285547E-03
12 6.6342335194349E-03 1.6264715231955E-03 5.0077619962394E-03
13 7.218895945698E-03 2.0502437837422E-03 5.1686521619558E-03
14 7.9466346651316E-03 2.5985771790147E-03 5.3480579517782E-03
15 8.8969115167856E-03 3.3380694221705E-03 5.5588418617845E-03
16 0.010168733075261 4.3980479240417E-03 5.7706851512194E-03
17 0.012018429115415 6.0175200924277E-03 6.0009090229869E-03
18 0.014955752529204 8.6897173896432E-03 6.2660351395607E-03
19 0.020068140700459 0.013514646328986 6.5534953027964E-03
20 0.029935697093606 0.023067370057106 6.8683256395161E-03
21 0.049862243235111 0.04264847561717 7.2137699462473E-03
22 0.079775333404541 0.072182402014732 7.5929365120828E-03
23 0.07283241301775 0.064820997416973 8.0114156007767E-03
24 0.050520088523626 0.042045388370752 8.4747020155191E-03
25 0.037232078611851 0.028256585821509 8.9754918590188E-03
26 0.030433485284448 0.020912574604154 9.5209116116166E-03
27 0.027000285685062 0.016874862834811 0.010125421918929
28 0.025349441915751 0.014549612998962 0.010799827985466
29 0.024834018200636 0.013173358514905 0.011660658754408
30 0.024975620210171 0.012361342087388 0.012614278122783
31 0.025208618491888 0.01190666295588 0.01330195646733
32 0.026000509038568 0.011691065505147 0.014309443533421
33 0.027101585641503 0.011643273755908 0.015458310954273
34 0.02839657664299 0.011718320660293 0.016678255051374
35 0.030027152970433 0.011886712163687 0.018140440806746
36 0.0315229780972 0.012129412032664 0.019393566995859
37 0.03341443836689 0.012430585920811 0.020983852446079
38 0.035599030554295 0.012782060541213 0.022816970944405
39 0.038393553346395 0.013174822553992 0.025218730792403
40 0.041925583034754 0.013604359701276 0.028321223333478
41 0.04577125236392 0.014066296629608 0.03170495480299
42 0.05176404863596 0.014557572081685 0.03720647841692
43 0.057352818548679 0.015075706876814 0.042277112603188
44 0.064373999834061 0.015618355944753 0.048755642026663
45 0.072528004646301 0.016184739768505 0.056343261152506
46 0.082666903734207 0.016773208975792 0.065893694758415
47 0.09552850574255 0.017382748425007 0.078145757317543
48 0.11237882822752 0.018012529239058 0.094366297125816
49 0.13534720242023 0.018661875277758 0.11668532341719
50 0.16893318295479 0.01933022774756 0.14960296452045
51 0.2265168428421 0.020017134025693 0.20649971067905
52 0.35402625799179 0.020722227171063 0.33330404758453
53 0.69442188739777 0.021445212885737 0.67297667264938
54 1.6310297250748 0.022185867652297 1.6088439226151
55 3.842969417572 0.02294403500855 3.8200254440308
56 8.8827438354492 0.023719632998109 8.8590240478516
57 18.429216384888 0.024512661620975 18.404703140259
58 18.539209365845 0.025323364883661 18.513885498047
59 22.73272895813 0.026151813566685 22.706577301025
60 23.637922286987 0.026998672634363 23.61092376709
61 24.302898406982 0.027865003794432 24.275032043457
62 21.63489151001 0.028752997517586 21.60613822937
63 24.113988876343 0.029666148126125 24.084323883057
64 7.0069980621338 0.030612770467997 6.9763851165771
65 2.8969829082489 0.031610567122698 2.8653721809387
66 1.1935664415359 0.032696936279535 1.1608694791794
67 0.55448913574219 0.033908303827047 0.52058082818985
68 0.32412931323051 0.035027407109737 0.2891018986702
69 0.23070289194584 0.035781230777502 0.19492165744305
70 0.18313807249069 0.036573264747858 0.14656479656696
71 0.15396839380264 0.03747546300292 0.11649292707443
72 0.13387235999107 0.038447316735983 0.0954250395298
73 0.11937012523413 0.039462115615606 0.079908013343811
74 0.10861318558455 0.04050749540329 0.068105690181255
75 0.10052096843719 0.041576687246561 0.058944281190634
76 0.094412572681904 0.042666614055634 0.051745962351561
77 0.089550510048866 0.043776281177998 0.045774225145578
78 0.085489794611931 0.044904384762049 0.040585409849882
79 0.082759842276573 0.046050395816565 0.036709446460009
80 0.080152347683907 0.04721400514245 0.032938342541456
81 0.07842642813921 0.048395041376352 0.030031390488148
82 0.077110201120377 0.049593422561884 0.027516776695848
83 0.076185703277588 0.050809122622013 0.025376580655575
84 0.075575895607471 0.052042156457901 0.023533741012216
85 0.075235716998577 0.053292568773031 0.021943150088191
86 0.074881218373775 0.0545604377985 0.020320780575275
87 0.075000256299973 0.055845860391855 0.019154399633408
88 0.075293451547623 0.057148974388838 0.01814447529614
89 0.075748227536678 0.058469917625189 0.017278309911489
90 0.076351329684258 0.059808924794197 0.01654240489006
91 0.077098749577999 0.061166301369667 0.015932446345687
92 0.077979303896427 0.062542572617531 0.015436724759638
93 0.079064145684242 0.06393875181675 0.015125392004848
94 0.080409921705723 0.065357178449631 0.015052745118737
95 0.08143262565136 0.066804230213165 0.014628400094807
96 0.083741202950478 0.068294115364552 0.015447084791958
97 0.084326647222042 0.069786794483662 0.014539855532348
98 0.085798390209675 0.07121866196394 0.014579731039703
99 0.087573431432247 0.072696700692177 0.014876725152135
100 0.089616484940052 0.074227131903172 0.015389352105558
101 0.090113177895546 0.075767047703266 0.014346129260957
102 0.092747554183006 0.07732967287302 0.015417884103954
103 0.095066376030445 0.07891396433115 0.016152411699295
104 0.098150424659252 0.080519668757915 0.017630748450756
105 0.10139890760183 0.082146883010864 0.019252024590969
106 0.1052593588829 0.083795852959156 0.021463505923748
107 0.10977378487587 0.085466966032982 0.024306822568178
108 0.11517193168402 0.087160669267178 0.028011258691549
109 0.12191344797611 0.08887754380703 0.033035904169083
110 0.13053591549397 0.090618282556534 0.039917625486851
111 0.14539781212807 0.092383787035942 0.053014028817415
112 0.15620324015617 0.094175264239311 0.062027972191572
113 0.17870102822781 0.095994457602501 0.082706578075886
114 0.21521347761154 0.097844086587429 0.11736939102411
115 0.28425818681717 0.099728778004646 0.18452939391136
116 0.42066156864166 0.10165730118752 0.31900426745415
117 0.79694247245789 0.10364749282598 0.69329500198364
118 2.3172981739044 0.1057363152504 2.2115619182587
119 5.4705419540405 0.10797565430403 5.3625659942627
120 1.2759517431259 0.11024211347103 1.1657096147537
121 0.56963729858398 0.11206451058388 0.45757278800011
122 0.35213306546211 0.11383798718452 0.23829509317875
123 0.26247498393059 0.1157613247633 0.14671367406845
124 0.22896328568459 0.11779516935349 0.1111681163311
125 0.19512531161308 0.1199026927352 0.075222611427307
126 0.17905090749264 0.12206603586674 0.056984875351191
127 0.16955980658531 0.12427844107151 0.045281376689672
128 0.16463683545589 0.12653668224812 0.03810016065836
129 0.16068397462368 0.12884017825127 0.031843792647123
130 0.15870650112629 0.13118934631348 0.027517164126039
131 0.15838068723679 0.1335861235857 0.024794572964311
132 0.15790954232216 0.13603213429451 0.021877398714423
133 0.15848821401596 0.13852977752686 0.019958447664976
134 0.159334897995 0.14108178019524 0.018253123387694
135 0.16065447032452 0.14369130134583 0.016963163390756
136 0.16237311065197 0.14636188745499 0.016011223196983
137 0.16545429825783 0.14909751713276 0.016356790438294
138 0.16606689989567 0.15190264582634 0.014164258725941
139 0.16833986341953 0.15478228032589 0.013557576574385
140 0.17086565494537 0.15774202346802 0.013123625889421
141 0.17387896776199 0.16078819334507 0.013090784661472
142 0.18402849137783 0.16392785310745 0.020100645720959
143 0.1799988001585 0.16716901957989 0.012829774059355
144 0.18246214091778 0.17052066326141 0.011941488832235
145 0.19132381677628 0.17399322986603 0.017330585047603
146 0.18876172602177 0.1775983273983 0.011163395829499
147 0.19226071238518 0.18134930729866 0.010911403223872
148 0.19617988169193 0.18526145815849 0.010918435640633
149 0.20103910565376 0.18935236334801 0.01168674044311
150 0.20450402796268 0.19363722205162 0.010866807773709
151 0.20927892625332 0.19815005362034 0.011128883808851
152 0.21326898038387 0.20291283726692 0.010356138460338
153 0.21831026673317 0.20795765519142 0.010352618992329
154 0.2287605702877 0.21332211792469 0.015438458882272
155 0.22914202511311 0.21905070543289 0.010091315954924
156 0.23541830480099 0.22519625723362 0.010222049430013
157 0.24162739515305 0.23182190954685 9.8054828122258E-03
158 0.24872383475304 0.23900353908539 9.7202872857451E-03
159 0.25652667880058 0.24683307111263 9.6935983747244E-03
160 0.26508438587189 0.25542256236076 9.6618020907044E-03
161 0.27455785870552 0.26490983366966 9.6480315551162E-03
162 0.28517079353333 0.27546563744545 9.7051383927464E-03
163 0.297084659338 0.28730380535126 9.780865162611E-03
164 0.31102332472801 0.30070433020592 0.010318982414901
165 0.33741441369057 0.31599316000938 0.021421240642667
166 0.34597864747047 0.33362689614296 0.012351743876934
167 0.36454656720161 0.35419163107872 0.010354932397604
168 0.38830283284187 0.37846755981445 9.8352506756783E-03
169 0.41723671555519 0.40751016139984 9.7265467047691E-03
170 0.45250898599625 0.44277489185333 9.7341034561396E-03
171 0.49614325165749 0.48631051182747 9.8327305167913E-03
172 0.55091750621796 0.54107052087784 9.8469741642475E-03
173 0.62152779102325 0.61142927408218 0.010098541155457
174 0.71433168649673 0.70407062768936 0.010261075571179
175 0.8415287733078 0.82958167791367 0.011947102844715
176 1.0169371366501 1.0054489374161 0.011488155461848
177 1.2724081277847 1.2619978189468 0.010410289280117
178 1.6649130582809 1.6548583507538 0.010054729878902
179 2.3026759624481 2.2926490306854 0.010027043521404
180 3.4118506908417 3.400604724884 0.0112459436059
181 5.4665193557739 5.4564356803894 0.010083744302392
182 9.316460609436 9.306248664856 0.010211781598628
183 14.721122741699 14.710506439209 0.010616292245686
184 12.927039146423 12.912775993347 0.014263335615396
185 7.8740525245667 7.8603110313416 0.013741562142968
186 4.801736831665 4.7911338806152 0.010602723807096
187 3.157327413559 3.1467790603638 0.010548246093094
188 2.240357875824 2.2300293445587 0.010328580625355
189 1.6940914392471 1.6837054491043 0.010385979898274
190 1.3478418588638 1.3374000787735 0.010441796854138
191 1.1169637441635 1.1064171791077 0.010546530596912
192 0.95691472291946 0.94617539644241 0.010739343240857
193 0.84386450052261 0.83203881978989 0.011825693771243
194 0.7599173784256 0.74836158752441 0.01155580766499
195 0.69601964950562 0.68064171075821 0.015377985313535
196 0.64093852043152 0.62813550233841 0.01280299667269
197 0.59905230998993 0.58773028850555 0.011322037316859
198 0.56734836101532 0.55628103017807 0.011067349463701
199 0.5434427857399 0.53181368112564 0.011629150249064
200 0.52520436048508 0.51333856582642 0.01186584122479
201 0.51512706279755 0.50100034475327 0.014126709662378
202 0.50830751657486 0.49674072861671 0.011566764675081
203 0.51331388950348 0.50189024209976 0.011423652991652
204 0.50091767311096 0.48971852660179 0.011199150234461
205 0.47784066200256 0.46651005744934 0.011330598965287
206 0.46503111720085 0.45173645019531 0.013294656760991
207 0.4542670249939 0.44247651100159 0.01179052144289
208 0.44913929700851 0.43620106577873 0.01293823774904
209 0.44674962759018 0.43174430727959 0.01500532310456
210 0.44079974293709 0.42838817834854 0.012411558069289
211 0.44052881002426 0.4259760081768 0.014552774839103
212 0.43616229295731 0.42430675029755 0.01185552123934
213 0.43516290187836 0.4232382774353 0.011924612335861
214 0.43509945273399 0.42267283797264 0.012426603585482
215 0.45572978258133 0.4225389957428 0.033190775662661
216 0.43505567312241 0.4227814078331 0.01227427367121
217 0.43546661734581 0.4233555495739 0.012111066840589
218 0.4365069270134 0.42422488331795 0.012282054871321
219 0.43751394748688 0.42535880208015 0.012155130505562
220 0.4389423429966 0.42673152685165 0.012210794724524
221 0.44064837694168 0.42832100391388 0.012327367439866
222 0.44258192181587 0.43011677265167 0.012465158477426
223 0.44476649165154 0.43208554387093 0.012680954299867
224 0.44698292016983 0.43393117189407 0.013051744550467
225 0.45032942295074 0.43624609708786 0.014083312824368
226 0.46320369839668 0.43870234489441 0.024501368403435
227 0.45581194758415 0.44129118323326 0.014520742930472
228 0.45773071050644 0.44400557875633 0.013725148513913
229 0.46114394068718 0.44684049487114 0.014303421601653
230 0.46488094329834 0.4497954249382 0.015085503458977
231 0.47619417309761 0.45288276672363 0.023311417549849
232 0.47300750017166 0.45615822076797 0.016849279403687
233 0.47956398129463 0.45958685874939 0.019977128133178
234 0.51079404354095 0.46272593736649 0.048068109899759
235 0.48859676718712 0.46601247787476 0.022584307938814
236 0.49113714694977 0.46946096420288 0.021676195785403
237 0.51509088277817 0.47301536798477 0.042075507342815
238 0.49450832605362 0.47665736079216 0.017850963398814
239 0.53425514698029 0.48037937283516 0.053875736892223
240 0.50025123357773 0.48417720198631 0.016074046492577
241 0.50422090291977 0.48804858326912 0.016172321513295
242 0.51758098602295 0.49199122190475 0.025589779019356
243 0.52018886804581 0.49600359797478 0.024185284972191
244 0.52114915847778 0.50008445978165 0.021064665168524
245 0.51997405290604 0.50423258543015 0.01574144884944
246 0.52370297908783 0.50844717025757 0.015255785547197
247 0.52957630157471 0.51272749900818 0.016848793253303
248 0.55333912372589 0.51707303524017 0.036266051232815
249 0.54337221384048 0.52148336172104 0.021888894960284
250 0.55193120241165 0.52595812082291 0.025973094627261
251 0.55102169513702 0.53049719333649 0.02052447758615
252 0.55117827653885 0.53510057926178 0.016077686101198
253 0.55526727437973 0.53976833820343 0.015498954802752
254 0.55975556373596 0.54450058937073 0.015254960395396
255 0.56451541185379 0.54929769039154 0.015217679552734
256 0.56946450471878 0.55416011810303 0.015304429456592
257 0.57496982812881 0.55908823013306 0.015881605446339
258 0.58432388305664 0.56408280134201 0.020241102203727
259 0.59482550621033 0.56914448738098 0.025680981576443
260 0.59058207273483 0.57427424192429 0.016307853162289
261 0.59566444158554 0.5794729590416 0.016191525384784
262 0.60172533988953 0.58474099636078 0.016984347254038
263 0.61496871709824 0.59008115530014 0.024887569248676
264 0.61632072925568 0.59551244974136 0.020808320492506
265 0.62517148256302 0.60099959373474 0.024171881377697
266 0.62361496686935 0.60656255483627 0.0170524045825
267 0.63697981834412 0.61220318078995 0.024776626378298
268 0.63534897565842 0.61792469024658 0.017424257472157
269 0.64040058851242 0.62372690439224 0.016673700883985
270 0.64628440141678 0.6296135187149 0.016670886427164
271 0.65329051017761 0.63558745384216 0.017703022807837
272 0.66002601385117 0.64165371656418 0.018372258171439
273 0.71553730964661 0.64781934022903 0.067717991769314
274 0.6752638220787 0.65406292676926 0.021200919523835
275 0.68148964643478 0.66040736436844 0.021082310006022
276 0.68834453821182 0.66686004400253 0.021484479308128
277 0.70361995697021 0.67342180013657 0.03019817173481
278 0.69845229387283 0.68009680509567 0.018355494365096
279 0.70590341091156 0.68689012527466 0.01901326328516
280 0.71215623617172 0.69380760192871 0.018348665907979
281 0.72162187099457 0.70085561275482 0.02076630666852
282 0.72606146335602 0.70803952217102 0.01802191324532
283 0.73675632476807 0.71537089347839 0.021385379135609
284 0.74142408370972 0.72285676002502 0.018567366525531
285 0.75059622526169 0.73050689697266 0.020089339464903
286 0.80591005086899 0.73833519220352 0.067574813961983
287 0.770034968853 0.74634855985641 0.023686395958066
288 0.77595633268356 0.75456362962723 0.021392690017819
289 0.86303704977036 0.76299625635147 0.10004077106714
290 0.79163479804993 0.77166455984116 0.019970221444964
291 0.80675262212753 0.78058934211731 0.026163298636675
292 0.80953007936478 0.78979527950287 0.019734801724553
293 0.83164250850677 0.79931372404099 0.032328758388758
294 0.82955724000931 0.80920630693436 0.020350906997919
295 0.83916056156158 0.81948238611221 0.019678192213178
296 0.84990376234055 0.83004534244537 0.019858364015818
297 0.86267954111099 0.84111380577087 0.021565737202764
298 0.87904214859009 0.85273545980453 0.026306657120585
299 0.89148288965225 0.86494815349579 0.026534711942077
300 0.90255510807037 0.87780052423477 0.024754570797086
301 0.9233757853508 0.89144253730774 0.031933270394802
302 0.93787789344788 0.9060595035553 0.031818423420191
303 0.96252602338791 0.92164719104767 0.040878817439079
304 0.96024394035339 0.93846184015274 0.021782102063298
305 0.97742933034897 0.95673286914825 0.020696440711617
306 0.99678266048431 0.97675061225891 0.020032031461596
307 1.0190103054047 0.99888640642166 0.020123852416873
308 1.0438951253891 1.0236217975616 0.020273312926292
309 1.0723160505295 1.0515903234482 0.020725760608912
310 1.1145466566086 1.0836384296417 0.030908217653632
311 1.1418970823288 1.1209194660187 0.020977675914764
312 1.1858901977539 1.1650360822678 0.020854050293565
313 1.2394868135452 1.2182705402374 0.02121633477509
314 1.3058384656906 1.2839629650116 0.02187548391521
315 1.3915500640869 1.3671624660492 0.024387529119849
316 1.5128387212753 1.4758155345917 0.037023164331913
317 1.6524995565414 1.623037815094 0.029461767524481
318 1.8546388149261 1.8318926095963 0.02274621091783
319 2.1697442531586 2.1461045742035 0.023639583960176
320 2.6802587509155 2.6526474952698 0.027611287310719
321 3.4997024536133 3.4766635894775 0.023038925603032
322 4.69389295578 4.671594619751 0.02229799516499
323 7.0071048736572 6.9843664169312 0.022738721221685
324 11.650540351868 11.626984596252 0.023555664345622
325 17.721641540527 17.69654083252 0.025102201849222
326 13.744212150574 13.71312713623 0.031084954738617
327 8.3062353134155 8.2150907516479 0.091143898665905
328 5.2708902359009 5.2433638572693 0.027526373043656
329 3.752081155777 3.7275159358978 0.024565240368247
330 2.92613530159 2.9026935100555 0.023441933095455
331 2.4439344406128 2.4197010993958 0.024233277887106
332 2.1476447582245 2.1192035675049 0.028441295027733
333 1.9758104085922 1.9235363006592 0.052274122834206
334 1.8172950744629 1.7920643091202 0.025230698287487
335 1.7294982671738 1.7022171020508 0.027281180024147
336 1.6647531986237 1.6404588222504 0.024294355884194
337 1.620964884758 1.5968670845032 0.024097871035337
338 1.5908977985382 1.5667848587036 0.024112965911627
339 1.5721224546432 1.5478128194809 0.02430964820087
340 1.5620690584183 1.537489771843 0.024579228833318
341 1.5588810443878 1.5339586734772 0.024922359734774
342 1.561554312706 1.5357738733292 0.025780415162444
343 1.5761040449142 1.5426242351532 0.033479861915112
344 1.5811309814453 1.5536668300629 0.027464088052511
345 1.6018526554108 1.5685185194016 0.033334154635668
346 1.6151837110519 1.5869523286819 0.028231348842382
347 1.6360977888107 1.6088576316833 0.027240078896284
348 1.6614880561829 1.6342214345932 0.027266712859273
349 1.6911412477493 1.6631206274033 0.028020590543747
350 1.7254279851913 1.6957179307938 0.029710037633777
351 1.766380906105 1.732262134552 0.034118808805943
352 1.8243497610092 1.7730939388275 0.051255870610476
353 1.8723790645599 1.8186559677124 0.053723067045212
354 1.9019327163696 1.8694876432419 0.032444998621941
355 2.021623134613 1.9263328313828 0.09529036283493
356 2.0227994918823 1.9900385141373 0.032760966569185
357 2.0988054275513 2.0616834163666 0.037122152745724
358 2.1977932453156 2.1426093578339 0.055183943361044
359 2.3332788944244 2.2344937324524 0.098785206675529
360 2.3809671401978 2.339447259903 0.04152000695467
361 2.5005822181702 2.4601485729218 0.040433533489704
362 2.6436569690704 2.6000320911407 0.043624710291624
363 2.8161065578461 2.7635514736176 0.052555043250322
364 3.0306849479675 2.9565584659576 0.074126459658146
365 3.2736482620239 3.186856508255 0.086791798472404
366 3.5826759338379 3.4650180339813 0.11765799671412
367 4.0500793457031 3.805682182312 0.24439708888531
368 4.9663171768188 4.2294778823853 0.73683929443359
369 5.5124387741089 4.7662587165833 0.74617993831635
370 5.691207408905 5.4604320526123 0.2307750582695
371 6.587854385376 6.3802256584167 0.20762848854065
372 7.7127604484558 7.6344885826111 0.0782720297575
373 9.4652280807495 9.404712677002 0.060515116900206
374 12.062636375427 12.009654045105 0.052981667220592
375 16.120304107666 16.044282913208 0.076022297143936
376 22.754564285278 22.698896408081 0.055669035762548
377 34.581611633301 34.529140472412 0.052468772977591
378 57.28551864624 57.227905273437 0.057614803314209
379 101.48831176758 101.44258880615 0.045724637806416
380 161.85325622559 161.81671142578 0.036555528640747
381 127.25524139404 127.2197265625 0.035519581288099
382 72.89705657959 72.861930847168 0.035122763365507
383 43.06697845459 43.032260894775 0.034718845039606
384 27.754964828491 27.720232009888 0.034733142703772
385 19.386457443237 19.35138130188 0.035077445209026
386 14.446461677551 14.410265922546 0.036195889115334
387 11.3342628479 11.277769088745 0.056493826210499
388 9.246262550354 9.20924949646 0.037013173103333
389 7.8500599861145 7.8138885498047 0.036171555519104
390 6.9034523963928 6.867326259613 0.036126296967268
391 6.1361365318298 6.0988230705261 0.037313718348742
392 5.4407405853271 5.3979802131653 0.04276018217206
393 4.9167704582214 4.8641829490662 0.052587818354368
394 4.5013880729675 4.4620456695557 0.039342608302832
395 4.201295375824 4.151547908783 0.049747213721275
396 3.9493918418884 3.9057121276855 0.043679729104042
397 3.7852187156677 3.7094066143036 0.07581203430891
398 3.5933477878571 3.5503928661346 0.042954843491316
399 3.4666924476624 3.4207804203033 0.04591216519475
400 3.4081633090973 3.3148107528687 0.093352548778057
401 3.3173742294312 3.228170633316 0.089203648269176
402 3.2660665512085 3.1575706005096 0.10849602520466
403 3.1701743602753 3.1004619598389 0.069712519645691
404 3.1086945533752 3.0548479557037 0.053846515715122
405 3.0704061985016 3.0191509723663 0.051255352795124
406 3.0434970855713 2.9921171665192 0.05137998983264
407 3.0276834964752 2.9727475643158 0.054935969412327
408 3.03764295578 2.9602742195129 0.077368699014187
409 3.0191893577576 2.9540138244629 0.065175548195839
410 3.0133836269379 2.9507434368134 0.062640279531479
411 3.0226240158081 2.9558510780334 0.066772915422916
412 3.0394289493561 2.9660224914551 0.073406487703323
413 3.1113324165344 2.9810798168182 0.13025268912315
414 3.1328008174896 3.0009274482727 0.13187336921692
415 3.1360085010529 3.0255496501923 0.11045905947685
416 3.1731011867523 3.0547888278961 0.11831237375736
417 3.2300207614899 3.0892457962036 0.14077493548393
418 3.3027894496918 3.1289207935333 0.17386867105961
419 3.4007997512817 3.1741495132446 0.22665022313595
420 3.5407590866089 3.2253365516663 0.3154225051403
421 3.7618651390076 3.2831671237946 0.47869816422462
422 4.1640706062317 3.3483531475067 0.81571763753891
423 5.1463932991028 3.4218778610229 1.7245154380798
424 8.7067918777466 3.5050337314606 5.2017579078674
425 16.587808609009 3.5992815494537 12.988526344299
426 6.6502676010132 3.7065966129303 2.9436709880829
427 5.0410437583923 3.8299744129181 1.2110694646835
428 4.6173572540283 3.9730434417725 0.64431363344193
429 4.5695018768311 4.1408653259277 0.4286367893219
430 4.6360912322998 4.3406548500061 0.29543653130531
431 4.7998394966125 4.5830821990967 0.21675750613213
432 5.0523581504822 4.8848218917847 0.16753666102886
433 5.4120669364929 5.2736458778381 0.13842134177685
434 5.9190258979797 5.8005037307739 0.11852208524942
435 6.6752600669861 6.5709686279297 0.10429130494595
436 7.9341359138489 7.8392534255981 0.094882674515247
437 10.314999580383 10.216619491577 0.098380111157894
438 14.362295150757 14.274806976318 0.087487772107124
439 20.876979827881 20.799411773682 0.077569045126438
440 17.953577041626 17.879476547241 0.074099361896515
441 15.655534744263 15.553092956543 0.10244213789701
442 17.195589065552 17.082794189453 0.11279497295618
443 21.710493087769 21.644742965698 0.065750479698181
444 27.350883483887 27.290689468384 0.060194790363312
445 39.476989746094 39.411560058594 0.065430887043476
446 65.335136413574 65.259010314941 0.076130695641041
447 118.11845397949 118.05784606934 0.060608699917793
448 178.06010437012 178.00024414063 0.059859413653612
449 119.27822113037 119.15016174316 0.12805433571339
450 66.234252929687 66.178443908691 0.055810160934925
451 39.821929931641 39.765407562256 0.056522868573666
452 26.629898071289 26.565042495728 0.06485553830862
453 19.442132949829 19.385459899902 0.056672129780054
454 15.202898025513 15.14949798584 0.053400047123432
455 12.535821914673 12.481610298157 0.054211642593145
456 10.767067909241 10.715094566345 0.051973976194859
457 9.5686063766479 9.501012802124 0.067593574523926
458 8.6998567581177 8.6444368362427 0.055419269949198
459 8.0820379257202 8.0305728912354 0.051465138792992
460 7.6430397033691 7.5904927253723 0.052546571940184
461 7.3348259925842 7.2778129577637 0.057013064622879
462 7.1351532936096 7.066418170929 0.068735219538212
463 7.0482325553894 6.937575340271 0.11065702885389
464 6.9649109840393 6.8799967765808 0.08491413295269
465 6.9598264694214 6.9014811515808 0.058345280587673
466 7.0836033821106 7.0191373825073 0.064466297626495
467 7.3566255569458 7.2751846313477 0.081441126763821
468 7.8705539703369 7.7746472358704 0.095906510949135
469 8.9055852890015 8.7889394760132 0.11664628982544
470 11.001413345337 10.92335319519 0.078060030937195
471 13.797971725464 13.433076858521 0.36489561200142
472 13.159397125244 13.089107513428 0.070289708673954
473 15.724012374878 15.564117431641 0.15989477932453
474 23.009082794189 22.940641403198 0.068440973758698
475 26.393726348877 26.322025299072 0.071699902415276
476 17.684867858887 17.344303131104 0.34056550264359
477 12.349199295044 12.257826805115 0.091372668743134
478 10.086766242981 10.002264022827 0.084502004086971
479 9.0433959960938 8.9486970901489 0.094698905944824
480 8.5934886932373 8.4344673156738 0.15902145206928
481 8.3979835510254 8.194974899292 0.20300869643688
482 8.2817258834839 8.1167373657227 0.16498890519142
483 8.3507652282715 8.1513690948486 0.19939659535885
484 8.5825777053833 8.2898101806641 0.29276740550995
485 9.0770235061646 8.5533885955811 0.52363431453705
486 10.281452178955 9.0311975479126 1.250254034996
487 15.355681419373 9.9341077804565 5.421573638916
488 13.730764389038 11.426177024841 2.3045871257782
489 12.362306594849 11.578074455261 0.78423154354095
490 10.810974121094 10.421285629272 0.38968858122826
491 10.084705352783 9.8429689407349 0.24173630774021
492 9.8471670150757 9.6743202209473 0.17284701764584
493 9.8355684280396 9.7021865844727 0.1333821117878
494 9.9419441223145 9.830774307251 0.11116939038038
495 10.118129730225 10.018896102905 0.099233016371727
496 10.371413230896 10.247874259949 0.12353830784559
497 10.647300720215 10.508996009827 0.13830465078354
498 10.883041381836 10.798619270325 0.084421463310719
499 11.210981369019 11.115356445313 0.095625475049019
500 11.535429954529 11.462387084961 0.073042392730713
501 11.921278953552 11.850235939026 0.071043536067009
502 12.388001441956 12.313919067383 0.074082471430302
503 13.030035972595 12.961983680725 0.068052895367146
504 13.534021377563 13.472218513489 0.061802729964256
505 13.763725280762 13.700387001038 0.063338108360767
506 14.110996246338 14.050769805908 0.060226384550333
507 14.59308719635 14.525471687317 0.067615129053593
508 15.177249908447 15.063660621643 0.11358850449324
509 15.725536346436 15.641226768494 0.08431002497673
510 16.323833465576 16.266077041626 0.057756081223488
511 16.993907928467 16.938545227051 0.05536375194788
512 17.716875076294 17.662233352661 0.054640650749207
513 18.491310119629 18.437110900879 0.054198250174522
514 19.324913024902 19.269836425781 0.055075611919165
515 20.294425964355 20.165704727173 0.12872087955475
516 21.187850952148 21.131116867065 0.056732445955276
517 22.240623474121 22.170375823975 0.070248208940029
518 23.356468200684 23.295259475708 0.061209205538034
519 24.580186843872 24.518297195435 0.061889089643955
520 26.02956199646 25.854372024536 0.17518930137157
521 27.337942123413 27.268201828003 0.069739557802677
522 29.01293182373 28.810737609863 0.20219387114048
523 30.616153717041 30.503643035889 0.11250987648964
524 32.424831390381 32.359283447266 0.065546117722988
525 34.454990386963 34.396968841553 0.058023247867823
526 36.693092346191 36.635513305664 0.057578448206186
527 39.171401977539 39.105834960938 0.065567225217819
528 41.899707794189 41.840648651123 0.059057638049126
529 44.936389923096 44.877994537354 0.05839654058218
530 48.322105407715 48.263866424561 0.058235958218575
531 52.120109558105 52.054782867432 0.065325208008289
532 56.364986419678 56.310874938965 0.054113291203976
533 61.16423034668 61.108947753906 0.055282492190599
534 66.956230163574 66.886497497559 0.069731146097183
535 73.215301513672 73.155616760254 0.059683982282877
536 80.41877746582 80.358612060547 0.060165099799633
537 88.74836730957 88.692276000977 0.056093793362379
538 98.407485961914 98.350830078125 0.056654620915651
539 109.74011993408 109.66892242432 0.071195259690285
540 123.14659881592 123.08351898193 0.063076436519623
541 139.19107055664 139.13305664063 0.058015525341034
542 158.61337280273 158.55741882324 0.055949445813894
543 182.45097351074 182.39378356934 0.057183127850294
544 212.19966125488 212.13960266113 0.060065478086472
545 250.13845825195 250.03028869629 0.10817494988441
546 299.45770263672 299.40036010742 0.057336002588272
547 364.23406982422 364.17755126953 0.056529670953751
548 447.21801757812 447.16046142578 0.057556115090847
549 550.6376953125 550.55560302734 0.082105547189713
550 701.38397216797 701.31939697266 0.064558580517769
551 928.91595458984 928.50042724609 0.41557046771049
552 1.2831900634766E+03 1.2831179199219E+03 0.072171181440353
553 1.8651690673828E+03 1.8651009521484E+03 0.068031348288059
554 2.8846147460937E+03 2.8845554199219E+03 0.059426415711641
555 4.748744140625E+03 4.7486860351562E+03 0.058257628232241
556 7.9274916992188E+03 7.9274340820313E+03 0.05786132439971
557 1.0642665039062E+04 1.0642604492187E+04 0.061223905533552
558 7.5103784179687E+03 7.51031640625E+03 0.061547104269266
559 4.5083486328125E+03 4.5082846679688E+03 0.063939772546291
560 2.775912109375E+03 2.7758449707031E+03 0.067079678177834
561 1.8202736816406E+03 1.8202139892578E+03 0.05959291011095
562 1.2671755371094E+03 1.2671165771484E+03 0.059007745236158
563 926.67211914062 926.61108398437 0.060991823673248
564 704.91119384766 704.84783935547 0.063390582799911
565 553.45587158203 553.38397216797 0.071891032159328
566 445.90478515625 445.76708984375 0.13768655061722
567 366.91082763672 366.75042724609 0.16040572524071
568 307.18930053711 307.11364746094 0.075662240386009
569 261.1139831543 261.0426940918 0.071294844150543
570 224.89326477051 224.73608398438 0.15717667341232
571 196.59698486328 195.62884521484 0.96815037727356
572 172.0142364502 171.94215393066 0.072082571685314
573 152.52087402344 152.4123840332 0.10849894583225
574 136.09046936035 136.01919555664 0.071270801126957
575 122.36961364746 122.29851531982 0.071101762354374
576 110.70989990234 110.62936401367 0.080535173416138
577 100.70896148682 100.62298583984 0.085976995527744
578 92.052757263184 91.977676391602 0.07508085668087
579 84.522636413574 84.455696105957 0.066942781209946
580 77.936401367188 77.872276306152 0.06412835419178
581 72.145454406738 72.077819824219 0.067636519670486
582 67.080810546875 66.936088562012 0.14472453296185
583 62.458511352539 62.379535675049 0.078974388539791
584 58.377571105957 58.311084747314 0.066485092043877
585 54.726665496826 54.663734436035 0.06293011456728
586 51.443454742432 51.381679534912 0.061777133494616
587 48.480236053467 48.418109893799 0.06212617084384
588 45.796188354492 45.733592987061 0.062596797943115
589 43.362129211426 43.294696807861 0.067429333925247
590 41.143974304199 41.072986602783 0.070985905826092
591 39.192764282227 39.04419708252 0.14856907725334
592 37.260097503662 37.187675476074 0.072423011064529
593 35.565536499023 35.486164093018 0.079372987151146
594 33.994651794434 33.925659179688 0.068992041051388
595 32.666969299316 32.487930297852 0.17903673648834
596 31.216215133667 31.149005889893 0.067210473120213
597 29.985052108765 29.919912338257 0.065138570964336
598 28.851749420166 28.786991119385 0.064757831394672
599 27.80751991272 27.741405487061 0.066114492714405
600 26.84627532959 26.776277542114 0.069997861981392
