1 3.812178503722E-03 5.4156294027052E-06 3.8067628629506E-03
2 4.1008125990629E-03 2.1767657017335E-05 4.0790447965264E-03
3 4.2087598703802E-03 4.9417016271036E-05 4.1593429632485E-03
4 4.3065953068435E-03 8.9160792413168E-05 4.2174346745014E-03
5 4.4196154922247E-03 1.4243340410758E-04 4.277182277292E-03
6 4.5535182580352E-03 2.0864173711743E-04 4.3448763899505E-03
7 4.7090328298509E-03 2.8603133978322E-04 4.423001781106E-03
8 4.8926742747426E-03 3.7958094617352E-04 4.5130932703614E-03
9 5.1122386939824E-03 4.9274467164651E-04 4.6194940805435E-03
10 5.3692106157541E-03 6.2956055626273E-04 4.7396500594914E-03
11 5.6855175644159E-03 7.9620297765359E-04 4.8893145285547E-03
12 6.0106362216175E-03 1.002874225378E-03 5.0077619962394E-03
13 6.4328219741583E-03 1.2641701614484E-03 5.1686521619558E-03
14 6.9503271952271E-03 1.6022697091103E-03 5.3480579517782E-03
15 7.6170787215233E-03 2.0582368597388E-03 5.5588418617845E-03
16 8.4824999794364E-03 2.7118143625557E-03 5.7706851512194E-03
17 9.7112823277712E-03 3.7103730719537E-03 6.0009090229869E-03
18 0.011624071747065 5.3580366075039E-03 6.2660351395607E-03
19 0.014886558055878 8.3330636844039E-03 6.5534953027964E-03
20 0.021091550588608 0.014223225414753 6.8683256395161E-03
21 0.033510606735945 0.026296835392714 7.2137699462473E-03
22 0.052100244909525 0.044507306069136 7.5929365120828E-03
23 0.047979719936848 0.039968304336071 8.0114156007767E-03
24 0.034399677067995 0.025924975052476 8.4747020155191E-03
25 0.026398360729218 0.017422869801521 8.9754918590188E-03
26 0.02241550013423 0.012894589453936 9.5209116116166E-03
27 0.020530378445983 0.010404956527054 0.010125421918929
28 0.019771046936512 8.9712189510465E-03 0.010799827985466
29 0.019783286377788 8.1226266920567E-03 0.011660658754408
30 0.020236220210791 7.6219420880079E-03 0.012614278122783
31 0.02064354531467 7.3415888473392E-03 0.01330195646733
32 0.021518096327782 7.2086527943611E-03 0.014309443533421
33 0.02263749577105 7.1791848167777E-03 0.015458310954273
34 0.023903712630272 7.2254580445588E-03 0.016678255051374
35 0.025469727814198 7.3292874731123E-03 0.018140440806746
36 0.02687250263989 7.478934712708E-03 0.019393566995859
37 0.028648488223553 7.6646371744573E-03 0.020983852446079
38 0.030698325484991 7.8813545405865E-03 0.022816970944405
39 0.033342260867357 8.123530074954E-03 0.025218730792403
40 0.036709602922201 8.3883805200458E-03 0.028321223333478
41 0.040378160774708 8.673207834363E-03 0.03170495480299
42 0.046182602643967 8.9761260896921E-03 0.03720647841692
43 0.051572717726231 9.2956060543656E-03 0.042277112603188
44 0.058385841548443 9.6302004531026E-03 0.048755642026663
45 0.066322691738605 9.9794296547771E-03 0.056343261152506
46 0.076235972344875 0.010342276655138 0.065893694758415
47 0.088863871991634 0.010718116536736 0.078145757317543
48 0.10547273606062 0.011106436140835 0.094366297125816
49 0.12819214165211 0.011506819166243 0.11668532341719
50 0.16152188181877 0.01191892195493 0.14960296452045
51 0.21884216368198 0.012342465110123 0.20649971067905
52 0.34608125686646 0.012777222320437 0.33330404758453
53 0.68619972467422 0.013223011046648 0.67297667264938
54 1.6225235462189 0.013679695315659 1.6088439226151
55 3.8341724872589 0.014147178269923 3.8200254440308
56 8.873649597168 0.014625406824052 8.8590240478516
57 18.419816970825 0.015114384703338 18.404703140259
58 18.529500961304 0.01561425998807 18.513885498047
59 22.722702026367 0.01612507738173 22.706577301025
60 23.627571105957 0.016647247597575 23.61092376709
61 24.292213439941 0.017181422561407 24.275032043457
62 21.623867034912 0.017728954553604 21.60613822937
63 24.102615356445 0.018291998654604 24.084323883057
64 6.9952611923218 0.018875680863857 6.9763851165771
65 2.8848631381989 0.019490918144584 2.8653721809387
66 1.1810302734375 0.02016076631844 1.1608694791794
67 0.54148852825165 0.020907692611217 0.52058082818985
68 0.31069964170456 0.021597724407911 0.2891018986702
69 0.21698419749737 0.02206252887845 0.19492165744305
70 0.16911569237709 0.022550893947482 0.14656479656696
71 0.13960011303425 0.023107184097171 0.11649292707443
72 0.11913146823645 0.023706424981356 0.0954250395298
73 0.10424015671015 0.024332143366337 0.079908013343811
74 0.093082405626774 0.024976719170809 0.068105690181255
75 0.084580257534981 0.025635978206992 0.058944281190634
76 0.07805398106575 0.026308020576835 0.051745962351561
77 0.072766460478306 0.026992237195373 0.045774225145578
78 0.068273231387138 0.027687819674611 0.040585409849882
79 0.065103888511658 0.028394443914294 0.036709446460009
80 0.062050264328718 0.029111918061972 0.032938342541456
81 0.059871532022953 0.02984013967216 0.030031390488148
82 0.058095831423998 0.030579056590796 0.027516776695848
83 0.056705232709646 0.031328652054071 0.025376580655575
84 0.055622674524784 0.032088931649923 0.023533741012216
85 0.05480308458209 0.032859932631254 0.021943150088191
86 0.053962476551533 0.033641692250967 0.020320780575275
87 0.053588677197695 0.034434277564287 0.019154399633408
88 0.053382247686386 0.035237770527601 0.01814447529614
89 0.053330570459366 0.036052260547876 0.017278309911489
90 0.053420290350914 0.036877885460854 0.01654240489006
91 0.05364728346467 0.037714835256338 0.015932446345687
92 0.054000165313482 0.038563441485167 0.015436724759638
93 0.05454970896244 0.039424315094948 0.015125392004848
94 0.055351655930281 0.040298908948898 0.015052745118737
95 0.055819552391768 0.041191153228283 0.014628400094807
96 0.05755689740181 0.042109809815884 0.015447084791958
97 0.057570043951273 0.043030187487602 0.014539855532348
98 0.058492802083492 0.043913070112467 0.014579731039703
99 0.059701148420572 0.044824425131083 0.014876725152135
100 0.061157431453466 0.045768078416586 0.015389352105558
101 0.061063710600138 0.046717584133148 0.014346129260957
102 0.063098974525928 0.047681089490652 0.015417884103954
103 0.064810365438461 0.048657957464457 0.016152411699295
104 0.067278780043125 0.049648027867079 0.017630748450756
105 0.069903381168842 0.050651360303164 0.019252024590969
106 0.07313160598278 0.051668103784323 0.021463505923748
107 0.077005326747894 0.052698504179716 0.024306822568178
108 0.081754095852375 0.053742833435535 0.028011258691549
109 0.087837353348732 0.054801449179649 0.033035904169083
110 0.095792405307293 0.055874779820442 0.039917625486851
111 0.10997740924358 0.056963380426168 0.053014028817415
112 0.12009597569704 0.058067999780178 0.062027972191572
113 0.14189627766609 0.059189703315496 0.082706578075886
114 0.17769956588745 0.060330174863338 0.11736939102411
115 0.24602165818214 0.061492267996073 0.18452939391136
116 0.3816856443882 0.062681384384632 0.31900426745415
117 0.75720351934433 0.063908532261848 0.69329500198364
118 2.2767581939697 0.065196484327316 2.2115619182587
119 5.4291434288025 0.06657724827528 5.3625659942627
120 1.2336844205856 0.067974731326103 1.1657096147537
121 0.52667117118835 0.069098420441151 0.45757278800011
122 0.30848702788353 0.070191934704781 0.23829509317875
123 0.21809153258801 0.071377851068974 0.14671367406845
124 0.18380002677441 0.072631910443306 0.1111681163311
125 0.14915402233601 0.073931403458118 0.075222611427307
126 0.13225018978119 0.075265310704708 0.056984875351191
127 0.1219108402729 0.076629467308521 0.045281376689672
128 0.1161220446229 0.078021883964539 0.03810016065836
129 0.11128600686789 0.079442210495472 0.031843792647123
130 0.10840785503387 0.080890692770481 0.027517164126039
131 0.10716310888529 0.082368530333042 0.024794572964311
132 0.10575413703918 0.083876736462116 0.021877398714423
133 0.10537521541119 0.08541676402092 0.019958447664976
134 0.10524344444275 0.08699031919241 0.018253123387694
135 0.10556250065565 0.088599339127541 0.016963163390756
136 0.10625723004341 0.090246006846428 0.016011223196983
137 0.1082895770669 0.091932781040668 0.016356790438294
138 0.10782667249441 0.093662410974503 0.014164258725941
139 0.10899555683136 0.095437981188297 0.013557576574385
140 0.11038657277822 0.09726294875145 0.013123625889421
141 0.11223197728395 0.099141195416451 0.013090784661472
142 0.12117774039507 0.10107709467411 0.020100645720959
143 0.1159053593874 0.10307558625937 0.012829774059355
144 0.11708367615938 0.10514218360186 0.011941488832235
145 0.12461394071579 0.10728335380554 0.017330585047603
146 0.12066964060068 0.10950624197721 0.011163395829499
147 0.12273047864437 0.11181907355785 0.010911403223872
148 0.12514972686768 0.11423128843307 0.010918435640633
149 0.1284404695034 0.11675371974707 0.01168674044311
150 0.13026255369186 0.11939574033022 0.010866807773709
151 0.13330721855164 0.12217833101749 0.011128883808851
152 0.13547118008137 0.12511505186558 0.010356138460338
153 0.13857826590538 0.12822565436363 0.010352618992329
154 0.14697180688381 0.1315333545208 0.015438458882272
155 0.14515689015388 0.13506557047367 0.010091315954924
156 0.14907693862915 0.13885489106178 0.010222049430013
157 0.1527457088232 0.14294022321701 9.8054828122258E-03
158 0.15708868205547 0.14736838638783 9.7202872857451E-03
159 0.16188964247704 0.15219603478909 9.6935983747244E-03
160 0.16715408861637 0.15749228000641 9.6618020907044E-03
161 0.17299011349678 0.16334207355976 9.6480315551162E-03
162 0.17955587804317 0.16985075175762 9.7051383927464E-03
163 0.18693095445633 0.17715008556843 9.780865162611E-03
164 0.19573177397251 0.18541279435158 0.010318982414901
165 0.21626104414463 0.19483980536461 0.021421240642667
166 0.21806442737579 0.20571267604828 0.012351743876934
167 0.22874772548676 0.21839280426502 0.010354932397604
168 0.24319645762444 0.23336121439934 9.8352506756783E-03
169 0.26099526882172 0.25126874446869 9.7265467047691E-03
170 0.28274688124657 0.27301278710365 9.7341034561396E-03
171 0.30968937277794 0.29985663294792 9.8327305167913E-03
172 0.34346833825111 0.33362138271332 9.8469741642475E-03
173 0.38710278272629 0.37700423598289 0.010098541155457
174 0.44438752532005 0.43412643671036 0.010261075571179
175 0.52346301078796 0.51151591539383 0.011947102844715
176 0.631442964077 0.61995482444763 0.011488155461848
177 0.78855186700821 0.77814155817032 0.010410289280117
178 1.0304321050644 1.0203773975372 0.010054729878902
179 1.423663020134 1.413635969162 0.010027043521404
180 2.1080417633057 2.096795797348 0.0112459436059
181 3.3744945526123 3.3644108772278 0.010083744302392
182 5.7483983039856 5.7381868362427 0.010211781598628
183 9.0810413360596 9.0704250335693 0.010616292245686
184 7.9762163162231 7.961953163147 0.014263335615396
185 4.8603701591492 4.8466286659241 0.013741562142968
186 2.9647920131683 2.9541893005371 0.010602723807096
187 1.9508365392685 1.9402883052826 0.010548246093094
188 1.3853535652161 1.3750249147415 0.010328580625355
189 1.0485503673553 1.0381643772125 0.010385979898274
190 0.83507597446442 0.82463419437408 0.010441796854138
191 0.69275784492493 0.68221133947372 0.010546530596912
192 0.59414637088776 0.58340698480606 0.010739343240857
193 0.5248566865921 0.51303094625473 0.011825693771243
194 0.47299179434776 0.46143600344658 0.01155580766499
195 0.43505826592445 0.4196802675724 0.015377985313535
196 0.40010821819305 0.38730522990227 0.01280299667269
197 0.37371358275414 0.36239156126976 0.011322037316859
198 0.35406744480133 0.34300008416176 0.011067349463701
199 0.33954280614853 0.32791364192963 0.011629150249064
200 0.32838782668114 0.31652197241783 0.01186584122479
201 0.32304102182388 0.3089143037796 0.014126709662378
202 0.31785461306572 0.3062878549099 0.011566764675081
203 0.32088667154312 0.30946299433708 0.011423652991652
204 0.31315714120865 0.30195799469948 0.011199150234461
205 0.29897838830948 0.28764778375626 0.011330598965287
206 0.29183310270309 0.27853843569756 0.013294656760991
207 0.28461933135986 0.27282878756523 0.01179052144289
208 0.28189763426781 0.26895940303802 0.01293823774904
209 0.28121671080589 0.2662113904953 0.01500532310456
210 0.27655357122421 0.26414200663567 0.012411558069289
211 0.27720746397972 0.26265469193459 0.014552774839103
212 0.27348095178604 0.2616254389286 0.01185552123934
213 0.27289122343063 0.2609666287899 0.011924612335861
214 0.27304455637932 0.26061797142029 0.012426603585482
215 0.29372620582581 0.2605354487896 0.033190775662661
216 0.27295917272568 0.26068490743637 0.01227427367121
217 0.27314999699593 0.26103892922401 0.012111066840589
218 0.27385699748993 0.26157495379448 0.012282054871321
219 0.27442926168442 0.26227411627769 0.012155130505562
220 0.27533131837845 0.26312053203583 0.012210794724524
221 0.27642795443535 0.26410058140755 0.012327367439866
222 0.27767300605774 0.26520785689354 0.012465158477426
223 0.27910274267197 0.26642179489136 0.012680954299867
224 0.28061154484749 0.26755979657173 0.013051744550467
225 0.28307047486305 0.26898717880249 0.014083312824368
226 0.29500302672386 0.27050167322159 0.024501368403435
227 0.28661867976189 0.27209794521332 0.014520742930472
228 0.28749677538872 0.27377161383629 0.013725148513913
229 0.28982305526733 0.27551963925362 0.014303421601653
230 0.29242712259293 0.27734160423279 0.015085503458977
231 0.3025566637516 0.27924525737762 0.023311417549849
232 0.29811415076256 0.28126487135887 0.016849279403687
233 0.30335608124733 0.28337895870209 0.019977128133178
234 0.33338260650635 0.28531450033188 0.048068109899759
235 0.30992525815964 0.28734096884727 0.022584307938814
236 0.31114348769188 0.28946727514267 0.021676195785403
237 0.33373442292213 0.29165890812874 0.042075507342815
238 0.31175550818443 0.29390454292297 0.017850963398814
239 0.35007527470589 0.29619953036308 0.053875736892223
240 0.31461530923843 0.2985412478447 0.016074046492577
241 0.31710064411163 0.30092832446098 0.016172321513295
242 0.32894909381866 0.30335932970047 0.025589779019356
243 0.33001860976219 0.30583333969116 0.024185284972191
244 0.32941424846649 0.30834957957268 0.021064665168524
245 0.32664874196053 0.31090730428696 0.01574144884944
246 0.32876178622246 0.31350600719452 0.015255785547197
247 0.33299401402473 0.31614524126053 0.016848793253303
248 0.35509070754051 0.31882464885712 0.036266051232815
249 0.34343293309212 0.32154402136803 0.021888894960284
250 0.35027623176575 0.324303150177 0.025973094627261
251 0.34762641787529 0.32710194587708 0.02052447758615
252 0.34601804614067 0.3299403488636 0.016077686101198
253 0.34831741452217 0.33281844854355 0.015498954802752
254 0.35099130868912 0.33573636412621 0.015254960395396
255 0.35391190648079 0.33869424462318 0.015217679552734
256 0.35699677467346 0.34169235825539 0.015304429456592
257 0.36061263084412 0.34473103284836 0.015881605446339
258 0.36805173754692 0.34781062602997 0.020241102203727
259 0.37661263346672 0.35093167424202 0.025680981576443
260 0.37040248513222 0.35409462451935 0.016307853162289
261 0.37349164485931 0.35730013251305 0.016191525384784
262 0.3775327205658 0.36054837703705 0.016984347254038
263 0.38872864842415 0.36384108662605 0.024887569248676
264 0.38799831271172 0.36719000339508 0.020808320492506
265 0.39474523067474 0.37057334184647 0.024171881377697
266 0.39105585217476 0.37400344014168 0.0170524045825
267 0.40225806832314 0.37748143076897 0.024776626378298
268 0.39843353629112 0.38100928068161 0.017424257472157
269 0.40126061439514 0.38458690047264 0.016673700883985
270 0.40488743782043 0.38821652531624 0.016670886427164
271 0.40960308909416 0.39190006256104 0.017703022807837
272 0.41401275992393 0.39564049243927 0.018372258171439
273 0.46716016530991 0.39944216609001 0.067717991769314
274 0.42449283599854 0.40329194068909 0.021200919523835
275 0.42828619480133 0.40720388293266 0.021082310006022
276 0.43266704678535 0.41118258237839 0.021484479308128
277 0.44542670249939 0.41522851586342 0.03019817173481
278 0.43769979476929 0.4193442761898 0.018355494365096
279 0.4425462782383 0.42353302240372 0.01901326328516
280 0.44614696502686 0.42779830098152 0.018348665907979
281 0.45291036367416 0.43214404582977 0.02076630666852
282 0.4545955657959 0.43657365441322 0.01802191324532
283 0.46247950196266 0.44109413027763 0.021385379135609
284 0.46427720785141 0.4457098543644 0.018567366525531
285 0.47051623463631 0.45042687654495 0.020089339464903
286 0.52282863855362 0.45525380969048 0.067574813961983
287 0.48388120532036 0.46019479632378 0.023686395958066
288 0.48665285110474 0.46526017785072 0.021392690017819
289 0.57050043344498 0.47045969963074 0.10004077106714
290 0.49577474594116 0.47580450773239 0.019970221444964
291 0.5074707865715 0.48130747675896 0.026163298636675
292 0.50671863555908 0.48698380589485 0.019734801724553
293 0.52518159151077 0.49285286664963 0.032328758388758
294 0.51930350065231 0.49895256757736 0.020350906997919
295 0.52496695518494 0.50528877973557 0.019678192213178
296 0.53166019916534 0.51180183887482 0.019858364015818
297 0.54019230604172 0.5186265707016 0.021565737202764
298 0.55209910869598 0.52579241991043 0.026306657120585
299 0.55985742807388 0.53332275152206 0.026534711942077
300 0.56600201129913 0.54124742746353 0.024754570797086
301 0.58159226179123 0.54965901374817 0.031933270394802
302 0.59049016237259 0.55867177248001 0.031818423420191
303 0.60916185379028 0.56828302145004 0.040878817439079
304 0.60043299198151 0.57865089178085 0.021782102063298
305 0.61061316728592 0.58991670608521 0.020696440711617
306 0.62229156494141 0.602259516716 0.020032031461596
307 0.63603222370148 0.61590838432312 0.020123852416873
308 0.65143340826035 0.63116014003754 0.020273312926292
309 0.66913104057312 0.64840531349182 0.020725760608912
310 0.69907426834106 0.66816604137421 0.030908217653632
311 0.71213096380234 0.69115328788757 0.020977675914764
312 0.73920947313309 0.71835541725159 0.020854050293565
313 0.77239584922791 0.75117951631546 0.02121633477509
314 0.81356060504913 0.79168510437012 0.02187548391521
315 0.86737310886383 0.84298557043076 0.024387529119849
316 0.94700366258621 0.90998047590256 0.037023164331913
317 1.0302187204361 1.0007569789886 0.029461767524481
318 1.1522821187973 1.1295359134674 0.02274621091783
319 1.3469170331955 1.3232774734497 0.023639583960176
320 1.6632205247879 1.6356091499329 0.027611287310719
321 2.1667323112488 2.143693447113 0.023038925603032
322 2.9027800559998 2.8804819583893 0.02229799516499
323 4.3292641639709 4.3065252304077 0.022738721221685
324 7.1926965713501 7.1691408157349 0.023555664345622
325 10.936700820923 10.911598205566 0.025102201849222
326 8.4865303039551 8.4554452896118 0.031084954738617
327 5.1565279960632 5.0653839111328 0.091143898665905
328 3.2605583667755 3.2330319881439 0.027526373043656
329 2.3229329586029 2.2983677387238 0.024565240368247
330 1.8132281303406 1.7897862195969 0.023441933095455
331 1.5162088871002 1.4919755458832 0.024233277887106
332 1.3351316452026 1.3066903352737 0.028441295027733
333 1.2383170127869 1.1860427856445 0.052274122834206
334 1.1302086114883 1.1049779653549 0.025230698287487
335 1.0768597126007 1.0495785474777 0.027281180024147
336 1.0357930660248 1.0114986896515 0.024294355884194
337 1.0087181329727 0.98462027311325 0.024097871035337
338 0.99018466472626 0.96607166528702 0.024112965911627
339 0.97868329286575 0.9543736577034 0.02430964820087
340 0.97258776426315 0.94800853729248 0.024579228833318
341 0.97075366973877 0.94583129882813 0.024922359734774
342 0.9727309346199 0.94695049524307 0.025780415162444
343 0.98465424776077 0.95117437839508 0.033479861915112
344 0.98544734716415 0.95798325538635 0.027464088052511
345 1.0004748106003 0.96714067459106 0.033334154635668
346 1.0067383050919 0.97850692272186 0.028231348842382
347 1.0192537307739 0.99201363325119 0.027240078896284
348 1.034919500351 1.007652759552 0.027266712859273
349 1.0534924268723 1.0254719257355 0.028020590543747
350 1.0752812623978 1.0455712080002 0.029710037633777
351 1.1022230386734 1.0681041479111 0.034118808805943
352 1.1445367336273 1.0932807922363 0.051255870610476
353 1.1750972270966 1.1213742494583 0.053723067045212
354 1.1851617097855 1.152716755867 0.032444998621941
355 1.2830575704575 1.1877672672272 0.09529036283493
356 1.2598087787628 1.2270478010178 0.032760966569185
357 1.3083457946777 1.2712236642838 0.037122152745724
358 1.3763061761856 1.3211222887039 0.055183943361044
359 1.4765628576279 1.3777776956558 0.098785206675529
360 1.4840115308762 1.4424915313721 0.04152000695467
361 1.5573488473892 1.5169153213501 0.040433533489704
362 1.6467915773392 1.6031668186188 0.043624710291624
363 1.7565470933914 1.7039920091629 0.052555043250322
364 1.8971256017685 1.8229991197586 0.074126459658146
365 2.0517916679382 1.96499979496 0.086791798472404
366 2.2541708946228 2.1365127563477 0.11765799671412
367 2.5909616947174 2.3465645313263 0.24439708888531
368 3.3447141647339 2.6078748703003 0.73683929443359
369 3.6850311756134 2.9388513565063 0.74617993831635
370 3.5976502895355 3.3668751716614 0.2307750582695
371 4.1416440010071 3.9340152740479 0.20762848854065
372 4.7856593132019 4.7073874473572 0.0782720297575
373 5.859414100647 5.7988991737366 0.060515116900206
374 7.4580745697021 7.405092716217 0.052981667220592
375 9.9688472747803 9.8928241729736 0.076022297143936
376 14.051694869995 13.996026039124 0.055669035762548
377 21.342964172363 21.290496826172 0.052468772977591
378 35.344055175781 35.286441802979 0.057614803314209
379 62.594715118408 62.548992156982 0.045724637806416
380 99.81192779541 99.775375366211 0.036555528640747
381 78.478569030762 78.443046569824 0.035519581288099
382 44.96142578125 44.926303863525 0.035122763365507
383 26.568195343018 26.533475875854 0.034718845039606
384 17.126890182495 17.092157363892 0.034733142703772
385 11.967041969299 11.931964874268 0.035077445209026
386 8.9214935302734 8.8852977752686 0.036195889115334
387 7.0103096961975 6.9538159370422 0.056493826210499
388 5.7153906822205 5.6783776283264 0.037013173103333
389 4.8541760444641 4.8180046081543 0.036171555519104
390 4.2704854011536 4.2343587875366 0.036126296967268
391 3.7978174686432 3.7605037689209 0.037313718348742
392 3.3711278438568 3.3283677101135 0.04276018217206
393 3.0518186092377 2.9992308616638 0.052587818354368
394 2.7906174659729 2.751275062561 0.039342608302832
395 2.609570980072 2.5598237514496 0.049747213721275
396 2.451922416687 2.4082427024841 0.043679729104042
397 2.3630137443542 2.2872016429901 0.07581203430891
398 2.2321093082428 2.189154624939 0.042954843491316
399 2.155148267746 2.1092360019684 0.04591216519475
400 2.1372482776642 2.0438957214355 0.093352548778057
401 2.0796775817871 1.9904738664627 0.089203648269176
402 2.0554382801056 1.9469423294067 0.10849602520466
403 1.9814418554306 1.9117293357849 0.069712519645691
404 1.9374505281448 1.8836040496826 0.053846515715122
405 1.9128487110138 1.8615933656693 0.051255352795124
406 1.8963044881821 1.8449244499207 0.05137998983264
407 1.8879172801971 1.8329812288284 0.054935969412327
408 1.9026589393616 1.8252903223038 0.077368699014187
409 1.8866057395935 1.8214302062988 0.065175548195839
410 1.8820538520813 1.8194136619568 0.062640279531479
411 1.8893358707428 1.8225629329681 0.066772915422916
412 1.9022411108017 1.8288346529007 0.073406487703323
413 1.968371629715 1.8381189107895 0.13025268912315
414 1.9822301864624 1.8503568172455 0.13187336921692
415 1.9759978055954 1.8655387163162 0.11045905947685
416 2.0018799304962 1.88356757164 0.11831237375736
417 2.0455884933472 1.9048135280609 0.14077493548393
418 2.1031455993652 1.9292769432068 0.17386867105961
419 2.1838150024414 1.957164645195 0.22665022313595
420 2.3041489124298 1.9887264966965 0.3154225051403
421 2.5030825138092 2.0243844985962 0.47869816422462
422 2.8802955150604 2.0645778179169 0.81571763753891
423 3.8344283103943 2.1099128723145 1.7245154380798
424 7.3629441261292 2.1611862182617 5.2017579078674
425 15.207825660706 2.2192990779877 12.988526344299
426 5.2291398048401 2.2854690551758 2.9436709880829
427 3.5726125240326 2.3615429401398 1.2110694646835
428 3.0940723419189 2.4497587680817 0.64431363344193
429 2.9818735122681 2.5532367229462 0.4286367893219
430 2.9718627929688 2.6764261722565 0.29543653130531
431 3.0426630973816 2.8259055614471 0.21675750613213
432 3.1794934272766 3.0119566917419 0.16753666102886
433 3.3901250362396 3.2517037391663 0.13842134177685
434 3.6950836181641 3.5765616893768 0.11852208524942
435 4.1559176445007 4.0516266822815 0.10429130494595
436 4.9285273551941 4.8336443901062 0.094882674515247
437 6.3978962898254 6.2995162010193 0.098380111157894
438 8.8892621994019 8.8017749786377 0.087487772107124
439 12.902381896973 12.824812889099 0.077569045126438
440 11.098495483398 11.024396896362 0.074099361896515
441 9.6924018859863 9.5899591445923 0.10244213789701
442 10.6459608078 10.533165931702 0.11279497295618
443 13.411790847778 13.346039772034 0.065750479698181
444 16.887496948242 16.827302932739 0.060194790363312
445 24.366401672363 24.300970077515 0.065430887043476
446 40.314510345459 40.238376617432 0.076130695641041
447 72.854484558105 72.793876647949 0.060608699917793
448 109.81391906738 109.75405883789 0.059859413653612
449 73.59545135498 73.467399597168 0.12805433571339
450 40.861106872559 40.805297851562 0.055810160934925
451 24.575674057007 24.519151687622 0.056522868573666
452 16.444728851318 16.379873275757 0.06485553830862
453 12.009650230408 11.952978134155 0.056672129780054
454 9.3945055007935 9.3411054611206 0.053400047123432
455 7.7503099441528 7.6960983276367 0.054211642593145
456 6.6588473320007 6.6068735122681 0.051973976194859
457 5.9258708953857 5.8582773208618 0.067593574523926
458 5.3855361938477 5.3301167488098 0.055419269949198
459 5.0030765533447 4.9516110420227 0.051465138792992
460 4.7328066825867 4.680260181427 0.052546571940184
461 4.5444760322571 4.4874629974365 0.057013064622879
462 4.4258532524109 4.3571181297302 0.068735219538212
463 4.388331413269 4.2776741981506 0.11065702885389
464 4.3270859718323 4.2421717643738 0.08491413295269
465 4.3137640953064 4.2554187774658 0.058345280587673
466 4.3924312591553 4.3279647827148 0.064466297626495
467 4.5672836303711 4.4858427047729 0.081441126763821
468 4.8897151947021 4.7938084602356 0.095906510949135
469 5.5358624458313 5.4192161560059 0.11664628982544
470 6.8133449554443 6.735285282135 0.078060030937195
471 8.6476631164551 8.2827682495117 0.36489561200142
472 8.1409683227539 8.0706787109375 0.070289708673954
473 9.7566518783569 9.5967569351196 0.15989477932453
474 14.213525772095 14.145085334778 0.068440973758698
475 16.301729202271 16.230030059814 0.071699902415276
476 11.034976005554 10.694410324097 0.34056550264359
477 7.6494874954224 7.5581150054932 0.091372668743134
478 6.251847743988 6.1673460006714 0.084502004086971
479 5.6124205589294 5.5177216529846 0.094698905944824
480 5.3596715927124 5.2006502151489 0.15902145206928
481 5.255989074707 5.0529804229736 0.20300869643688
482 5.1697282791138 5.0047392845154 0.16498890519142
483 5.2254900932312 5.0260934829712 0.19939659535885
484 5.4042229652405 5.1114554405212 0.29276740550995
485 5.7976112365723 5.2739768028259 0.52363431453705
486 6.8188452720642 5.568591594696 1.250254034996
487 11.546895027161 6.1253213882446 5.421573638916
488 9.349910736084 7.0453238487244 2.3045871257782
489 7.9232144355774 7.1389832496643 0.78423154354095
490 6.8154015541077 6.4257125854492 0.38968858122826
491 6.3108615875244 6.0691251754761 0.24173630774021
492 6.1379842758179 5.9651374816895 0.17284701764584
493 6.115701675415 5.9823198318481 0.1333821117878
494 6.172776222229 6.0616064071655 0.11116939038038
495 6.276834487915 6.17760181427 0.099233016371727
496 6.4423265457153 6.3187880516052 0.12353830784559
497 6.6180987358093 6.4797945022583 0.13830465078354
498 6.742796421051 6.658374786377 0.084421463310719
499 6.9492988586426 6.8536729812622 0.095625475049019
500 7.1406931877136 7.0676507949829 0.073042392730713
501 7.3778395652771 7.3067960739136 0.071043536067009
502 7.6667833328247 7.592700958252 0.074082471430302
503 8.0603475570679 7.9922943115234 0.068052895367146
504 8.3687057495117 8.306902885437 0.061802729964256
505 8.5109281539917 8.4475898742676 0.063338108360767
506 8.7238607406616 8.6636343002319 0.060226384550333
507 9.0239486694336 8.9563331604004 0.067615129053593
508 9.4017667770386 9.2881784439087 0.11358850449324
509 9.728611946106 9.6443023681641 0.08431002497673
510 10.087338447571 10.029582023621 0.057756081223488
511 10.499585151672 10.444221496582 0.05536375194788
512 10.945086479187 10.890445709229 0.054640650749207
513 11.422429084778 11.368230819702 0.054198250174522
514 11.936760902405 11.881685256958 0.055075611919165
515 12.562793731689 12.434073448181 0.12872087955475
516 13.086073875427 13.029341697693 0.056732445955276
517 13.740390777588 13.670143127441 0.070248208940029
518 14.424949645996 14.363739967346 0.061209205538034
519 15.179749488831 15.117859840393 0.061889089643955
520 16.116865158081 15.941677093506 0.17518930137157
521 16.883176803589 16.813436508179 0.069739557802677
522 17.966751098633 17.764556884766 0.20219387114048
523 18.920904159546 18.808393478394 0.11250987648964
524 20.018119812012 19.952573776245 0.065546117722988
525 21.267023086548 21.208999633789 0.058023247867823
526 22.646854400635 22.589275360107 0.057578448206186
527 24.178028106689 24.112461090088 0.065567225217819
528 25.857793807983 25.798736572266 0.059057638049126
529 27.729944229126 27.671546936035 0.05839654058218
530 29.817495346069 29.759260177612 0.058235958218575
531 32.162044525146 32.09672164917 0.065325208008289
532 34.775115966797 34.721004486084 0.054113291203976
533 37.734756469727 37.679473876953 0.055282492190599
534 41.311611175537 41.241882324219 0.069731146097183
535 45.167072296143 45.107387542725 0.059683982282877
536 49.60888671875 49.548721313477 0.060165099799633
537 54.743309020996 54.687213897705 0.056093793362379
538 60.699283599854 60.642631530762 0.056654620915651
539 67.692504882812 67.621307373047 0.071195259690285
540 75.955757141113 75.892684936523 0.063076436519623
541 85.846755981445 85.78874206543 0.058015525341034
542 97.821662902832 97.765716552734 0.055949445813894
543 112.52027893066 112.46309661865 0.057183127850294
544 130.86428833008 130.80421447754 0.060065478086472
545 154.27560424805 154.16743469238 0.10817494988441
546 184.66610717773 184.60877990723 0.057336002588272
547 224.6065826416 224.55004882812 0.056529670953751
548 275.77444458008 275.71688842773 0.057556115090847
549 339.55194091797 339.46984863281 0.082105547189713
550 432.49459838867 432.43005371094 0.064558580517769
551 572.92431640625 572.50872802734 0.41557046771049
552 791.23626708984 791.16412353516 0.072171181440353
553 1.1500799560547E+03 1.1500119628906E+03 0.068031348288059
554 1.7786618652344E+03 1.7786024169922E+03 0.059426415711641
555 2.92807421875E+03 2.9280158691406E+03 0.058257628232241
556 4.88807421875E+03 4.8880161132812E+03 0.05786132439971
557 6.5622377929687E+03 6.5621767578125E+03 0.061223905533552
558 4.6308852539062E+03 4.6308237304687E+03 0.061547104269266
559 2.779849609375E+03 2.7797858886719E+03 0.063939772546291
560 1.7116391601562E+03 1.7115721435547E+03 0.067079678177834
561 1.12239453125E+03 1.1223348388672E+03 0.05959291011095
562 781.35675048828 781.29772949219 0.059007745236158
563 571.40478515625 571.34375 0.060991823673248
564 434.66903686523 434.60565185547 0.063390582799911
565 341.28570556641 341.21380615234 0.071891032159328
566 274.99545288086 274.85775756836 0.13768655061722
567 226.296875 226.13647460937 0.16040572524071
568 189.44039916992 189.36473083496 0.075662240386009
569 161.02891540527 160.95761108398 0.071294844150543
570 138.72831726074 138.5711517334 0.15717667341232
571 121.59191894531 120.62376403809 0.96815037727356
572 106.09075164795 106.01866912842 0.072082571685314
573 94.08521270752 93.976715087891 0.10849894583225
574 83.940032958984 83.868759155273 0.071270801126957
575 75.479751586914 75.408653259277 0.071101762354374
576 68.294052124023 68.213516235352 0.080535173416138
577 62.129608154297 62.043632507324 0.085976995527744
578 56.788055419922 56.71297454834 0.07508085668087
579 52.141902923584 52.07495880127 0.066942781209946
580 48.079784393311 48.015655517578 0.06412835419178
581 44.510459899902 44.442825317383 0.067636519670486
582 41.417182922363 41.272457122803 0.14472453296185
583 38.541885375977 38.462909698486 0.078974388539791
584 36.020809173584 35.954322814941 0.066485092043877
585 33.768314361572 33.705387115479 0.06293011456728
586 31.743463516235 31.681686401367 0.061777133494616
587 29.91649055481 29.854364395142 0.06212617084384
588 28.261701583862 28.199104309082 0.062596797943115
589 26.762723922729 26.695295333862 0.067429333925247
590 25.396385192871 25.325399398804 0.070985905826092
591 24.223024368286 24.07445526123 0.14856907725334
592 23.002157211304 22.929735183716 0.072423011064529
593 21.959964752197 21.880590438843 0.079372987151146
594 20.987384796143 20.918392181396 0.068992041051388
595 20.210931777954 20.031896591187 0.17903673648834
596 19.273530960083 19.206321716309 0.067210473120213
597 18.513607025146 18.448469161987 0.065138570964336
598 17.814672470093 17.749914169312 0.064757831394672
599 17.171325683594 17.105211257935 0.066114492714405
600 16.580116271973 16.510118484497 0.069997861981392
